1.895379999999999927e+04 -5.297130000000000291e+04 1.681000000000000000e+03
2.068579999999999927e+04 -5.297130000000000291e+04 1.683230000000000018e+03
2.241783398437447977e+04 -5.297134765624960710e+04 1.636392784700943366e+03
2.414983398437447977e+04 -5.297134765624960710e+04 1.621971140121091594e+03
2.588183398437447977e+04 -5.297134765624960710e+04 1.628818588122056781e+03
2.761383398437447977e+04 -5.297134765624960710e+04 1.620000000000000000e+03
2.934583398437447977e+04 -5.297134765624960710e+04 1.621134233279303089e+03
3.107783398437447977e+04 -5.297134765624960710e+04 1.626053539572166073e+03
3.280983398437448341e+04 -5.297134765624960710e+04 1.617033558319830036e+03
3.454183398437448341e+04 -5.297134765624960710e+04 1.618033558319830718e+03
3.627383398437448341e+04 -5.297134765624960710e+04 1.618241398846209449e+03
3.800583398437448341e+04 -5.297134765624960710e+04 1.589000000000000000e+03
3.973783398437448341e+04 -5.297134765624960710e+04 1.601069711890211693e+03
1.895379999999999927e+04 -5.123930000000000291e+04 1.681390000000000100e+03
2.068579999999999927e+04 -5.123930000000000291e+04 1.682230000000000018e+03
2.241783398437447977e+04 -5.123934765624960710e+04 1.648679613190537566e+03
2.414983398437447977e+04 -5.123934765624960710e+04 1.620000000000000000e+03
2.588179999999999927e+04 -5.123930000000000291e+04 1.613789999999999964e+03
2.761383398437447977e+04 -5.123934765624960710e+04 1.598903275258683152e+03
2.934583398437447977e+04 -5.123934765624960710e+04 1.589000000000000000e+03
3.107783398437447977e+04 -5.123934765624960710e+04 1.593696996931313151e+03
3.280983398437448341e+04 -5.123934765624960710e+04 1.589000000000000000e+03
3.454183398437448341e+04 -5.123934765624960710e+04 1.589000000000000000e+03
3.627383398437448341e+04 -5.123934765624960710e+04 1.591818516349597530e+03
3.800583398437448341e+04 -5.123934765624960710e+04 1.587302183073508104e+03
3.973783398437448341e+04 -5.123934765624960710e+04 1.596263788592861602e+03
1.895379999999999927e+04 -4.950730000000000291e+04 1.707750000000000000e+03
2.068579999999999927e+04 -4.950730000000000291e+04 1.681230000000000018e+03
2.241779999999999927e+04 -4.950730000000000291e+04 1.643380000000000109e+03
2.414979999999999927e+04 -4.950730000000000291e+04 1.620000000000000000e+03
2.588183398437447977e+04 -4.950734765624960710e+04 1.624577045730927694e+03
2.761383398437447977e+04 -4.950734765624960710e+04 1.595178017819293018e+03
2.934583398437447977e+04 -4.950734765624960710e+04 1.610617682545822845e+03
3.107783398437447977e+04 -4.950734765624960710e+04 1.589000000000000000e+03
3.280983398437448341e+04 -4.950734765624960710e+04 1.589000000000000000e+03
3.454183398437448341e+04 -4.950734765624960710e+04 1.573086226599458314e+03
3.627383398437448341e+04 -4.950734765624960710e+04 1.575569001555713157e+03
3.800583398437448341e+04 -4.950734765624960710e+04 1.567712982493106438e+03
3.973783398437448341e+04 -4.950734765624960710e+04 1.589000000000000000e+03
1.895383398437447977e+04 -4.777534765624960710e+04 1.709420248661902633e+03
2.068583398437447977e+04 -4.777534765624960710e+04 1.681000000000000000e+03
2.241783398437447977e+04 -4.777534765624960710e+04 1.620392474874904565e+03
2.414983398437447977e+04 -4.777534765624960710e+04 1.620000000000000000e+03
2.588183398437447977e+04 -4.777534765624960710e+04 1.620000000000000000e+03
2.761383398437447977e+04 -4.777534765624960710e+04 1.643943100237381714e+03
2.934579999999999927e+04 -4.777530000000000291e+04 1.678609999999999900e+03
3.107783398437447977e+04 -4.777534765624960710e+04 1.619947331720359443e+03
3.280983398437448341e+04 -4.777534765624960710e+04 1.592324618292482000e+03
3.454183398437448341e+04 -4.777534765624960710e+04 1.562167929319068207e+03
3.627383398437448341e+04 -4.777534765624960710e+04 1.554000000000000000e+03
3.800583398437448341e+04 -4.777534765624960710e+04 1.559000000000000000e+03
3.973783398437448341e+04 -4.777534765624960710e+04 1.577947157159318976e+03
1.895383398437447977e+04 -4.604334765624960710e+04 1.701058093076273508e+03
2.068583398437447977e+04 -4.604334765624960710e+04 1.662012577204286572e+03
2.241783398437447977e+04 -4.604334765624960710e+04 1.620000000000000000e+03
2.414983398437447977e+04 -4.604334765624960710e+04 1.620000000000000000e+03
2.588183398437447977e+04 -4.604334765624960710e+04 1.606381185492957911e+03
2.761383398437447977e+04 -4.604334765624960710e+04 1.605803583602579920e+03
2.934583398437447977e+04 -4.604334765624960710e+04 1.658381185492956092e+03
3.107783398437447977e+04 -4.604334765624960710e+04 1.629858593838024490e+03
3.280983398437448341e+04 -4.604334765624960710e+04 1.595645243155464414e+03
3.454183398437448341e+04 -4.604334765624960710e+04 1.571105582892774692e+03
3.627383398437448341e+04 -4.604334765624960710e+04 1.557000000000000000e+03
3.800583398437448341e+04 -4.604334765624960710e+04 1.555000000000000000e+03
3.973783398437448341e+04 -4.604334765624960710e+04 1.559000000000000000e+03
1.895383398437447977e+04 -4.431134765624960710e+04 1.683933184906342603e+03
2.068583398437447977e+04 -4.431134765624960710e+04 1.672496733622220972e+03
2.241783398437447977e+04 -4.431134765624960710e+04 1.646408735682625775e+03
2.414983398437447977e+04 -4.431134765624960710e+04 1.620000000000000000e+03
2.588183398437447977e+04 -4.431134765624960710e+04 1.600785029802229701e+03
2.761383398437447977e+04 -4.431134765624960710e+04 1.589000000000000000e+03
2.934583398437447977e+04 -4.431134765624960710e+04 1.601023453453593902e+03
3.107783398437447977e+04 -4.431134765624960710e+04 1.601129108118822842e+03
3.280983398437448341e+04 -4.431134765624960710e+04 1.581740030275565914e+03
3.454183398437448341e+04 -4.431134765624960710e+04 1.575000000000000000e+03
3.627383398437448341e+04 -4.431134765624960710e+04 1.563886547493085800e+03
3.800583398437448341e+04 -4.431134765624960710e+04 1.557000000000000000e+03
3.973783398437448341e+04 -4.431134765624960710e+04 1.554000000000000000e+03
1.895383398437447977e+04 -4.257934765624960710e+04 1.713856363468700692e+03
2.068583398437447977e+04 -4.257934765624960710e+04 1.691119730224731029e+03
2.241783398437447977e+04 -4.257934765624960710e+04 1.664019729611850380e+03
2.414983398437447977e+04 -4.257934765624960710e+04 1.620000000000000000e+03
2.588183398437447977e+04 -4.257934765624960710e+04 1.591374199366473249e+03
2.761383398437447977e+04 -4.257934765624960710e+04 1.589000000000000000e+03
2.934583398437447977e+04 -4.257934765624960710e+04 1.576230253009188345e+03
3.107783398437447977e+04 -4.257934765624960710e+04 1.570991084532281093e+03
3.280983398437448341e+04 -4.257934765624960710e+04 1.561732806095534897e+03
3.454183398437448341e+04 -4.257934765624960710e+04 1.587961780080398057e+03
3.627383398437448341e+04 -4.257934765624960710e+04 1.568241398846211041e+03
3.800583398437448341e+04 -4.257934765624960710e+04 1.559000000000000000e+03
3.973783398437448341e+04 -4.257934765624960710e+04 1.536585032589860703e+03
1.895383398437447977e+04 -4.084734765624960710e+04 1.732422429643672103e+03
2.068583398437447977e+04 -4.084734765624960710e+04 1.711000000000000000e+03
2.241783398437447977e+04 -4.084734765624960710e+04 1.711000000000000000e+03
2.414983398437447977e+04 -4.084734765624960710e+04 1.620249672794945582e+03
2.588183398437447977e+04 -4.084734765624960710e+04 1.589468398368686621e+03
2.761383398437447977e+04 -4.084734765624960710e+04 1.587507641405701179e+03
2.934583398437447977e+04 -4.084734765624960710e+04 1.570143874584830201e+03
3.107783398437447977e+04 -4.084734765624960710e+04 1.559000000000000000e+03
3.280983398437448341e+04 -4.084734765624960710e+04 1.559000000000000000e+03
3.454183398437448341e+04 -4.084734765624960710e+04 1.558366737132915887e+03
3.627383398437448341e+04 -4.084734765624960710e+04 1.560683368566459194e+03
3.800583398437448341e+04 -4.084734765624960710e+04 1.540053359186091711e+03
3.973783398437448341e+04 -4.084734765624960710e+04 1.529000000000000000e+03
