1.032617738025982224e+00
1.006259991377073559e+00
1.006698672048879972e+00
1.013603765717526306e+00
1.081500119226009193e+00
1.011846944177163587e+00
1.051332318974488089e+00
1.038836094547370026e+00
1.007435056647659088e+00
1.048775871050983577e+00
1.009656441169249019e+00
1.050036880998846289e+00
1.236673436384705838e+00
1.038484352420798063e+00
1.017716898278919535e+00
1.050323580514271660e+00
1.002941300913199552e+00
1.012374503594112740e+00
1.000595272677360148e+00
2.417102456244060615e+00
1.369466838284322474e+00
1.512145497758841328e+00
1.001629643675157499e+00
1.004605077079755659e+00
1.008447167333850647e+00
1.578125696981682147e+00
1.023497501823279698e+00
2.783249109247871722e+00
1.021331058470055231e+00
1.006468112517378000e+00
1.008409015987030033e+00
1.047565093557073057e+00
1.028067781570050077e+00
1.027043361413127354e+00
1.006306355415473419e+00
1.010353866774106546e+00
1.011257276881787570e+00
1.124196827521893427e+00
1.007122059980523732e+00
1.012592492983038328e+00
1.077835272999133620e+00
1.035672370681948617e+00
1.001870818532519580e+00
1.008459532034480244e+00
1.047660922660934357e+00
1.073745079601639452e+00
2.572327941016617991e+00
1.004659380959438408e+00
1.046709682462885649e+00
1.006883763668992016e+00
3.171935449914429661e+00
1.013452845853015427e+00
1.054391492141377729e+00
1.008101893526529569e+00
1.007026250969355052e+00
1.002078886397696156e+00
1.049222916731420652e+00
1.022890515117911070e+00
1.002054577986776662e+00
1.077546389844249664e+00
1.004191853278407986e+00
1.092936689250433302e+00
1.002369103060348099e+00
1.022914909075975043e+00
1.053756818659090877e+00
1.004993185729538663e+00
1.064486734711099336e+00
1.053758596253087321e+00
1.059857718665342841e+00
1.002817898049847001e+00
1.014194674197112622e+00
1.004631850306162422e+00
1.004768748604596418e+00
2.569700263018146469e+00
1.008631124740582363e+00
1.011899885130205012e+00
1.003794842150394162e+00
1.001847781799739767e+00
1.022323405261055917e+00
1.034517160764887533e+00
1.002116485435732063e+00
2.163882743959102406e+00
1.003647409158335169e+00
1.008722908321657119e+00
1.049137416129646949e+00
1.018433083547728435e+00
1.001083271282709131e+00
2.489177387772860239e+00
1.040535037297564580e+00
1.070734162588977023e+00
1.001861407044549068e+00
1.030168711289769945e+00
1.000492644701461487e+00
1.562981396732939343e+00
1.000406098610282957e+00
1.022241058437395989e+00
1.687969412104191491e+00
1.050387964155392151e+00
1.030888999884330470e+00
1.009244557873131498e+00
1.006491021988131340e+00
1.002729774113317429e+00
1.002713872118839777e+00
1.044486342625022823e+00
2.840217993892483861e+00
1.000789986993725567e+00
1.052331024022541417e+00
1.021687983414991008e+00
1.003362173374356514e+00
1.003309091827095711e+00
1.006523259404307868e+00
1.001780451674055827e+00
1.014050926403463393e+00
1.007620500842759226e+00
1.004093512528120957e+00
1.027279307927156937e+00
1.000585032019318588e+00
1.627573929882170534e+00
1.060699679653068772e+00
1.002385588348285506e+00
1.065662284887532341e+00
1.011019958818025533e+00
1.002760296827695408e+00
1.195641331390695061e+00
3.932146712914575737e+00
1.066024890950493464e+00
1.004010112860152626e+00
1.021105012962501890e+00
1.008938803155631447e+00
1.096963851446297822e+00
1.108188628701847644e+00
1.023782301921802418e+00
1.038836094547370026e+00
1.006259991377073559e+00
1.071256405974076342e+00
1.038484352420798063e+00
1.035827035378053651e+00
1.012798573370156774e+00
1.011846944177163587e+00
1.003340262463408239e+00
1.027286768804863470e+00
1.032617738025982224e+00
1.011049019597741516e+00
1.010273374269855307e+00
1.043804700019010046e+00
1.167766929097561412e+00
1.114807678375958400e+00
1.011257276881787570e+00
1.944030731844303528e+00
2.632745470350360328e+00
1.012824436584544019e+00
1.009465403517760818e+00
1.009790431070961336e+00
1.019663257692419167e+00
1.091081027914596380e+00
1.047143897231405996e+00
1.002121422520826588e+00
1.011483776420473157e+00
1.001228612873852786e+00
1.021331058470055231e+00
1.049634558194143086e+00
1.006009933235060272e+00
1.512145497758841328e+00
1.035710109145786761e+00
1.008942126579206899e+00
1.007713256714628525e+00
1.578125696981682147e+00
1.035672370681948617e+00
1.068751376028196365e+00
1.006696195128358839e+00
1.070620851271601559e+00
1.068126492150396345e+00
1.030127744312105964e+00
1.011455728247772745e+00
1.051601800410681520e+00
1.003154494375311900e+00
1.030540346546179764e+00
1.068114180798136470e+00
1.004659380959438408e+00
1.002369103060348099e+00
1.534643118640608428e+00
1.004191853278407986e+00
1.004461015466825646e+00
1.001870818532519580e+00
1.007455775765410566e+00
1.025371988867638473e+00
1.006451495118778627e+00
1.025464263032664247e+00
2.274903801339283493e+00
1.008909312541827141e+00
1.036131061282615562e+00
1.024076871318523096e+00
1.022323405261055917e+00
1.053758596253087321e+00
1.032706760461248319e+00
1.053756818659090877e+00
1.064486734711099336e+00
1.059245983920259038e+00
1.075495397626855976e+00
1.020116206282795535e+00
1.003831614622403556e+00
1.007430404343328423e+00
1.008722908321657119e+00
1.013362998949893123e+00
1.001847781799739767e+00
1.009060267590649262e+00
1.045643626042377816e+00
1.004154866593652384e+00
1.004655912076476865e+00
1.006022896617471130e+00
1.000947926473965355e+00
1.007227061942827628e+00
1.025173149223295388e+00
1.022049005796429766e+00
2.840217993892483861e+00
1.005199579091028417e+00
1.005762135300228843e+00
1.000352184580729942e+00
1.562981396732939343e+00
1.132941293878956257e+00
1.721950306395913177e+00
1.069071076241751461e+00
1.002413942786169132e+00
1.001685430455951265e+00
1.009737887471310547e+00
1.036371959848537250e+00
1.032538408480449643e+00
1.000913113535259136e+00
1.002545118817650849e+00
1.000406098610282957e+00
1.038525690377394284e+00
1.000585032019318588e+00
1.046115240676485758e+00
1.025776979990830284e+00
1.014838069518169572e+00
1.001962118064075868e+00
1.034408477364836099e+00
1.003221668271068623e+00
1.003735002277205579e+00
1.004077495162084332e+00
1.195641331390695061e+00
1.001857248759012720e+00
1.003030844440906399e+00
1.006523259404307868e+00
1.003386607700891275e+00
1.006001853926313361e+00
1.022099322740932958e+00
1.094008288071663282e+00
1.038749671469419766e+00
1.000789986993725567e+00
1.068852249594819614e+00
1.002760296827695408e+00
1.013058496894595040e+00
1.011049019597741516e+00
1.671713293785372034e+00
1.114807678375958400e+00
1.023782301921802418e+00
1.048775871050983577e+00
1.011690889837807195e+00
1.028784203791847984e+00
1.002951073358893774e+00
6.094970272636128783e+00
1.196328378923868119e+00
1.005205337863595005e+00
1.369466838284322474e+00
1.906582311883298742e+00
1.050323580514271660e+00
1.236673436384705838e+00
1.029579530163858170e+00
1.071256405974076342e+00
1.045759965570910222e+00
1.016364617904709888e+00
1.011846944177163587e+00
1.002121422520826588e+00
1.050082565130523005e+00
1.012824436584544019e+00
1.002444976870507709e+00
1.078235686793120873e+00
1.001757324989382969e+00
1.008409015987030033e+00
1.009650307934032876e+00
2.030174763161908480e+00
1.068731449488094842e+00
1.118777438818150838e+00
1.021331058470055231e+00
1.006842385712599652e+00
1.002022749875292273e+00
1.000585804393128386e+00
1.024179203453960962e+00
1.042217740838934814e+00
1.028067781570050077e+00
1.006306355415473419e+00
1.006009933235060272e+00
1.091081027914596380e+00
1.126833996982622210e+00
1.002369103060348099e+00
2.274903801339283493e+00
1.081499877470408322e+00
1.070620851271601559e+00
1.008101893526529569e+00
1.046114381993910047e+00
1.002592036538136000e+00
1.025464263032664247e+00
1.034051208873928651e+00
1.025965136804899203e+00
1.019244915431722021e+00
1.006451495118778627e+00
1.008459532034480244e+00
1.068751376028196365e+00
4.790000386886425154e+00
1.004659380959438408e+00
2.572327941016617991e+00
2.884526893666861547e+00
1.048603615303707270e+00
1.013452845853015427e+00
2.163882743959102406e+00
1.059857718665342841e+00
1.032742277415575671e+00
1.003794842150394162e+00
1.004127520659356732e+00
1.003682643005597175e+00
1.011899885130205012e+00
1.010145967221209862e+00
1.025578300185424840e+00
1.004913515395687407e+00
1.029846680142705750e+00
1.039342411910594954e+00
1.027982337130520785e+00
1.033472942588070431e+00
1.075495397626855976e+00
1.008631124740582363e+00
1.008909312541827141e+00
1.009060267590649262e+00
1.049230243778392913e+00
1.032706760461248319e+00
1.004631850306162422e+00
1.001861407044549068e+00
1.012968540283126551e+00
1.014385779910377483e+00
1.018530133645232372e+00
1.058704907529405492e+00
1.571991775448485562e+00
1.070734162588977023e+00
1.028625943691196865e+00
1.003553291664734060e+00
1.927094113253402741e+00
1.004484029635048570e+00
1.000615764303693478e+00
1.011756989325092393e+00
1.000492644701461487e+00
1.005012028256594636e+00
1.004537944482058354e+00
1.003700606051944444e+00
1.036371959848537250e+00
1.066539870194494366e+00
1.007652970925967395e+00
1.001083271282709131e+00
1.001697847893280535e+00
1.011019958818025533e+00
1.066063581430241047e+00
1.066024890950493464e+00
1.237734855516558152e+00
1.002578321931962835e+00
1.612333431700488706e+00
1.558819285652900621e+00
1.002760296827695408e+00
1.001857248759012720e+00
2.656569436043366927e+00
1.019127048653849066e+00
1.002385588348285506e+00
1.004012207884495300e+00
1.078118514661307037e+00
1.003824191072766547e+00
1.020580276843752188e+00
1.999848840375587411e+00
1.195641331390695061e+00
1.586016904351366108e+00
1.072166558466212782e+00
1.010273374269855307e+00
1.016134923314455873e+00
1.071256405974076342e+00
1.011049019597741516e+00
1.012798573370156774e+00
1.054027637037439513e+00
1.053366327358679966e+00
1.044197333063126454e+00
1.038059277392384683e+00
1.001266477541979283e+00
1.012211326488414942e+00
1.003240527243225877e+00
1.099253302434643143e+00
1.011690889837807195e+00
1.038484352420798063e+00
1.003340262463408239e+00
1.002941300913199552e+00
1.096963851446297822e+00
1.000595272677360148e+00
1.030217480719826550e+00
1.076493453069523820e+00
1.010470439013570809e+00
1.578125696981682147e+00
1.028841336229271874e+00
1.884611222222345450e+00
1.006040620815193742e+00
1.091081027914596380e+00
1.001377740172188169e+00
1.042217740838934814e+00
1.006207382248247795e+00
1.160132026707778596e+00
1.001719445716323875e+00
1.007122059980523732e+00
1.003316279803504241e+00
1.041816354416858603e+00
1.118777438818150838e+00
1.050082565130523005e+00
1.124196827521893427e+00
1.035672370681948617e+00
1.049634558194143086e+00
1.006009933235060272e+00
1.011698192672482399e+00
1.629344960520431318e+00
1.071392463130745210e+00
1.022335952972854844e+00
1.092936689250433302e+00
1.085713557042484512e+00
1.008727151290047974e+00
1.044897409791486487e+00
3.171935449914429661e+00
1.002369103060348099e+00
1.070620851271601559e+00
2.884526893666861547e+00
1.038765436329387670e+00
1.002592036538136000e+00
1.004461015466825646e+00
1.002054577986776662e+00
1.060952687003469119e+00
1.010026494072175707e+00
1.054391492141377729e+00
1.006883763668992016e+00
1.000553066674183977e+00
1.006605076761016404e+00
1.046293848853971920e+00
1.045643626042377816e+00
1.008722908321657119e+00
1.008631124740582363e+00
1.013502162848074040e+00
1.069028150561695201e+00
1.564355810745521769e+00
1.046662751813268954e+00
1.027982337130520785e+00
1.003682643005597175e+00
1.010018888922259439e+00
1.001459519920686603e+00
1.045286607364108722e+00
1.079842446643222598e+00
1.053411335475894495e+00
1.011998796527619149e+00
1.076925271369542525e+00
1.002169144902608000e+00
1.004913515395687407e+00
1.048749714369481723e+00
1.009050259769616265e+00
1.001802024009686098e+00
1.009244557873131498e+00
2.840217993892483861e+00
1.025173149223295388e+00
1.005762135300228843e+00
1.069071076241751461e+00
1.007652970925967395e+00
1.001083271282709131e+00
1.492297582774206877e+00
1.004846359643315923e+00
2.489177387772860239e+00
1.030168711289769945e+00
1.084273331521231620e+00
1.002413942786169132e+00
1.000352184580729942e+00
1.002545118817650849e+00
1.014385779910377483e+00
1.007323361213720458e+00
1.049137416129646949e+00
1.011392262092473793e+00
1.141951888534520565e+00
1.001780451674055827e+00
1.586016904351366108e+00
1.007126634893368067e+00
1.022661472505482338e+00
1.019127048653849066e+00
1.627573929882170534e+00
1.000585032019318588e+00
1.037776758034765212e+00
1.016812894190617822e+00
1.003064279884839927e+00
1.027279307927156937e+00
1.022099322740932958e+00
1.009559482972135269e+00
1.036215890335661971e+00
1.001697847893280535e+00
1.000278018803197444e+00
1.003309091827095711e+00
1.052331024022541417e+00
1.007185297710054828e+00
1.010006540854362145e+00
1.002760296827695408e+00
1.012003304747539634e+00
1.085595407431575676e+00
1.016364617904709888e+00
1.012374503594112740e+00
1.013058496894595040e+00
1.099253302434643143e+00
1.003329043166039103e+00
2.417102456244060615e+00
1.010273374269855307e+00
1.004924797024626226e+00
6.094970272636128783e+00
3.204967513117859657e+00
1.072933412097897943e+00
1.076493453069523820e+00
1.085628430490307883e+00
1.051332318974488089e+00
1.043804700019010046e+00
1.048775871050983577e+00
1.081500119226009193e+00
1.030217480719826550e+00
1.004220789861963725e+00
1.041816354416858603e+00
1.039714266932598719e+00
1.002121422520826588e+00
1.027721404605404842e+00
1.001517303106823187e+00
1.012824436584544019e+00
1.002444976870507709e+00
1.004810575566836395e+00
1.009650307934032876e+00
1.006040620815193742e+00
2.030174763161908480e+00
1.003316279803504241e+00
1.010353866774106546e+00
1.012345223546067929e+00
1.006009933235060272e+00
1.021331058470055231e+00
1.001757324989382969e+00
1.032911473189193519e+00
1.007713256714628525e+00
1.001629643675157499e+00
1.081746405005220124e+00
1.071119690403347979e+00
1.032943646320695574e+00
1.022335952972854844e+00
1.007455775765410566e+00
1.046709682462885649e+00
1.004226895288570232e+00
1.164810618956976018e+00
1.019463151086971164e+00
1.051601800410681520e+00
1.010946668279457006e+00
1.001870818532519580e+00
1.073745079601639452e+00
1.002296868920204753e+00
1.046114381993910047e+00
1.025965136804899203e+00
1.010512486722724201e+00
1.049726361236151373e+00
1.068114180798136470e+00
1.001325334650274845e+00
1.077546389844249664e+00
1.081499877470408322e+00
1.013502162848074040e+00
1.013034236804370547e+00
1.039804601655959893e+00
1.039342411910594954e+00
2.418272452278286799e+00
1.008106696808074076e+00
1.004631850306162422e+00
1.007430404343328423e+00
1.113700716256937229e+00
1.001847781799739767e+00
1.049230243778392913e+00
1.069028150561695201e+00
1.623316959598705811e+00
1.160158399938917118e+00
1.029846680142705750e+00
1.020116206282795535e+00
1.081798306103376017e+00
1.002643760969965880e+00
1.269264445801250307e+00
1.022323405261055917e+00
1.003703854177911747e+00
1.001685430455951265e+00
1.024855346040458359e+00
1.000947926473965355e+00
1.042104552451742050e+00
1.000297359595252900e+00
1.018292671348914880e+00
1.003079192828927990e+00
1.069071076241751461e+00
1.083773422222032323e+00
1.087353856599670543e+00
1.002729774113317429e+00
1.004846359643315923e+00
1.687969412104191491e+00
1.070734162588977023e+00
1.000913113535259136e+00
1.032538408480449643e+00
1.007669910133770053e+00
1.000615764303693478e+00
1.006486993047872591e+00
1.002588619227172462e+00
1.003553291664734060e+00
1.019127048653849066e+00
1.059201821349455841e+00
1.021687983414991008e+00
1.005227569253647868e+00
1.002578321931962835e+00
1.002385588348285506e+00
1.627573929882170534e+00
1.020580276843752188e+00
1.000789986993725567e+00
1.025776979990830284e+00
1.558819285652900621e+00
1.004445089542767233e+00
1.006523259404307868e+00
2.120428459197682969e+00
1.014838069518169572e+00
1.635307866552991429e+00
1.066063581430241047e+00
1.070272930957078872e+00
1.011019958818025533e+00
1.002760296827695408e+00
1.003865516113509715e+00
1.000990757756113014e+00
1.712425690776894216e+00
1.002941300913199552e+00
1.016364617904709888e+00
2.755443181322806190e+00
1.571725100682223042e+00
1.016134923314455873e+00
1.236673436384705838e+00
1.050128525107718813e+00
1.051053002122104507e+00
1.043804700019010046e+00
1.001266477541979283e+00
1.010750886214651256e+00
1.044197333063126454e+00
1.050036880998846289e+00
1.011846944177163587e+00
1.008864594013929139e+00
6.094970272636128783e+00
1.012234315676320495e+00
1.114807678375958400e+00
1.023782301921802418e+00
1.009465403517760818e+00
1.006842385712599652e+00
1.019663257692419167e+00
1.016601313137438733e+00
1.001517303106823187e+00
1.008409015987030033e+00
1.512145497758841328e+00
1.032911473189193519e+00
1.000585804393128386e+00
1.578125696981682147e+00
1.003316279803504241e+00
1.023497501823279698e+00
1.006207382248247795e+00
1.078235686793120873e+00
1.050082565130523005e+00
1.007122059980523732e+00
1.085260233955633868e+00
1.039714266932598719e+00
1.005509281404504573e+00
1.008066225726772291e+00
1.008447167333850647e+00
1.002296868920204753e+00
1.629344960520431318e+00
1.070620851271601559e+00
1.001325334650274845e+00
1.068126492150396345e+00
1.024374105356353981e+00
1.093163572539732176e+00
1.035470453634468768e+00
1.031021598381042237e+00
1.008727151290047974e+00
1.004786110674105171e+00
1.085713557042484512e+00
2.572327941016617991e+00
1.000553066674183977e+00
1.022335952972854844e+00
1.002078886397696156e+00
1.019244915431722021e+00
1.006867774289748940e+00
1.046114381993910047e+00
1.081499877470408322e+00
1.007331065590969521e+00
1.039342411910594954e+00
1.003794842150394162e+00
1.003647409158335169e+00
1.053411335475894495e+00
2.163882743959102406e+00
1.001847781799739767e+00
1.046293848853971920e+00
1.033472942588070431e+00
1.002817898049847001e+00
1.001459519920686603e+00
1.018288441853444359e+00
1.032742277415575671e+00
1.003683758009827454e+00
1.638908001641771417e+00
1.006675660119042970e+00
1.006022896617471130e+00
1.002116485435732063e+00
1.064486734711099336e+00
1.006578538757952668e+00
1.003831614622403556e+00
1.053758596253087321e+00
1.002413942786169132e+00
1.030888999884330470e+00
1.011392262092473793e+00
1.004846359643315923e+00
1.013160033372955793e+00
1.002223980363707190e+00
1.001685430455951265e+00
1.000352184580729942e+00
1.004826351766037185e+00
1.002545118817650849e+00
1.000413799918997482e+00
1.141951888534520565e+00
1.006491021988131340e+00
1.038525690377394284e+00
1.005012028256594636e+00
1.571991775448485562e+00
1.024271190742516158e+00
1.002533591749866115e+00
1.019947815374486755e+00
1.038319691616906848e+00
1.037402135228750577e+00
1.004077495162084332e+00
1.004093512528120957e+00
1.057848041111717707e+00
1.013429370143916097e+00
1.002385588348285506e+00
1.048871809404837485e+00
1.011019958818025533e+00
1.029265316383628504e+00
1.004012207884495300e+00
1.558819285652900621e+00
1.003030844440906399e+00
1.009559482972135269e+00
1.003362173374356514e+00
1.049645106923852822e+00
1.001291793251531503e+00
1.085629666940167048e+00
1.078118514661307037e+00
1.005264652884139576e+00
1.002760296827695408e+00
1.006523259404307868e+00
1.034408477364836099e+00
1.085595407431575676e+00
1.004924797024626226e+00
1.006259991377073559e+00
1.008938803155631447e+00
1.167766929097561412e+00
1.008864594013929139e+00
1.072933412097897943e+00
1.007435056647659088e+00
1.027286768804863470e+00
1.196328378923868119e+00
6.094970272636128783e+00
1.236673436384705838e+00
1.712425690776894216e+00
1.021105012962501890e+00
1.051332318974488089e+00
1.006396190042741612e+00
1.001266477541979283e+00
1.012234315676320495e+00
1.012798573370156774e+00
1.035781971735939333e+00
1.076493453069523820e+00
1.002121422520826588e+00
1.003296399664944882e+00
1.012048934993881044e+00
1.001517303106823187e+00
1.007122059980523732e+00
1.007713256714628525e+00
1.049809616434439263e+00
1.583406041576977286e+00
1.085260233955633868e+00
1.038436486287879656e+00
1.944030731844303528e+00
1.964036630156373864e+00
1.077835272999133620e+00
1.091081027914596380e+00
1.012345223546067929e+00
2.783249109247871722e+00
1.027721404605404842e+00
1.099907084563890969e+00
1.007198083108144404e+00
1.884611222222345450e+00
1.001627726933322027e+00
3.171935449914429661e+00
1.006451495118778627e+00
1.030127744312105964e+00
1.093163572539732176e+00
1.060952687003469119e+00
1.017649534497000685e+00
1.004461015466825646e+00
1.051601800410681520e+00
1.008459532034480244e+00
1.011455728247772745e+00
1.002592036538136000e+00
2.009543425945192308e+00
1.639506568642530526e+00
1.000553066674183977e+00
1.895024822407959331e+00
1.006867774289748940e+00
2.572327941016617991e+00
2.274903801339283493e+00
1.004226895288570232e+00
1.004786110674105171e+00
1.009688919584857736e+00
1.025578300185424840e+00
1.009060267590649262e+00
1.097655374404149953e+00
1.059857718665342841e+00
1.002817898049847001e+00
1.064486734711099336e+00
1.004655912076476865e+00
2.825797463065161885e+00
1.006022896617471130e+00
1.004993185729538663e+00
1.004768748604596418e+00
1.039804601655959893e+00
1.002169144902608000e+00
1.024115334284313672e+00
1.010018888922259439e+00
1.013362998949893123e+00
1.034517160764887533e+00
1.029846680142705750e+00
1.076925271369542525e+00
1.003703854177911747e+00
1.053606695981675667e+00
1.004097975507274088e+00
1.000406098610282957e+00
1.001685430455951265e+00
1.000297359595252900e+00
1.012968540283126551e+00
1.087353856599670543e+00
1.002545118817650849e+00
1.005199579091028417e+00
1.084273331521231620e+00
1.077776401791882721e+00
1.003079192828927990e+00
2.489177387772860239e+00
1.007227061942827628e+00
1.571991775448485562e+00
1.004537944482058354e+00
1.040535037297564580e+00
2.840217993892483861e+00
1.022241058437395989e+00
1.003795574285268888e+00
1.014385779910377483e+00
1.030168711289769945e+00
1.001857248759012720e+00
1.003064279884839927e+00
1.066024890950493464e+00
1.034408477364836099e+00
1.001689289523153059e+00
1.034579960441191604e+00
1.043860928216080008e+00
1.027279307927156937e+00
1.059201821349455841e+00
1.237734855516558152e+00
1.000585032019318588e+00
1.004552924928665769e+00
1.010668968847630023e+00
1.004026322061844390e+00
1.999848840375587411e+00
1.007185297710054828e+00
1.010006540854362145e+00
1.049645106923852822e+00
1.036215890335661971e+00
1.057848041111717707e+00
1.000278018803197444e+00
1.035781971735939333e+00
1.050128525107718813e+00
2.417102456244060615e+00
1.038059277392384683e+00
1.033383914639137924e+00
1.369466838284322474e+00
1.079739674304672992e+00
1.016364617904709888e+00
1.671713293785372034e+00
1.021105012962501890e+00
1.017233860893448805e+00
1.002941300913199552e+00
1.038836094547370026e+00
1.008613412221842420e+00
1.011690889837807195e+00
1.013058496894595040e+00
1.011846944177163587e+00
1.051053002122104507e+00
1.001266477541979283e+00
1.043804700019010046e+00
1.028784203791847984e+00
1.004605077079755659e+00
1.035672370681948617e+00
1.081746405005220124e+00
1.006009933235060272e+00
1.001377740172188169e+00
1.003296399664944882e+00
1.021331058470055231e+00
1.008447167333850647e+00
1.003886212960241942e+00
1.038086204150772573e+00
1.007713256714628525e+00
1.012345223546067929e+00
1.085260233955633868e+00
1.006842385712599652e+00
1.964036630156373864e+00
1.024179203453960962e+00
1.012592492983038328e+00
1.028841336229271874e+00
1.028067781570050077e+00
1.002444976870507709e+00
1.051454327815466216e+00
1.054391492141377729e+00
1.006883763668992016e+00
2.572327941016617991e+00
1.044141635630741138e+00
1.077546389844249664e+00
1.004191853278407986e+00
1.017649534497000685e+00
1.629344960520431318e+00
1.025464263032664247e+00
1.327747984823691274e+00
1.004786110674105171e+00
1.030127744312105964e+00
3.171935449914429661e+00
1.006439135703457444e+00
1.068126492150396345e+00
1.023721719196565072e+00
1.092936689250433302e+00
2.041243029875852155e+00
1.037740314084398374e+00
1.022890515117911070e+00
1.031021598381042237e+00
1.059857718665342841e+00
1.043078076316928726e+00
1.003902327656314153e+00
1.027982337130520785e+00
1.084099220410391196e+00
1.003647409158335169e+00
1.034517160764887533e+00
1.004913515395687407e+00
2.163882743959102406e+00
1.076925271369542525e+00
1.029846680142705750e+00
1.008106696808074076e+00
1.010145967221209862e+00
1.439770276640524704e+00
1.024115334284313672e+00
1.000778938949477226e+00
1.022914909075975043e+00
1.008722908321657119e+00
1.623316959598705811e+00
1.036131061282615562e+00
1.027959294943170621e+00
1.000297359595252900e+00
1.998058058186239716e+00
1.042104552451742050e+00
1.000947926473965355e+00
2.489177387772860239e+00
1.050387964155392151e+00
1.006491021988131340e+00
1.019947815374486755e+00
1.028625943691196865e+00
1.002333394971021807e+00
1.005762135300228843e+00
1.012559253145033811e+00
1.022241058437395989e+00
1.069071076241751461e+00
1.012968540283126551e+00
1.687969412104191491e+00
1.002713872118839777e+00
1.025173149223295388e+00
1.492297582774206877e+00
1.037402135228750577e+00
1.077776401791882721e+00
1.014050926403463393e+00
2.507888471397325070e+00
1.004445089542767233e+00
1.066063581430241047e+00
1.019127048653849066e+00
1.048871809404837485e+00
1.001291793251531503e+00
1.038749671469419766e+00
1.052331024022541417e+00
1.070272930957078872e+00
1.005403585584654369e+00
1.000789986993725567e+00
1.558819285652900621e+00
1.586016904351366108e+00
1.004831067345073548e+00
1.001327859230022099e+00
1.007126634893368067e+00
1.022082325398434133e+00
1.007185297710054828e+00
1.000585032019318588e+00
1.002271883886903137e+00
1.001266477541979283e+00
1.196328378923868119e+00
1.079739674304672992e+00
1.821443386469212111e+00
1.050323580514271660e+00
1.076493453069523820e+00
1.051332318974488089e+00
6.094970272636128783e+00
3.014314726434857317e+00
1.006396190042741612e+00
1.906582311883298742e+00
1.035827035378053651e+00
1.004924797024626226e+00
1.030217480719826550e+00
1.000595272677360148e+00
1.002951073358893774e+00
1.012394614470983223e+00
1.035781971735939333e+00
1.050036880998846289e+00
1.000990757756113014e+00
1.006259991377073559e+00
1.047565093557073057e+00
1.035710109145786761e+00
1.023909163935902145e+00
2.783249109247871722e+00
1.000948557779337333e+00
1.028569681489775789e+00
1.027721404605404842e+00
1.006207382248247795e+00
1.007122059980523732e+00
1.086172771024457973e+00
1.010470439013570809e+00
1.078707919255593284e+00
1.009465403517760818e+00
1.009650307934032876e+00
1.004810575566836395e+00
1.012048934993881044e+00
2.632745470350360328e+00
1.084057041594369108e+00
1.066773301980033839e+00
1.049634558194143086e+00
1.081746405005220124e+00
1.940038502497100081e+00
1.010026494072175707e+00
1.022335952972854844e+00
1.019463151086971164e+00
1.019244915431722021e+00
1.010785201557408586e+00
1.077546389844249664e+00
1.004191853278407986e+00
1.032943646320695574e+00
1.002054577986776662e+00
1.049726361236151373e+00
3.171935449914429661e+00
1.014541714028486252e+00
1.004659380959438408e+00
1.006451495118778627e+00
1.126833996982622210e+00
1.017649534497000685e+00
1.025464263032664247e+00
2.274903801339283493e+00
1.024374105356353981e+00
1.164810618956976018e+00
1.022323405261055917e+00
1.071552674081885259e+00
1.003683758009827454e+00
1.003902327656314153e+00
2.825797463065161885e+00
1.011998796527619149e+00
1.045286607364108722e+00
1.113700716256937229e+00
1.097655374404149953e+00
1.069028150561695201e+00
1.033292978140429419e+00
1.006022896617471130e+00
1.439770276640524704e+00
1.160158399938917118e+00
1.033472942588070431e+00
1.004913515395687407e+00
1.053606695981675667e+00
1.032742277415575671e+00
1.008106696808074076e+00
1.039342411910594954e+00
1.059857718665342841e+00
1.083773422222032323e+00
1.492297582774206877e+00
1.004537944482058354e+00
1.077776401791882721e+00
1.002729774113317429e+00
1.011392262092473793e+00
2.840217993892483861e+00
1.007669910133770053e+00
1.014385779910377483e+00
1.000297359595252900e+00
1.050387964155392151e+00
1.042314480108280650e+00
1.054425932312420766e+00
1.012559253145033811e+00
1.002413942786169132e+00
1.001861407044549068e+00
2.489177387772860239e+00
1.040535037297564580e+00
1.007652970925967395e+00
1.002713872118839777e+00
1.004097975507274088e+00
1.059201821349455841e+00
1.052331024022541417e+00
1.070272930957078872e+00
1.004831067345073548e+00
1.002385588348285506e+00
1.004077495162084332e+00
2.120428459197682969e+00
1.031624998135174387e+00
1.029265316383628504e+00
1.003309091827095711e+00
1.635307866552991429e+00
1.006523259404307868e+00
1.003221668271068623e+00
1.034579960441191604e+00
1.060699679653068772e+00
1.003135613517569968e+00
1.003030844440906399e+00
1.072166558466212782e+00
1.010006540854362145e+00
1.655022343864656076e+00
2.507888471397325070e+00
1.011690889837807195e+00
1.054027637037439513e+00
1.079739674304672992e+00
1.003340262463408239e+00
1.038484352420798063e+00
1.006396190042741612e+00
1.000990757756113014e+00
1.085724183997215597e+00
1.002062796152930257e+00
1.044197333063126454e+00
1.064287101256638834e+00
1.004924797024626226e+00
1.064475581837177831e+00
1.023782301921802418e+00
1.005205337863595005e+00
1.167766929097561412e+00
1.010741918594658673e+00
1.712425690776894216e+00
1.012003304747539634e+00
1.076493453069523820e+00
1.027286768804863470e+00
1.042217740838934814e+00
1.038436486287879656e+00
1.047143897231405996e+00
1.512145497758841328e+00
1.023497501823279698e+00
1.028569681489775789e+00
1.012048934993881044e+00
1.084057041594369108e+00
1.030821045170073891e+00
1.001627726933322027e+00
1.068731449488094842e+00
1.027043361413127354e+00
1.001377740172188169e+00
1.884611222222345450e+00
1.008066225726772291e+00
1.028841336229271874e+00
1.003296399664944882e+00
1.160132026707778596e+00
1.019663257692419167e+00
1.944030731844303528e+00
1.021331058470055231e+00
1.006867774289748940e+00
1.085713557042484512e+00
1.049222916731420652e+00
1.003673553722890022e+00
1.022335952972854844e+00
1.030127744312105964e+00
1.032943646320695574e+00
1.060952687003469119e+00
1.008727151290047974e+00
1.940038502497100081e+00
1.004659380959438408e+00
1.023721719196565072e+00
1.210591648904485895e+00
1.004461015466825646e+00
1.081499877470408322e+00
2.572327941016617991e+00
1.001870818532519580e+00
1.068751376028196365e+00
1.037740314084398374e+00
1.022890515117911070e+00
1.006451495118778627e+00
1.010145967221209862e+00
1.001459519920686603e+00
1.003683758009827454e+00
1.074047502507199603e+00
1.004631850306162422e+00
1.003359191458408128e+00
1.027982337130520785e+00
1.004154866593652384e+00
1.003703854177911747e+00
1.002653717070105754e+00
1.010018888922259439e+00
1.003794842150394162e+00
1.024076871318523096e+00
1.076925271369542525e+00
1.079842446643222598e+00
1.113700716256937229e+00
1.014194674197112622e+00
1.008631124740582363e+00
1.004127520659356732e+00
1.024115334284313672e+00
1.006022896617471130e+00
1.025173149223295388e+00
1.001083271282709131e+00
1.071601456142154740e+00
1.000913113535259136e+00
1.005762135300228843e+00
1.002588619227172462e+00
1.028625943691196865e+00
1.038319691616906848e+00
1.011756989325092393e+00
1.042314480108280650e+00
1.037402135228750577e+00
1.004537944482058354e+00
1.005012028256594636e+00
1.000615764303693478e+00
1.018433083547728435e+00
1.004846359643315923e+00
1.070734162588977023e+00
1.022049005796429766e+00
1.083773422222032323e+00
1.000394921559966566e+00
1.492297582774206877e+00
1.003735002277205579e+00
1.014838069518169572e+00
1.027279307927156937e+00
1.000585032019318588e+00
1.059201821349455841e+00
2.656569436043366927e+00
1.003865516113509715e+00
1.004012207884495300e+00
1.034408477364836099e+00
1.052331024022541417e+00
1.006001853926313361e+00
1.000789986993725567e+00
1.029055407948454182e+00
1.029265316383628504e+00
1.003824191072766547e+00
1.635307866552991429e+00
1.007620500842759226e+00
1.999848840375587411e+00
1.014050926403463393e+00
1.001780451674055827e+00
1.612333431700488706e+00
