1.069458782633816885e+00
1.013875622048592273e+00
1.082183502621738569e+00
1.084072772491900594e+00
1.041487362309591269e+00
1.050411101740328146e+00
1.018263073374106931e+00
1.609458212827438173e+00
1.145138022176026338e+00
1.026248886022796736e+00
1.021054834104711206e+00
1.081649361704307477e+00
1.117006489650888890e+00
1.103991381662327242e+00
1.264243706949041535e+00
1.072253678902512108e+00
1.027853559446194831e+00
1.011641206150512673e+00
1.002775163944778614e+00
1.028630823647226133e+00
1.029801880697162941e+00
5.055770554889909008e+00
1.022687423779814697e+00
1.036510784561982979e+00
1.117976580622427774e+00
1.023849828510403182e+00
1.009838848573097581e+00
1.044738130620361805e+00
3.143856418199227232e+00
1.067364405521634252e+00
1.022325617061536462e+00
1.004018593470210607e+00
2.536801875524985483e+00
1.047023952082792864e+00
1.027915556018976551e+00
1.008616594270439260e+00
1.016194502490916696e+00
1.167662875054158889e+00
1.061947135693855904e+00
1.065565841559874327e+00
1.019270052469196219e+00
1.099378002617720451e+00
1.223432585830248387e+00
5.203717727506886881e+00
1.009964654490780323e+00
3.621953071814293601e+00
1.021705888762179715e+00
1.022852972248181613e+00
1.098135477349813538e+00
1.102771491881248123e+00
1.024797394034938858e+00
1.008340509367329885e+00
1.008881761595567195e+00
1.047911398243815517e+00
1.049730427401370347e+00
1.083023964117969751e+00
1.076625833180943514e+00
1.097862382958366023e+00
1.007036955917938403e+00
1.089088477327992077e+00
1.084392413268881139e+00
1.014956401724582236e+00
1.057936908625857209e+00
2.800381955583022719e+00
1.049967763304228807e+00
1.137574491441647906e+00
1.015026326527265210e+00
1.016539551132980446e+00
1.016791146370286336e+00
1.518171752808012531e+00
1.076251239685403149e+00
1.010934127647683312e+00
1.021351061742192146e+00
1.010197302777056327e+00
1.009396785190684209e+00
1.116013885981795628e+00
1.003827182974053489e+00
1.021500440270332266e+00
2.058504891659740377e+00
1.010896440070482960e+00
1.062538323576676325e+00
1.062616448492298193e+00
1.044002774417938095e+00
1.018776077829294247e+00
1.009051903045392162e+00
1.002681382431671597e+00
1.060711121529192225e+00
1.000914569449987912e+00
1.021296048552392310e+00
1.031466932708283712e+00
1.052554855483053498e+00
1.023164952701359764e+00
1.099507200927498207e+00
1.005680375534471427e+00
1.005543862138214894e+00
2.016330453087883612e+00
1.041556154005170320e+00
1.005654278007582336e+00
1.017076919499771082e+00
1.002103015370281014e+00
1.055463258203279242e+00
2.841436087592687620e+00
1.006416174042045864e+00
2.057785835647615080e+00
1.013904819786449529e+00
1.005417991794908872e+00
1.129260310078419538e+00
1.140835749315185721e+00
1.025951689588337157e+00
1.006658323088320373e+00
1.003553238233648282e+00
1.011211588853151877e+00
1.046264733233247979e+00
1.800275657800163076e+00
1.103106133672562716e+00
1.003027766856387615e+00
1.010229592877396776e+00
1.118357726080422498e+00
1.007097414607756258e+00
1.002854973490012513e+00
1.033639812042755235e+00
1.337252216018950390e+00
1.062012255172260833e+00
1.006880177581688240e+00
1.014846065853884705e+00
1.005319111917741814e+00
1.035277697075256853e+00
1.054542735664863340e+00
1.078059709216339979e+00
1.026248886022796736e+00
1.087345665547156948e+00
1.021971655661841227e+00
1.126393487869692844e+00
1.063671355413473574e+00
1.040200235020706909e+00
1.143062589476832258e+00
1.336517041533114680e+00
1.003182280902708001e+00
1.007761006176002727e+00
1.036360675667842957e+00
1.009948960985909805e+00
2.451651688010702212e+00
1.041487362309591269e+00
1.145138022176026338e+00
1.041804808875024246e+00
1.094262285262507461e+00
1.039606939825977738e+00
1.005264565565032076e+00
1.008385373080450176e+00
1.065909567746524456e+00
1.180632963399239399e+00
1.105219230934434860e+00
1.027428046438533027e+00
2.043018709623484419e+00
1.360818112398614943e+00
1.016493774171224995e+00
1.017600521484132603e+00
1.133177573052835951e+00
1.100058091814548389e+00
1.004018593470210607e+00
1.077374584193667717e+00
1.009838848573097581e+00
1.083674732320831779e+00
1.115112173540960150e+00
1.024263568272261171e+00
1.022325617061536462e+00
1.023203991126636847e+00
1.160156926398899335e+00
3.621953071814293601e+00
1.014239135541745274e+00
1.105623685515902510e+00
1.032716803376516168e+00
1.623106298803091763e+00
1.016924250866795942e+00
1.008340509367329885e+00
1.076625833180943514e+00
2.968816998484539837e+00
1.029345288303443740e+00
3.004089190733500558e+00
1.108909604126451232e+00
1.019921087039845187e+00
1.033747194036861439e+00
1.293150560947537997e+00
1.700900940955804685e+01
1.061045339439342872e+00
1.406104274224340589e+00
1.099524585110182473e+00
1.061189319939073172e+00
1.025082870597693097e+00
1.083101910036673221e+00
1.043852472290409450e+00
1.140989360633633876e+00
1.090828270096516395e+00
1.089758764094484578e+00
1.299386722928121518e+00
1.034094056362280023e+00
1.302438025466947424e+00
1.012811609404846713e+00
1.197769889051847114e+00
1.040409202232726260e+00
1.059199234437034010e+00
1.030858634977643629e+00
1.076251239685403149e+00
1.021351061742192146e+00
1.112539271776232130e+00
1.127264697582980535e+00
3.385016263227554223e+00
1.016539551132980446e+00
1.010869406906805823e+00
1.008177501549310628e+00
1.016294392918475786e+00
2.438154299945739822e+01
1.052554855483053498e+00
1.109980055798070797e+00
1.017076919499771082e+00
1.009879755609779606e+00
1.055388654152803252e+00
1.017870512014651174e+00
1.039437406003307585e+00
1.008446810311701025e+00
1.021296048552392310e+00
1.038838266237773977e+00
1.031245918015161855e+00
1.195812720778711258e+00
2.016330453087883612e+00
1.015145091680067724e+00
1.014326070594594231e+00
1.002183881816184563e+00
1.008352051398886839e+00
1.006416174042045864e+00
1.047410264062291985e+00
1.046214955556917348e+00
1.146991231341944140e+00
1.091450457615565472e+00
1.017611960007920313e+00
1.002344176039761559e+00
1.046264733233247979e+00
1.009138166912802559e+00
1.635395701345908392e+00
1.140835749315185721e+00
1.009673603655574237e+00
1.027706606971756198e+00
1.007807955173249503e+00
1.007456363412555733e+00
1.051775644150815037e+00
1.009195655140792791e+00
1.067396085179878495e+00
1.036566477892128413e+00
1.072247055772961533e+00
1.121643875135119872e+00
1.089170430064857253e+00
1.337252216018950390e+00
1.009727614099857007e+00
1.103991381662327242e+00
1.019711591269966799e+00
1.079503750865032030e+00
1.045268982835788396e+00
1.021971655661841227e+00
1.023563521433969337e+00
1.001300694520481205e+00
1.222088224379903609e+00
1.009948960985909805e+00
2.451651688010702212e+00
1.030390010932038747e+00
1.004481386474636029e+00
1.007761006176002727e+00
1.021687073230020726e+00
1.013875622048592273e+00
1.084072772491900594e+00
1.082183502621738569e+00
1.025352765171396952e+00
1.126683828568303847e+00
1.028031089791739516e+00
1.009471305353853099e+00
1.002651269410484769e+00
1.057757555455320908e+00
1.035501906090359858e+00
1.153134574222513420e+00
1.023203991126636847e+00
1.023315815880559976e+00
1.020634553997181726e+00
1.044993534649018452e+00
1.018552521222796603e+00
1.024263568272261171e+00
1.035630734171620215e+00
1.036510784561982979e+00
2.043018709623484419e+00
1.044738130620361805e+00
1.026107159612430042e+00
1.079982490859590971e+00
1.027915556018976551e+00
2.962171400239793861e+00
1.360818112398614943e+00
1.075801059655007386e+00
1.018999686604513011e+00
1.064998357656397943e+00
1.021705888762179715e+00
1.047911398243815517e+00
1.033747194036861439e+00
1.022852972248181613e+00
1.097862382958366023e+00
1.023962285136801542e+00
1.096019618783212080e+00
1.161813141798230031e+00
1.003315105457631251e+00
1.083023964117969751e+00
1.016924250866795942e+00
1.014874300873214175e+00
1.041905815510117961e+00
1.019503702700649939e+00
1.103270242270236068e+00
1.007036955917938403e+00
2.352249979366425325e+00
1.029359041097195782e+00
1.037206702851021234e+00
1.019456085358738884e+00
1.108881088114487490e+00
1.076251239685403149e+00
1.010934127647683312e+00
1.038875728946229815e+00
1.116013885981795628e+00
1.022658922198948162e+00
1.078642172294413948e+00
1.006994011637698083e+00
1.044002774417938095e+00
1.134397716450833205e+00
1.076487436720317437e+00
1.056637706342983263e+00
1.117584769244001519e+00
1.031675004204531065e+00
1.024143705980884445e+00
1.016791146370286336e+00
2.555377208841215886e+00
1.030858634977643629e+00
1.012953726715452252e+00
1.043852472290409450e+00
2.016330453087883612e+00
1.055463258203279242e+00
1.088494106288040664e+00
1.079702924701217537e+00
2.841436087592687620e+00
1.057280208537549004e+00
1.012266456742503706e+00
1.002681382431671597e+00
1.024222281650400301e+00
1.084931721781228209e+00
1.020881642737673456e+00
1.001456738916168154e+00
1.220149450668478908e+00
1.043591193315765775e+00
1.047900593105710154e+00
1.017076919499771082e+00
1.077968307523417657e+00
1.014218255845490191e+00
1.006913568236367684e+00
1.109980055798070797e+00
1.014644094578175837e+00
1.103106133672562716e+00
1.007807955173249503e+00
1.051775644150815037e+00
1.002854973490012513e+00
1.072015277527294419e+00
1.044150924960662419e+00
1.969813824731753815e+00
1.046214955556917348e+00
1.009673603655574237e+00
1.084928180922140495e+00
2.042727468399331947e+00
1.008539155453355818e+00
1.009195655140792791e+00
1.059573696553250510e+00
1.121643875135119872e+00
1.010863971842921982e+00
1.009149380820664410e+00
1.075638951807260213e+00
1.007097414607756258e+00
1.010347114338331354e+00
1.011143258949056101e+00
1.102910447699043006e+00
1.113062690210024019e+00
1.086250932232350142e+00
1.050411101740328146e+00
1.153358925384091682e+00
1.081649361704307477e+00
1.017897033974931809e+00
1.041804808875024246e+00
1.002775163944778614e+00
2.102099560337271633e+00
1.041487362309591269e+00
1.115439370732668412e+00
1.009727614099857007e+00
1.026430002563771371e+00
1.112314453166765915e+00
1.336517041533114680e+00
1.028031089791739516e+00
1.017804556350907497e+00
4.395637037166928707e+01
1.098370644106625438e+00
5.283821674786136846e+00
1.009838848573097581e+00
1.013447792925112889e+00
1.008385373080450176e+00
1.035630734171620215e+00
1.013793962221022138e+00
1.020734964953413648e+00
3.090704307367473369e+00
1.018552521222796603e+00
2.812569985433020392e+00
1.360818112398614943e+00
1.105219230934434860e+00
1.002103533074905073e+00
1.020634553997181726e+00
1.002651269410484769e+00
5.055770554889909008e+00
1.004784443110879000e+00
1.023315815880559976e+00
1.346443183898384133e+00
1.180632963399239399e+00
2.962171400239793861e+00
1.135674913268292396e+00
1.406104274224340589e+00
1.047911398243815517e+00
1.076625833180943514e+00
1.008408939371397528e+00
1.008287304481007007e+00
1.018668612343513136e+00
1.029359041097195782e+00
1.029345288303443740e+00
1.041905815510117961e+00
1.058285376798091759e+00
1.008340509367329885e+00
2.534897093650002375e+00
5.203717727506886881e+00
1.013492879387708268e+00
1.105623685515902510e+00
1.061189319939073172e+00
1.064998357656397943e+00
3.004089190733500558e+00
1.097862382958366023e+00
1.119025757317240188e+00
1.083023964117969751e+00
1.402540750475573139e+00
1.010384452669044419e+00
2.119478909922883680e+00
1.137574491441647906e+00
3.827787853995499923e+00
1.018776077829294247e+00
1.012811609404846713e+00
1.012953726715452252e+00
1.518171752808012531e+00
1.199851809833806460e+00
1.016052094977106357e+00
1.077384257427837166e+00
1.070144556405482339e+00
1.090828270096516395e+00
1.093231307438601085e+00
1.040409202232726260e+00
3.385016263227554223e+00
1.084177626533155081e+00
1.134577389862322150e+00
1.153955074189555230e+00
1.094503500556682329e+00
1.062009535480298306e+00
1.007323544297574314e+00
1.195812720778711258e+00
1.002006727829697130e+00
1.005654278007582336e+00
1.040105730847360466e+00
1.047900593105710154e+00
1.055388654152803252e+00
1.007561461122692181e+00
1.043591193315765775e+00
1.099507200927498207e+00
1.081651553269655341e+00
1.039437406003307585e+00
1.002183881816184563e+00
1.077380132754297559e+00
1.008115870250046564e+00
1.002103015370281014e+00
1.014218255845490191e+00
1.029661755881288387e+00
1.008446810311701025e+00
1.062133126120833548e+00
1.821069123239704712e+00
1.067396085179878495e+00
1.002344176039761559e+00
1.014059847805229841e+00
1.033639812042755235e+00
1.049060236958617054e+00
1.050730402339834724e+00
1.044150924960662419e+00
1.036566477892128413e+00
1.005417991794908872e+00
1.017083422157927242e+00
1.120215713130972457e+00
1.003323628955910873e+00
1.009673603655574237e+00
1.008872873128424441e+00
1.000532395814091480e+00
1.007807955173249503e+00
1.015286925784342431e+00
1.041648980918433276e+00
1.010229592877396776e+00
2.640300356126743075e+00
1.125704103634515008e+00
1.026248886022796736e+00
3.691938020812211452e+00
1.020327391730359468e+00
1.264243706949041535e+00
1.041487362309591269e+00
1.609458212827438173e+00
1.081649361704307477e+00
1.078059709216339979e+00
1.021054834104711206e+00
1.019711591269966799e+00
1.120922164771767537e+00
1.028630823647226133e+00
1.001300694520481205e+00
1.079503750865032030e+00
1.069458782633816885e+00
1.403929934818669567e+00
1.094262285262507461e+00
1.062845344659061109e+00
1.054542735664863340e+00
1.008767650136135341e+00
1.067364405521634252e+00
1.065909567746524456e+00
1.076695731268923595e+00
1.160156926398899335e+00
1.020734964953413648e+00
1.133177573052835951e+00
2.043018709623484419e+00
1.015433023636116427e+00
1.026107159612430042e+00
1.040820698615198214e+00
2.511684368998646555e+00
1.027915556018976551e+00
1.022325617061536462e+00
1.045471587329430019e+00
1.025621236050924034e+00
2.812569985433020392e+00
1.108943582365505165e+00
1.015642203979085778e+00
1.002504466974710073e+00
1.035501906090359858e+00
1.002322060898738876e+00
1.004300718455874764e+00
1.003666811224392053e+00
1.073243844744024234e+00
1.026218652129669451e+00
1.009964654490780323e+00
1.089088477327992077e+00
1.037206702851021234e+00
1.049730427401370347e+00
3.004089190733500558e+00
1.406104274224340589e+00
1.011205372665484603e+00
1.008287304481007007e+00
1.066192035301748220e+00
1.223432585830248387e+00
1.005927749320394193e+00
1.128864398752295717e+00
1.033177825192801436e+00
5.203717727506886881e+00
1.028260547745817099e+00
1.025687044265861214e+00
1.009680247170730460e+00
3.385016263227554223e+00
1.059268443103752677e+00
1.019456085358738884e+00
1.007239804182467280e+00
1.140989360633633876e+00
1.022838096967686905e+00
1.078642172294413948e+00
1.031675004204531065e+00
1.078902856221818363e+00
1.012811609404846713e+00
1.098632409915874852e+00
1.002392014442345047e+00
1.056637706342983263e+00
1.008177501549310628e+00
1.034094056362280023e+00
1.062616448492298193e+00
1.043852472290409450e+00
1.074667039409050728e+00
1.108881088114487490e+00
1.008734078613551688e+00
1.197769889051847114e+00
1.099507200927498207e+00
1.009228968239906710e+00
1.001799506983112265e+00
1.011797907868594137e+00
1.031466932708283712e+00
1.077968307523417657e+00
1.099627730865374575e+00
1.002103015370281014e+00
1.010477755440255088e+00
1.039437406003307585e+00
1.109980055798070797e+00
2.016330453087883612e+00
1.062133126120833548e+00
1.042109829866086246e+00
1.016028218061888255e+00
1.012603092035896823e+00
1.017076919499771082e+00
1.020881642737673456e+00
1.119045570288784264e+00
1.040105730847360466e+00
1.013805518803770678e+00
1.800275657800163076e+00
1.005319111917741814e+00
2.640300356126743075e+00
1.146991231341944140e+00
1.009372699981807120e+00
1.072247055772961533e+00
1.050730402339834724e+00
1.049060236958617054e+00
1.044150924960662419e+00
1.010863971842921982e+00
1.017611960007920313e+00
1.006107275288870007e+00
1.082012830797292935e+00
1.007566520034868018e+00
1.084928180922140495e+00
1.932253283854941772e+00
1.009195655140792791e+00
1.821069123239704712e+00
1.069214903702459418e+00
1.003027766856387615e+00
1.060533065359013927e+00
1.126683828568303847e+00
1.019949984873957716e+00
1.025352765171396952e+00
2.599282236750274144e+00
1.115439370732668412e+00
1.018263073374106931e+00
1.018297898315050798e+00
1.078059709216339979e+00
1.040200235020706909e+00
1.028031089791739516e+00
5.793115386135036182e+00
1.072039997865514405e+00
1.009948960985909805e+00
1.120922164771767537e+00
1.264243706949041535e+00
1.007761006176002727e+00
1.084072772491900594e+00
3.117856869999431346e+00
1.013875622048592273e+00
1.011641206150512673e+00
1.609458212827438173e+00
1.067364405521634252e+00
1.004784443110879000e+00
1.083674732320831779e+00
1.035630734171620215e+00
1.111625766646276992e+00
1.013447792925112889e+00
1.346443183898384133e+00
1.117976580622427774e+00
1.065565841559874327e+00
2.400294110475049703e+00
1.034567436514398420e+00
1.008616594270439260e+00
1.061947135693855904e+00
1.108943582365505165e+00
1.008385373080450176e+00
5.055770554889909008e+00
1.009838848573097581e+00
1.052325416658763668e+00
1.111537126993943803e+00
1.004736331145125394e+00
1.023849828510403182e+00
1.058285376798091759e+00
1.084392413268881139e+00
1.025687044265861214e+00
1.021705888762179715e+00
1.073243844744024234e+00
1.026218652129669451e+00
1.102771491881248123e+00
1.257322071696079346e+00
1.083023964117969751e+00
1.024743243166228890e+00
1.293150560947537997e+00
1.406104274224340589e+00
1.077240169825347982e+00
1.022852972248181613e+00
1.099524585110182473e+00
1.009964654490780323e+00
1.008287304481007007e+00
1.102966422862881490e+00
1.003666811224392053e+00
1.016486955395114355e+00
1.017025891878992283e+00
1.015026326527265210e+00
2.800381955583022719e+00
3.230191942794025550e+00
2.164599252913781413e+00
1.402540750475573139e+00
1.024923731311377928e+00
1.008177501549310628e+00
1.007239804182467280e+00
1.034094056362280023e+00
1.038875728946229815e+00
1.062538323576676325e+00
1.016402094382908405e+00
1.018776077829294247e+00
1.014351800059253517e+00
1.117217402709537621e+00
1.013923712623244766e+00
1.016791146370286336e+00
1.010197302777056327e+00
1.076251239685403149e+00
1.021351061742192146e+00
1.116013885981795628e+00
1.003362551185181362e+00
1.060711121529192225e+00
1.000883387755449050e+00
1.003270802147870899e+00
1.055388654152803252e+00
1.031466932708283712e+00
1.055463258203279242e+00
1.014218255845490191e+00
1.449876283333684457e+00
1.220149450668478908e+00
1.077968307523417657e+00
1.016294392918475786e+00
1.029661755881288387e+00
1.046268599429232005e+00
1.119045570288784264e+00
1.009879755609779606e+00
1.017870512014651174e+00
1.010477755440255088e+00
1.062133126120833548e+00
1.008446810311701025e+00
1.002183881816184563e+00
1.014846065853884705e+00
1.072015277527294419e+00
1.077678619386634562e+00
1.041648980918433276e+00
1.120215713130972457e+00
1.002854973490012513e+00
1.051775644150815037e+00
1.089170430064857253e+00
1.014059847805229841e+00
1.146991231341944140e+00
1.007566520034868018e+00
1.026736194984397832e+00
1.010399062874297371e+00
2.743275917140762576e+00
1.046214955556917348e+00
1.058531305870176853e+00
3.290091639285596781e+00
1.049060236958617054e+00
1.007097414607756258e+00
1.800275657800163076e+00
1.010229592877396776e+00
1.028402821313982640e+00
2.451651688010702212e+00
1.115439370732668412e+00
1.028630823647226133e+00
3.691938020812211452e+00
1.045268982835788396e+00
1.078059709216339979e+00
1.007761006176002727e+00
1.009727614099857007e+00
1.336517041533114680e+00
1.160720584524050913e+00
1.030390010932038747e+00
1.075973719665097583e+00
1.630111581873382010e+00
1.217579882092207910e+00
1.017897033974931809e+00
1.072039997865514405e+00
1.050411101740328146e+00
1.001300694520481205e+00
1.125704103634515008e+00
1.145138022176026338e+00
1.135674913268292396e+00
1.017600521484132603e+00
1.014846017297292624e+00
1.099378002617720451e+00
1.052325416658763668e+00
1.015642203979085778e+00
1.360818112398614943e+00
1.108943582365505165e+00
1.020734964953413648e+00
1.077374584193667717e+00
1.111625766646276992e+00
1.002103533074905073e+00
1.019711891154854611e+00
1.001842456309260943e+00
1.023821902180621857e+00
1.023203991126636847e+00
1.009102454669351889e+00
2.536801875524985483e+00
1.065565841559874327e+00
1.083181278518933421e+00
5.055770554889909008e+00
1.033177825192801436e+00
1.009680247170730460e+00
1.016486955395114355e+00
1.028260547745817099e+00
1.021705888762179715e+00
1.066192035301748220e+00
1.010028683667688165e+00
2.968816998484539837e+00
2.041755655262723401e+00
1.623106298803091763e+00
1.017025891878992283e+00
1.003315105457631251e+00
1.115127813971617865e+00
1.149552977463521586e+00
1.013492879387708268e+00
1.406104274224340589e+00
1.038463857672576429e+00
1.064998357656397943e+00
1.066985870300483530e+00
1.065788668202723999e+00
1.102771491881248123e+00
1.010934127647683312e+00
1.199851809833806460e+00
1.078642172294413948e+00
1.027552337942047700e+00
1.014575385110188632e+00
2.164599252913781413e+00
1.076487436720317437e+00
1.021351061742192146e+00
1.093231307438601085e+00
3.385016263227554223e+00
1.074438727157675855e+00
1.059268443103752677e+00
1.014320272283527391e+00
1.077384257427837166e+00
1.016052094977106357e+00
1.299386722928121518e+00
1.153955074189555230e+00
3.827787853995499923e+00
1.197769889051847114e+00
1.056637706342983263e+00
1.019456085358738884e+00
1.046268599429232005e+00
1.000883387755449050e+00
1.029661755881288387e+00
2.292589015676106179e+00
1.105505195886119285e+00
1.038838266237773977e+00
1.062009535480298306e+00
1.009879755609779606e+00
1.020511808526599840e+00
1.000914569449987912e+00
1.017076919499771082e+00
1.005543862138214894e+00
1.052554855483053498e+00
1.079702924701217537e+00
1.042109829866086246e+00
1.055463258203279242e+00
1.094112785257733478e+00
1.008446810311701025e+00
1.047900593105710154e+00
1.016294392918475786e+00
1.449876283333684457e+00
1.036646720261317878e+00
1.007807955173249503e+00
1.017083422157927242e+00
1.026736194984397832e+00
1.068540057817314093e+00
1.969813824731753815e+00
1.129260310078419538e+00
1.072247055772961533e+00
1.010229592877396776e+00
1.012910316560499346e+00
1.009372699981807120e+00
2.042727468399331947e+00
1.103106133672562716e+00
1.067396085179878495e+00
1.018859585441429738e+00
1.044150924960662419e+00
1.159425686020196133e+00
1.017532521997633221e+00
1.011372102685955232e+00
3.103430389328353911e+00
1.015286925784342431e+00
1.079503750865032030e+00
1.018297898315050798e+00
1.013181629827766495e+00
1.059041082510567167e+00
1.025352765171396952e+00
1.156447378927160763e+00
1.027853559446194831e+00
1.160720584524050913e+00
1.018263073374106931e+00
1.143062589476832258e+00
1.072039997865514405e+00
4.970371573425117262e+00
1.126683828568303847e+00
1.015909307543861884e+00
1.087345665547156948e+00
2.620573615921788946e+00
1.036360675667842957e+00
1.013875622048592273e+00
3.691938020812211452e+00
1.102910447699043006e+00
1.067062871289496728e+00
1.111625766646276992e+00
1.160156926398899335e+00
1.115112173540960150e+00
1.077374584193667717e+00
1.015433023636116427e+00
1.112229354230971579e+00
1.135674913268292396e+00
1.180632963399239399e+00
1.015642203979085778e+00
1.257654971875044492e+00
1.019711891154854611e+00
1.001842456309260943e+00
1.104414833506467852e+00
1.002651269410484769e+00
1.025621236050924034e+00
1.004784443110879000e+00
1.045471587329430019e+00
1.117976580622427774e+00
1.020734964953413648e+00
1.133177573052835951e+00
1.081266572425082284e+00
1.003666811224392053e+00
1.033747194036861439e+00
1.019503702700649939e+00
1.099524585110182473e+00
1.017025891878992283e+00
1.097862382958366023e+00
5.203717727506886881e+00
1.103270242270236068e+00
1.348326534894811690e+00
1.108909604126451232e+00
3.029634503869867324e+00
2.769821316512959264e+00
1.022852972248181613e+00
1.023962285136801542e+00
1.004300718455874764e+00
1.089088477327992077e+00
1.041905815510117961e+00
1.016924250866795942e+00
1.084392413268881139e+00
1.066985870300483530e+00
1.029359041097195782e+00
1.014351800059253517e+00
1.078902856221818363e+00
1.070144556405482339e+00
1.010934127647683312e+00
1.110273139192874625e+00
1.024143705980884445e+00
1.044002774417938095e+00
1.020892644187179510e+00
1.015026326527265210e+00
1.020455703236287537e+00
1.074667039409050728e+00
1.030858634977643629e+00
1.402540750475573139e+00
1.062616448492298193e+00
1.010896440070482960e+00
1.013923712623244766e+00
1.140989360633633876e+00
1.130079939668376277e+00
1.137574491441647906e+00
1.127264697582980535e+00
1.062538323576676325e+00
1.024222281650400301e+00
1.449876283333684457e+00
1.042109829866086246e+00
1.014326070594594231e+00
1.012266456742503706e+00
1.033709128379725284e+00
1.014218255845490191e+00
1.060711121529192225e+00
1.009228968239906710e+00
1.057280208537549004e+00
1.007561461122692181e+00
2.438154299945739822e+01
1.002006727829697130e+00
2.016330453087883612e+00
1.017870512014651174e+00
1.034027465610023899e+00
1.015145091680067724e+00
1.046268599429232005e+00
1.008446810311701025e+00
1.099627730865374575e+00
1.012603092035896823e+00
1.010668968760119579e+00
1.090627117868795848e+00
1.120215713130972457e+00
5.990767065227713850e+00
1.932253283854941772e+00
1.040364035773045037e+00
1.010229592877396776e+00
3.103430389328353911e+00
3.290091639285596781e+00
1.009512542718153272e+00
1.337252216018950390e+00
1.017083422157927242e+00
1.011143258949056101e+00
1.018859585441429738e+00
1.007097414607756258e+00
1.812537425105640976e+00
1.002344176039761559e+00
1.044150924960662419e+00
1.008099692294395444e+00
1.089116830062021979e+00
1.050730402339834724e+00
1.153358925384091682e+00
1.062845344659061109e+00
1.035277697075256853e+00
2.354344914439479908e+00
1.013843385120858809e+00
1.026430002563771371e+00
1.115439370732668412e+00
1.039023769317177992e+00
3.117856869999431346e+00
1.009400116952221094e+00
1.156447378927160763e+00
1.264243706949041535e+00
1.021054834104711206e+00
1.126683828568303847e+00
1.011641206150512673e+00
1.072039997865514405e+00
1.117006489650888890e+00
1.021687073230020726e+00
1.027853559446194831e+00
1.005381504581736030e+00
1.019711591269966799e+00
1.019711891154854611e+00
1.009102454669351889e+00
5.055770554889909008e+00
1.017600521484132603e+00
1.018552521222796603e+00
1.001842456309260943e+00
1.068195377304704596e+00
1.044993534649018452e+00
1.257654971875044492e+00
1.018026512517426152e+00
1.075801059655007386e+00
1.023315815880559976e+00
1.034567436514398420e+00
1.022687423779814697e+00
1.011457517162543285e+00
1.160156926398899335e+00
1.002504466974710073e+00
1.032047328465276692e+00
1.035630734171620215e+00
1.061947135693855904e+00
1.015642203979085778e+00
1.016486955395114355e+00
2.352249979366425325e+00
1.025971129461282327e+00
1.037206702851021234e+00
1.102966422862881490e+00
1.009680247170730460e+00
1.004300718455874764e+00
1.041905815510117961e+00
1.009964654490780323e+00
1.005927749320394193e+00
1.192250674994797421e+00
1.025082870597693097e+00
1.348326534894811690e+00
1.406104274224340589e+00
1.102771491881248123e+00
1.024797394034938858e+00
1.029345288303443740e+00
1.700900940955804685e+01
2.041755655262723401e+00
1.002864242714374354e+00
1.049730427401370347e+00
1.016539551132980446e+00
1.019456085358738884e+00
1.074438727157675855e+00
1.084177626533155081e+00
1.078902856221818363e+00
1.137574491441647906e+00
1.089758764094484578e+00
1.040409202232726260e+00
1.009122885385033142e+00
2.058504891659740377e+00
2.119478909922883680e+00
1.027552337942047700e+00
1.077713310800392676e+00
1.059199234437034010e+00
3.385016263227554223e+00
1.014351800059253517e+00
3.230191942794025550e+00
1.012953726715452252e+00
1.022658922198948162e+00
1.016052094977106357e+00
1.024143705980884445e+00
1.016098004691244894e+00
1.013904819786449529e+00
1.703943127796280432e+00
1.079702924701217537e+00
1.005543862138214894e+00
1.010477755440255088e+00
1.031466932708283712e+00
1.057280208537549004e+00
1.009228968239906710e+00
1.014326070594594231e+00
1.011454656546956210e+00
1.013121014533479247e+00
2.057785835647615080e+00
1.008446810311701025e+00
1.020881642737673456e+00
2.608813691037823013e+00
1.021296048552392310e+00
2.292589015676106179e+00
1.016031258679146010e+00
1.002006727829697130e+00
1.040105730847360466e+00
3.103430389328353911e+00
1.007097414607756258e+00
1.027706606971756198e+00
1.932253283854941772e+00
1.089116830062021979e+00
1.120109824726223779e+00
1.072247055772961533e+00
1.009149380820664410e+00
1.006658323088320373e+00
1.008885526550718392e+00
1.821069123239704712e+00
1.068540057817314093e+00
1.404435866910252573e+00
1.068318508772046371e+00
1.084928180922140495e+00
1.008539155453355818e+00
1.025951689588337157e+00
1.005417991794908872e+00
1.800275657800163076e+00
1.009673603655574237e+00
1.002344176039761559e+00
1.020327391730359468e+00
1.072039997865514405e+00
1.054542735664863340e+00
1.086250932232350142e+00
1.112314453166765915e+00
1.156447378927160763e+00
1.017804556350907497e+00
3.117856869999431346e+00
1.050411101740328146e+00
1.030390010932038747e+00
1.217579882092207910e+00
4.395637037166928707e+01
1.015909307543861884e+00
1.027853559446194831e+00
1.198653601459120033e+00
1.041804808875024246e+00
1.143062589476832258e+00
1.028031089791739516e+00
1.075973719665097583e+00
1.025352765171396952e+00
1.023563521433969337e+00
2.400294110475049703e+00
1.075801059655007386e+00
1.020634553997181726e+00
1.016194502490916696e+00
1.111625766646276992e+00
1.117976580622427774e+00
1.013793962221022138e+00
8.576460495778009729e+00
1.004018593470210607e+00
1.032047328465276692e+00
1.100058091814548389e+00
1.020734964953413648e+00
1.019711891154854611e+00
1.160156926398899335e+00
1.068195377304704596e+00
1.108943582365505165e+00
2.962171400239793861e+00
1.024263568272261171e+00
1.001842456309260943e+00
3.441075437480022092e+00
1.044993534649018452e+00
1.102966422862881490e+00
1.099524585110182473e+00
1.077240169825347982e+00
1.063187177646793824e+00
1.021705888762179715e+00
1.102771491881248123e+00
2.352249979366425325e+00
1.019503702700649939e+00
1.052164510376463635e+00
1.008340509367329885e+00
1.008408939371397528e+00
1.033177825192801436e+00
1.008603012512728991e+00
5.282960775975932499e+00
1.066192035301748220e+00
3.029634503869867324e+00
1.115127813971617865e+00
1.023962285136801542e+00
1.022852972248181613e+00
3.004089190733500558e+00
1.017025891878992283e+00
1.084177626533155081e+00
1.008177501549310628e+00
1.062538323576676325e+00
1.049967763304228807e+00
1.021351061742192146e+00
1.027552337942047700e+00
1.002392014442345047e+00
1.077713310800392676e+00
2.800381955583022719e+00
1.083101910036673221e+00
2.058504891659740377e+00
1.022658922198948162e+00
1.019456085358738884e+00
1.402540750475573139e+00
1.031675004204531065e+00
1.117217402709537621e+00
1.016052094977106357e+00
1.012811609404846713e+00
1.014575385110188632e+00
1.006994011637698083e+00
1.137574491441647906e+00
1.009051903045392162e+00
1.005680375534471427e+00
1.008115870250046564e+00
1.014218255845490191e+00
1.007561461122692181e+00
1.079702924701217537e+00
1.094112785257733478e+00
1.029661755881288387e+00
1.055463258203279242e+00
1.001456738916168154e+00
2.292589015676106179e+00
1.099627730865374575e+00
1.038838266237773977e+00
1.031245918015161855e+00
1.001799506983112265e+00
1.013904819786449529e+00
1.703943127796280432e+00
1.017870512014651174e+00
1.109980055798070797e+00
1.006913568236367684e+00
1.052554855483053498e+00
1.036566477892128413e+00
3.103430389328353911e+00
1.011372102685955232e+00
1.006658323088320373e+00
1.020711822157165383e+00
1.077678619386634562e+00
1.050730402339834724e+00
1.089170430064857253e+00
1.002854973490012513e+00
1.008885526550718392e+00
1.072247055772961533e+00
1.050989490581921704e+00
1.017611960007920313e+00
1.090627117868795848e+00
1.026736194984397832e+00
1.008539155453355818e+00
1.051775644150815037e+00
1.011143258949056101e+00
1.105479877124017296e+00
1.337252216018950390e+00
1.932253283854941772e+00
