1.015633456480750096e+00
1.003406884570960944e+00
1.018832742257011592e+00
1.000418815516587845e+00
1.717134383017732802e+00
1.002586695323862465e+00
1.004528168693186618e+00
1.877190688727697232e+00
1.001481403855764452e+00
1.011224169482892732e+00
1.237751801640774918e+00
1.214995846687563219e+00
1.135752910336075505e+00
1.000447552735257650e+00
1.004287353028648910e+00
1.000095992725624328e+00
1.486963092935949859e+00
1.023929643873883633e+00
1.011239918958977357e+00
1.000876997032715154e+00
1.043752759367693850e+00
1.395918064522852831e+00
1.000426230450564669e+00
1.009968272258875643e+00
1.013433840216640958e+00
1.013547456056173246e+00
1.002824251676514677e+00
1.026382226183921276e+00
1.088473357801343466e+00
1.000335451028660172e+00
1.020237792338264615e+00
1.003162056974316041e+00
1.014188811012140423e+00
1.005580577935040854e+00
1.000737053873227422e+00
1.018418525930989915e+00
1.001689934330924459e+00
1.012708961813563846e+00
1.004553464843426891e+00
1.004718791447290815e+00
1.000418338022124320e+00
1.018124583898715851e+00
2.684410084870818558e+00
1.000432413773208351e+00
1.008146586147897761e+00
1.010631064289440051e+00
1.000424597769079327e+00
1.002690714355674029e+00
1.001145399848776707e+00
1.001351971342623104e+00
1.002272961479329982e+00
1.000657937595567981e+00
1.042736939698206911e+00
1.006461361382102293e+00
1.002417103160675893e+00
1.000093546722863547e+00
1.021277422358683129e+00
1.002311219416907706e+00
1.013570514177256410e+00
1.002033846749589285e+00
1.000269225400224338e+00
1.031562539329161865e+00
1.002077529813965251e+00
1.002452193887229948e+00
1.012354160331335295e+00
1.000419317686300769e+00
1.007720283863061450e+00
1.010233361473537039e+00
1.002134955880364497e+00
1.004419403746888539e+00
1.010769617347104576e+00
1.013427090073807380e+00
1.039672704057690744e+00
1.002302343942541807e+00
1.349325257040000059e+00
1.014292874314046022e+00
1.017739260242245702e+00
1.798383557866694016e+00
1.001209824320397734e+00
1.005484418041217243e+00
1.045244115080024461e+00
1.009813355202497931e+00
1.014564390678060812e+00
1.005063162250634301e+00
1.014167117290935227e+00
1.000973054036768062e+00
1.000226828644447119e+00
1.030806418060469465e+00
1.000008121595767019e+00
1.000033630093380532e+00
1.001960569007257718e+00
1.000302850740034888e+00
1.006669262121122177e+00
1.008194330873219080e+00
1.013121020613929391e+00
1.004897589815939574e+00
1.000160564782918371e+00
1.001693602791833282e+00
1.001803495695848145e+00
1.001326760127486448e+00
1.001954271424319476e+00
1.000225058894870234e+00
1.005731188092646500e+00
1.514385189342408067e+00
1.039949140344153866e+00
1.273888860607822693e+00
1.011301118803587196e+00
1.002711993791306933e+00
1.039661239157104955e+00
1.005842516778661988e+00
1.000924083157481714e+00
1.785323212605960164e+00
1.000324715513513318e+00
1.000217941062983229e+00
1.034787205989083247e+00
1.330023062431715974e+00
1.001157623249216755e+00
1.011919561927611344e+00
1.000378606811335835e+00
1.001773349752841602e+00
1.122571026218748491e+00
1.000974533582319470e+00
1.022022519500466853e+00
1.012873914929225183e+00
1.017414538035911642e+00
1.008679087547673658e+00
1.031907752564983571e+00
1.001760086114510839e+00
1.046035769638121726e+00
1.003139325089041689e+00
1.014584032985158313e+00
1.454772024010694498e+00
1.214995846687563219e+00
1.017605111087362957e+00
1.001938510700083551e+00
1.004158669210627908e+00
1.001842588969605874e+00
1.014995491932686900e+00
1.000095992725624328e+00
1.000012291388757246e+00
1.004287353028648910e+00
1.001266723233452005e+00
1.025762047546509237e+00
1.000551327685207825e+00
1.877190688727697232e+00
1.023929643873883633e+00
1.008121431603910212e+00
1.028168212570502282e+00
1.001653942061082603e+00
1.005580577935040854e+00
1.000332162677402881e+00
1.013547456056173246e+00
1.025403471525855981e+00
1.001722327740862895e+00
1.001148933445401790e+00
1.019890283775199524e+00
1.000737053873227422e+00
1.000490810886013104e+00
1.013334206470775545e+00
1.532798425681177301e+00
1.014188811012140423e+00
1.025296262348391663e+00
1.000320775236727355e+00
1.003065324646897238e+00
1.026382226183921276e+00
1.036954105948089788e+00
1.003162056974316041e+00
1.030916537744513528e+00
1.011636711751200846e+00
1.000557552236774672e+00
1.000093546722863547e+00
1.011126312199541744e+00
1.015540590175581404e+00
1.018716114913948534e+00
1.002272961479329982e+00
1.002311219416907706e+00
1.023692724065493831e+00
1.001396869500467357e+00
1.024562141957483741e+00
1.010855708106115580e+00
1.003036049126247109e+00
1.021277422358683129e+00
1.047467089585837119e+00
1.028305146784038504e+00
1.029007703240700566e+00
1.027062529958020276e+00
1.038274793905801907e+00
1.047303868621998202e+00
1.032313325764629308e+00
1.016515489510356529e+00
1.004432664206046821e+00
1.024380910925738686e+00
1.000709872971870640e+00
1.002675370063555338e+00
1.017837427183912125e+00
1.003117312751766299e+00
1.324159433619660931e+00
1.002107409573391283e+00
1.005063162250634301e+00
1.000121421559477142e+00
1.009399525066093872e+00
1.010921508873734664e+00
1.005129961539916295e+00
1.049430028621240574e+00
1.008647027844357558e+00
1.045244115080024461e+00
1.013427090073807380e+00
1.000229620834666822e+00
1.000714157396683568e+00
1.013723847013375146e+00
1.000538141573729334e+00
1.026261987544685894e+00
1.007656946807647058e+00
1.882741044361921912e+00
1.017129025419165611e+00
1.002112762833104131e+00
1.008194330873219080e+00
1.001982057572718521e+00
1.001368915817630212e+00
1.013121020613929391e+00
1.010048822899533905e+00
1.001807198997687331e+00
1.018547482903967571e+00
1.016216429657867293e+00
1.004897589815939574e+00
1.048887681104240910e+00
1.011327470616667057e+00
1.001080173346674318e+00
1.001693602791833282e+00
1.036042834402623125e+00
1.002683145523111996e+00
1.012604339782574359e+00
1.016696237851074658e+00
1.001821822891045821e+00
1.001773349752841602e+00
1.001554511786793444e+00
1.000974533582319470e+00
1.044809321011439973e+00
1.000278019141100261e+00
1.001185820060821907e+00
1.014085023015042886e+00
1.007770549230443624e+00
1.001742177962044122e+00
1.000597508605637120e+00
1.000217941062983229e+00
1.001260896885620255e+00
1.029632072359116801e+00
1.000767131127001663e+00
1.001893091645881473e+00
1.004724090910885215e+00
1.022782032919116180e+00
1.007542666052871017e+00
1.030705288391772001e+00
1.032133939511716392e+00
1.003865837237839509e+00
1.002217396767766111e+00
1.000362871880495552e+00
1.024573475551041835e+00
1.717134383017732802e+00
1.012471909301497330e+00
1.025932785144944015e+00
1.043606939103931541e+00
1.002586695323862465e+00
1.051289110457569009e+00
1.530303069480974276e+00
1.002176777306805766e+00
1.000012291388757246e+00
1.014995491932686900e+00
1.043752759367693850e+00
1.023929643873883633e+00
1.000876997032715154e+00
1.049272016060572410e+00
1.013376191554566486e+00
1.000213962142163293e+00
1.000915527976119268e+00
1.012708961813563846e+00
1.007162651882141491e+00
1.028920521736817362e+00
1.039623758517906671e+00
1.000418338022124320e+00
1.000331927885629524e+00
1.018124583898715851e+00
1.704080886757618929e+00
1.002372426994109222e+00
1.001722327740862895e+00
1.020237792338264615e+00
1.016608874043692712e+00
1.016725690666079318e+00
1.013334206470775545e+00
1.003970271976783346e+00
1.013547456056173246e+00
1.000284356558781118e+00
1.050035441418812665e+00
1.004553464843426891e+00
1.041087206403323417e+00
1.023692724065493831e+00
1.001396869500467357e+00
1.061943446230403598e+00
1.032313325764629308e+00
1.000526204106716666e+00
1.004147272346583408e+00
1.002690714355674029e+00
1.000031060308705255e+00
1.016498648372808455e+00
1.010855708106115580e+00
1.007575737837924645e+00
1.011570414508929483e+00
1.006531842933088061e+00
1.015208790204320977e+00
1.001993781338570866e+00
1.000369960723159979e+00
1.700017563630719764e+00
1.274277665579590657e+00
1.000432413773208351e+00
1.005141687650488169e+00
1.082310725301016685e+00
1.011430959153408526e+00
1.005979969691524811e+00
1.002675370063555338e+00
1.038428658106582247e+00
1.008647027844357558e+00
1.001839237752303546e+00
1.001209824320397734e+00
1.023590932667187037e+00
1.000532042652041209e+00
1.000550172313215525e+00
1.009402767074932816e+00
1.000988690590129737e+00
1.013427090073807380e+00
1.012354160331335295e+00
1.909650266651573558e+00
1.010921508873734664e+00
1.000564599638350760e+00
1.001168598847475888e+00
1.002302343942541807e+00
1.001142916981847986e+00
1.000033630093380532e+00
1.001954271424319476e+00
1.000133099308419204e+00
1.005875684064966524e+00
1.000902099710292203e+00
1.002065982692850632e+00
1.014588512218840943e+00
1.026261987544685894e+00
1.882741044361921912e+00
1.000309612027350026e+00
1.001803495695848145e+00
1.017898936767304807e+00
1.000947185743102485e+00
1.000188266305203300e+00
1.000290795939376309e+00
1.001693602791833282e+00
1.001920347695601565e+00
1.004897589815939574e+00
1.001093376364335041e+00
1.001429805232653347e+00
1.022416565227420193e+00
1.273888860607822693e+00
1.022837532157055085e+00
1.000009540439894762e+00
1.001406457895285040e+00
1.007770549230443624e+00
1.099560385451489264e+00
1.022782032919116180e+00
1.000779813297970389e+00
1.029632072359116801e+00
1.015378251112315500e+00
1.014085023015042886e+00
1.044248837094041260e+00
1.785323212605960164e+00
1.023116185163172931e+00
1.001773349752841602e+00
1.011301118803587196e+00
1.003466289630231767e+00
1.002281498103053003e+00
1.004544483523067244e+00
1.025212527226760262e+00
1.032829247117226457e+00
1.002725214615545424e+00
1.042488822639062507e+00
1.029458701778532603e+00
1.042005394850617161e+00
1.001241278959143166e+00
1.000637846375632911e+00
1.000441102759650702e+00
1.006102567465195552e+00
1.003083506708708272e+00
1.004158669210627908e+00
1.025106761434700919e+00
1.000447552735257650e+00
1.002336434334394566e+00
1.135752910336075505e+00
1.008001831636895052e+00
1.008837898722061199e+00
1.006742053285682559e+00
1.008041902911571253e+00
1.010618941658989467e+00
1.004528168693186618e+00
1.003139325089041689e+00
1.054681471985747354e+00
1.000418338022124320e+00
1.002060274095055492e+00
1.395918064522852831e+00
1.016608874043692712e+00
1.002577573343123474e+00
1.042821562889701514e+00
1.620412828428575924e+00
1.000320775236727355e+00
1.000179238835985362e+00
1.017495698802854953e+00
1.006032615641272665e+00
1.000213962142163293e+00
1.001705500261027337e+00
1.050035441418812665e+00
1.047147750176537384e+00
1.008527380268657625e+00
1.004718791447290815e+00
1.000737053873227422e+00
1.013547456056173246e+00
1.028920521736817362e+00
1.042743956391055882e+00
1.001531160825088529e+00
1.003227626190949850e+00
1.000424597769079327e+00
1.000269225400224338e+00
1.001351971342623104e+00
1.010631064289440051e+00
1.002135036905942300e+00
1.002636324344284624e+00
1.027062529958020276e+00
1.010855708106115580e+00
1.000557552236774672e+00
1.042736939698206911e+00
1.000395466995174898e+00
1.026499619963327614e+00
1.000779053434416310e+00
1.000031060308705255e+00
1.002416958452225781e+00
1.024562141957483741e+00
1.012707219643438128e+00
1.180114437959762785e+00
1.012354160331335295e+00
1.017837427183912125e+00
1.000121421559477142e+00
1.000532042652041209e+00
1.008602999714339088e+00
1.002134955880364497e+00
1.004432664206046821e+00
1.017049338838559969e+00
1.003026941968194974e+00
1.000454658162056587e+00
1.000667792016076252e+00
1.012589886438155062e+00
1.010921508873734664e+00
1.001607991199494174e+00
1.009402767074932816e+00
1.015354036508575586e+00
1.024380910925738686e+00
1.021101553450479260e+00
1.045244115080024461e+00
1.013723847013375146e+00
1.000374718707573551e+00
1.000160564782918371e+00
1.001803495695848145e+00
1.000302850740034888e+00
1.000052845806091550e+00
1.002431174742072439e+00
1.030806418060469465e+00
1.000764880175325278e+00
2.222220827799990417e+00
1.005875684064966524e+00
1.001920347695601565e+00
1.001960569007257718e+00
1.038589937489893256e+00
1.016216429657867293e+00
1.000309612027350026e+00
1.001693602791833282e+00
1.006669262121122177e+00
1.004952053579244442e+00
1.010544321283112446e+00
1.005201026927973862e+00
1.001954271424319476e+00
1.011110898889579390e+00
1.018374464095109566e+00
1.819217328897183350e+00
1.008679087547673658e+00
1.001744441237302219e+00
1.004544483523067244e+00
1.122571026218748491e+00
1.012604339782574359e+00
1.785323212605960164e+00
1.002877306564489812e+00
1.044248837094041260e+00
1.000790530451286964e+00
1.022782032919116180e+00
1.029632072359116801e+00
1.002711993791306933e+00
1.017484227841372491e+00
1.023116185163172931e+00
2.053495523727183247e+00
1.099560385451489264e+00
1.016696237851074658e+00
1.001329058315603593e+00
1.000368124115319279e+00
1.001007687849552408e+00
1.031907752564983571e+00
1.000095992725624328e+00
1.046035769638121726e+00
1.008121431603910212e+00
1.002586695323862465e+00
1.001324430255772224e+00
1.051289110457569009e+00
1.012838707174267272e+00
1.011224169482892732e+00
1.015633456480750096e+00
1.000876997032715154e+00
1.237751801640774918e+00
1.003406884570960944e+00
1.001498115988480375e+00
1.001266723233452005e+00
1.028717269063050388e+00
1.002725214615545424e+00
1.000012291388757246e+00
1.000748240261638999e+00
1.067004519654706440e+00
1.014188811012140423e+00
1.001340180675068137e+00
1.001292930260382130e+00
1.018418525930989915e+00
1.620412828428575924e+00
1.000490810886013104e+00
1.004256131596962698e+00
1.000331927885629524e+00
1.002274598917316739e+00
1.004922714930833294e+00
1.004712422727772170e+00
1.007634023687904001e+00
2.097035682485968167e+00
1.043534132315888652e+00
1.001722327740862895e+00
1.000335451028660172e+00
2.431662487165203057e+00
1.395918064522852831e+00
1.007227159092604740e+00
1.002577573343123474e+00
1.002690564288382324e+00
1.011636711751200846e+00
1.009882862583564078e+00
1.000031060308705255e+00
1.106474923034368230e+00
1.000269225400224338e+00
1.016498648372808455e+00
1.000741850452379067e+00
1.013570514177256410e+00
1.047467089585837119e+00
1.004450210928271137e+00
1.025567281288524812e+00
1.035620116092675236e+00
1.010855708106115580e+00
1.031562539329161865e+00
1.024562141957483741e+00
1.006461361382102293e+00
1.014425598175457299e+00
1.000740793751753843e+00
1.042743956391055882e+00
1.001470507480887617e+00
1.001993781338570866e+00
1.001209824320397734e+00
1.014564390678060812e+00
1.027155577443080059e+00
1.003526285990523403e+00
1.038428658106582247e+00
1.002066521045319458e+00
1.001937839935768126e+00
1.013427090073807380e+00
1.002315230659288181e+00
1.009813355202497931e+00
1.022537485471142649e+00
1.001839237752303546e+00
1.039416458711856395e+00
1.001434755095428786e+00
1.011430959153408526e+00
1.000352727896455463e+00
1.033604902550579352e+00
1.012589886438155062e+00
1.004419403746888539e+00
1.798383557866694016e+00
1.010919199296049120e+00
1.011110898889579390e+00
1.000949990252108179e+00
1.018187996168719689e+00
1.001368915817630212e+00
1.001977422241816518e+00
1.014588512218840943e+00
1.043352982722281164e+00
1.000033630093380532e+00
1.026261987544685894e+00
1.003668978315114257e+00
1.018547482903967571e+00
1.000639572846061087e+00
1.000838581069534161e+00
1.021973256989799683e+00
1.033321515085120934e+00
1.010048822899533905e+00
1.023765508829138415e+00
1.001960569007257718e+00
1.002280643196953758e+00
1.000395516100391013e+00
1.015742586474206011e+00
2.053495523727183247e+00
1.002363327176566177e+00
1.005694192277544197e+00
1.000384149094984521e+00
1.004544483523067244e+00
1.000071357467457345e+00
1.000597508605637120e+00
1.000217941062983229e+00
1.015378251112315500e+00
1.023306564131870378e+00
1.000869700102285931e+00
1.417492476722365780e+00
1.086921032552642385e+00
1.002281498103053003e+00
1.011785589104683636e+00
1.029632072359116801e+00
1.000779813297970389e+00
1.001157623249216755e+00
1.001668592175980255e+00
1.004660186826710433e+00
1.000378606811335835e+00
1.020095427730805415e+00
1.717134383017732802e+00
1.043606939103931541e+00
1.008837898722061199e+00
1.000418815516587845e+00
1.032133939511716392e+00
1.001266723233452005e+00
1.008121431603910212e+00
1.013376191554566486e+00
1.001241278959143166e+00
1.017610265476004638e+00
1.000527918087860346e+00
1.000095992725624328e+00
1.046035769638121726e+00
1.000816809103383775e+00
1.007092495400285559e+00
1.010618941658989467e+00
1.237751801640774918e+00
1.031907752564983571e+00
1.030705288391772001e+00
1.000441102759650702e+00
1.002320360694252344e+00
1.001342506770568574e+00
1.016725690666079318e+00
1.001689934330924459e+00
1.030651489319574399e+00
1.004712422727772170e+00
1.000418338022124320e+00
1.034564145748010366e+00
1.395918064522852831e+00
1.007634023687904001e+00
1.000751165998657211e+00
1.019307380143537944e+00
1.013061098847753083e+00
1.006032615641272665e+00
1.050035441418812665e+00
1.001148933445401790e+00
1.002179414453354900e+00
1.003162056974316041e+00
1.000213962142163293e+00
1.012708961813563846e+00
1.000320775236727355e+00
1.029007703240700566e+00
1.700017563630719764e+00
1.028305146784038504e+00
1.028235061061988143e+00
1.006461361382102293e+00
1.002636324344284624e+00
1.020142700611372133e+00
1.004147272346583408e+00
1.000557552236774672e+00
1.001993781338570866e+00
1.002416958452225781e+00
1.006531842933088061e+00
1.026956028221566397e+00
1.604363683537312513e+00
1.002135036905942300e+00
1.000395466995174898e+00
1.002077529813965251e+00
1.001531160825088529e+00
1.000369960723159979e+00
1.020123749283991854e+00
1.004698299349275237e+00
1.092991817892938755e+00
1.017049338838559969e+00
1.034313155287422292e+00
1.021101553450479260e+00
1.010233361473537039e+00
1.002819959649128068e+00
1.000365355569746040e+00
1.324159433619660931e+00
1.002452193887229948e+00
1.009399525066093872e+00
1.000709872971870640e+00
1.022537485471142649e+00
1.000013435711575971e+00
1.002620200890205426e+00
1.001142916981847986e+00
1.798383557866694016e+00
1.002302343942541807e+00
1.002675370063555338e+00
1.012589886438155062e+00
1.003526285990523403e+00
1.001094164443156354e+00
1.000008121595767019e+00
1.000451780302730409e+00
1.003668978315114257e+00
1.000949990252108179e+00
1.016216429657867293e+00
1.038589937489893256e+00
1.001803495695848145e+00
1.000188266305203300e+00
1.001920347695601565e+00
1.015742586474206011e+00
1.033321515085120934e+00
1.000309612027350026e+00
1.000902099710292203e+00
1.000639572846061087e+00
1.014167117290935227e+00
1.000538141573729334e+00
1.403152148743958438e+00
1.000290795939376309e+00
1.009383932522993188e+00
1.023765508829138415e+00
1.001326760127486448e+00
1.007595596250112191e+00
1.000113738560520105e+00
1.008981782956910989e+00
1.004660186826710433e+00
1.022022519500466853e+00
1.000217941062983229e+00
1.001672601280880537e+00
1.000924083157481714e+00
1.122571026218748491e+00
1.000368124115319279e+00
1.002512567979051417e+00
1.006615374044966149e+00
1.000779813297970389e+00
2.053495523727183247e+00
1.017414538035911642e+00
1.002193447899248691e+00
1.819217328897183350e+00
1.007542666052871017e+00
1.001632972259971943e+00
1.022213026003491843e+00
1.000071357467457345e+00
1.042488822639062507e+00
1.000012291388757246e+00
1.012471909301497330e+00
1.016851006783118017e+00
1.000447552735257650e+00
1.017610265476004638e+00
1.026755785689478895e+00
1.002985833780452030e+00
1.001498115988480375e+00
1.002698889736306942e+00
1.067004519654706440e+00
1.002961868694840941e+00
1.000748240261638999e+00
1.011224169482892732e+00
1.003139325089041689e+00
1.030705288391772001e+00
1.006143596623059633e+00
1.006374572636502762e+00
1.000527918087860346e+00
1.000876997032715154e+00
1.000095992725624328e+00
1.003970271976783346e+00
1.012708961813563846e+00
1.018418525930989915e+00
1.000335451028660172e+00
1.002274598917316739e+00
1.000490810886013104e+00
1.001689934330924459e+00
1.000287213739870396e+00
1.002179414453354900e+00
1.020237792338264615e+00
1.001653942061082603e+00
1.016608874043692712e+00
1.014188811012140423e+00
1.028920521736817362e+00
1.025403471525855981e+00
1.001342506770568574e+00
1.000331927885629524e+00
1.004553464843426891e+00
1.506955364831314315e+00
1.002320360694252344e+00
1.000013136627740273e+00
1.008146586147897761e+00
1.003665951682703561e+00
1.003227626190949850e+00
1.001710334376495926e+00
1.025567281288524812e+00
1.002077529813965251e+00
1.001145399848776707e+00
1.004698299349275237e+00
1.001837703427442827e+00
1.001993781338570866e+00
1.047467089585837119e+00
1.004450210928271137e+00
1.014425598175457299e+00
1.010631064289440051e+00
1.007575737837924645e+00
1.028235061061988143e+00
1.604363683537312513e+00
1.041087206403323417e+00
1.001781416344834197e+00
1.106474923034368230e+00
1.002904313362332100e+00
1.017049338838559969e+00
1.034313155287422292e+00
1.012589886438155062e+00
1.014292874314046022e+00
1.002675370063555338e+00
1.021101553450479260e+00
1.000352727896455463e+00
1.001094164443156354e+00
1.002066521045319458e+00
1.015354036508575586e+00
1.016515489510356529e+00
1.027821846900591307e+00
1.009399525066093872e+00
1.000272857561601114e+00
1.039416458711856395e+00
1.006888732854271495e+00
1.013723847013375146e+00
1.000550172313215525e+00
1.001401694834909595e+00
1.026677343442974566e+00
1.005338522707932558e+00
1.014076994970765977e+00
1.002431174742072439e+00
1.000290795939376309e+00
1.000052845806091550e+00
1.001118877462031875e+00
1.005201026927973862e+00
1.514385189342408067e+00
1.321590385283127667e+00
1.002065982692850632e+00
1.010544321283112446e+00
1.014167117290935227e+00
1.001326760127486448e+00
1.001920347695601565e+00
1.001531709670712145e+00
1.001803495695848145e+00
1.002012383506289961e+00
1.013121020613929391e+00
1.000764880175325278e+00
1.014588512218840943e+00
1.000451780302730409e+00
1.021973256989799683e+00
1.273888860607822693e+00
1.011301118803587196e+00
1.026782381552180823e+00
1.001406457895285040e+00
1.008679087547673658e+00
1.021633122886360878e+00
1.000009540439894762e+00
1.044248837094041260e+00
1.007542666052871017e+00
1.022022519500466853e+00
1.417492476722365780e+00
1.000640347433424227e+00
1.004580524732733737e+00
1.003466289630231767e+00
1.002193447899248691e+00
1.011785589104683636e+00
1.005694192277544197e+00
1.000990576663320919e+00
1.034787205989083247e+00
1.014085023015042886e+00
1.007595596250112191e+00
1.000876997032715154e+00
1.024573475551041835e+00
1.002586695323862465e+00
1.014584032985158313e+00
1.001498115988480375e+00
1.011224169482892732e+00
1.214995846687563219e+00
1.000362871880495552e+00
1.003406884570960944e+00
1.067004519654706440e+00
1.016851006783118017e+00
1.002775026313351248e+00
1.012621982416380240e+00
1.031907752564983571e+00
1.005221072785213554e+00
1.002551123708797620e+00
1.530303069480974276e+00
1.002176777306805766e+00
1.006143596623059633e+00
1.001007687849552408e+00
1.006374572636502762e+00
1.002318407672159406e+00
1.007162651882141491e+00
1.028168212570502282e+00
1.013334206470775545e+00
1.014188811012140423e+00
1.001722327740862895e+00
2.097035682485968167e+00
1.002690564288382324e+00
1.050035441418812665e+00
1.000284356558781118e+00
1.016608874043692712e+00
1.047147750176537384e+00
1.002577573343123474e+00
1.001292930260382130e+00
1.024788383181349349e+00
1.004256131596962698e+00
1.002320360694252344e+00
1.001515718257461440e+00
1.042821562889701514e+00
1.028920521736817362e+00
1.008527380268657625e+00
1.027062529958020276e+00
1.003183365337663613e+00
1.001710334376495926e+00
1.028305146784038504e+00
1.035620116092675236e+00
1.042743956391055882e+00
1.002135036905942300e+00
1.306287357796120485e+00
1.003665951682703561e+00
1.010631064289440051e+00
1.001993781338570866e+00
1.013570514177256410e+00
1.012707219643438128e+00
1.061943446230403598e+00
2.684410084870818558e+00
1.015540590175581404e+00
1.000093546722863547e+00
1.001145399848776707e+00
1.002904313362332100e+00
1.002690714355674029e+00
1.029007703240700566e+00
1.024380910925738686e+00
1.003117312751766299e+00
1.798383557866694016e+00
1.000365355569746040e+00
1.001839237752303546e+00
1.004419403746888539e+00
1.013427090073807380e+00
1.009399525066093872e+00
1.001937839935768126e+00
1.003026941968194974e+00
1.010233361473537039e+00
1.002107409573391283e+00
1.000013435711575971e+00
1.000272857561601114e+00
1.324159433619660931e+00
1.175434699182794862e+00
1.003602417428488547e+00
1.002134955880364497e+00
1.011430959153408526e+00
1.004432664206046821e+00
1.001401694834909595e+00
1.038589937489893256e+00
1.050563961075360986e+00
1.001093376364335041e+00
1.014167117290935227e+00
1.000290795939376309e+00
1.011110898889579390e+00
1.023765508829138415e+00
1.017129025419165611e+00
1.005201026927973862e+00
1.000188266305203300e+00
1.001977422241816518e+00
1.000225058894870234e+00
1.013121020613929391e+00
1.000838581069534161e+00
1.096617935680554989e+00
1.000052845806091550e+00
1.000451780302730409e+00
1.004897589815939574e+00
1.002012383506289961e+00
1.048887681104240910e+00
1.024648470334626804e+00
1.002877306564489812e+00
1.025212527226760262e+00
1.002711993791306933e+00
1.001260896885620255e+00
1.011301118803587196e+00
1.014085023015042886e+00
1.022837532157055085e+00
1.000767131127001663e+00
1.000368124115319279e+00
1.023306564131870378e+00
1.000486988664827326e+00
1.000278019141100261e+00
1.009219491335772823e+00
1.011919561927611344e+00
1.481014047264621603e+00
1.015378251112315500e+00
1.004580524732733737e+00
1.785323212605960164e+00
1.026782381552180823e+00
1.008679087547673658e+00
1.002281498103053003e+00
1.014584032985158313e+00
1.002336434334394566e+00
1.013376191554566486e+00
1.007092495400285559e+00
1.043606939103931541e+00
1.008121431603910212e+00
1.002698889736306942e+00
1.001760086114510839e+00
1.000527918087860346e+00
1.008001831636895052e+00
1.018832742257011592e+00
1.001865966346077164e+00
1.010618941658989467e+00
1.002725214615545424e+00
1.031907752564983571e+00
1.002217396767766111e+00
1.012838707174267272e+00
1.001938510700083551e+00
1.023929643873883633e+00
1.000441102759650702e+00
1.000637846375632911e+00
1.841146900764281780e+00
1.002627112202870929e+00
1.033238821766431226e+00
1.013433840216640958e+00
1.047147750176537384e+00
1.007162651882141491e+00
1.000284356558781118e+00
1.000490810886013104e+00
1.002320360694252344e+00
1.014188811012140423e+00
1.036954105948089788e+00
1.000624576664864263e+00
1.002318407672159406e+00
1.001722327740862895e+00
1.028168212570502282e+00
1.050035441418812665e+00
1.025296262348391663e+00
1.004718791447290815e+00
1.000751165998657211e+00
1.030916537744513528e+00
1.001689934330924459e+00
1.001470507480887617e+00
1.001351971342623104e+00
1.609240527100030960e+00
1.001531160825088529e+00
1.042736939698206911e+00
1.012175956044853553e+00
1.024562141957483741e+00
1.000740793751753843e+00
1.003036049126247109e+00
1.026491961606425196e+00
1.021277422358683129e+00
1.004147272346583408e+00
1.000779053434416310e+00
1.016498648372808455e+00
1.003227626190949850e+00
1.015540590175581404e+00
1.004450210928271137e+00
1.002272961479329982e+00
1.023692724065493831e+00
1.047467089585837119e+00
1.001311997044609603e+00
1.002682653450484240e+00
1.909650266651573558e+00
1.001142916981847986e+00
1.002107409573391283e+00
1.010233361473537039e+00
1.002315230659288181e+00
1.082310725301016685e+00
1.001607991199494174e+00
1.008647027844357558e+00
1.026677343442974566e+00
1.001580024464193031e+00
1.000272857561601114e+00
1.000229620834666822e+00
1.023590932667187037e+00
1.005338522707932558e+00
1.029480872211797404e+00
1.000532042652041209e+00
1.000709872971870640e+00
1.005063162250634301e+00
1.001839237752303546e+00
1.003575357188019934e+00
1.011327470616667057e+00
2.222220827799990417e+00
1.000100480764864130e+00
1.001693796474070419e+00
1.001977422241816518e+00
1.001531709670712145e+00
1.025069064897561777e+00
1.026261987544685894e+00
1.010048822899533905e+00
1.018547482903967571e+00
1.005875684064966524e+00
1.011110898889579390e+00
1.321590385283127667e+00
1.514385189342408067e+00
1.008194330873219080e+00
1.000226828644447119e+00
1.023765508829138415e+00
1.002065982692850632e+00
1.002280643196953758e+00
1.001326760127486448e+00
1.022416565227420193e+00
1.004580524732733737e+00
1.086921032552642385e+00
1.034787205989083247e+00
1.819217328897183350e+00
1.022464235339633820e+00
1.012873914929225183e+00
1.023116185163172931e+00
1.000486988664827326e+00
1.000324715513513318e+00
1.032829247117226457e+00
1.427062687120376427e+00
1.011785589104683636e+00
1.007595596250112191e+00
1.014085023015042886e+00
1.001520221060507421e+00
1.000779813297970389e+00
1.011301118803587196e+00
1.004660186826710433e+00
1.099560385451489264e+00
1.392212653798846400e+00
1.012604339782574359e+00
1.001007687849552408e+00
1.003083506708708272e+00
1.008121431603910212e+00
1.002961868694840941e+00
1.016851006783118017e+00
1.022636243263015610e+00
1.001859345451669547e+00
1.028717269063050388e+00
1.011224169482892732e+00
1.004528168693186618e+00
1.001266723233452005e+00
1.530303069480974276e+00
1.000748240261638999e+00
1.005221072785213554e+00
1.054198021402683816e+00
1.001498115988480375e+00
1.001481403855764452e+00
1.025932785144944015e+00
1.008001831636895052e+00
1.000816809103383775e+00
1.004158669210627908e+00
1.030916537744513528e+00
1.012506590748062596e+00
1.006032615641272665e+00
1.003970271976783346e+00
1.000737053873227422e+00
1.025296262348391663e+00
1.002274598917316739e+00
1.000335451028660172e+00
1.000013136627740273e+00
1.000320775236727355e+00
1.001705500261027337e+00
1.000287213739870396e+00
1.000418338022124320e+00
1.008527380268657625e+00
2.431662487165203057e+00
1.007634023687904001e+00
1.013061098847753083e+00
1.050035441418812665e+00
1.004922714930833294e+00
1.001292930260382130e+00
1.003065324646897238e+00
1.011636711751200846e+00
1.001837703427442827e+00
1.023692724065493831e+00
1.007575737837924645e+00
1.028305146784038504e+00
1.000093546722863547e+00
1.000779053434416310e+00
1.061943446230403598e+00
1.274277665579590657e+00
1.001710334376495926e+00
1.000424597769079327e+00
1.006461361382102293e+00
1.035620116092675236e+00
1.010631064289440051e+00
1.009882862583564078e+00
1.004450210928271137e+00
1.013570514177256410e+00
1.000662951592737437e+00
1.000740793751753843e+00
1.000432413773208351e+00
1.010995891608213793e+00
1.000709872971870640e+00
1.013723847013375146e+00
1.034313155287422292e+00
1.000667792016076252e+00
1.012589886438155062e+00
1.005129961539916295e+00
1.003575357188019934e+00
1.000013435711575971e+00
1.006888732854271495e+00
1.000714157396683568e+00
1.015354036508575586e+00
1.002675370063555338e+00
1.082310725301016685e+00
1.039416458711856395e+00
1.016468441965362235e+00
1.349325257040000059e+00
1.001580024464193031e+00
1.092991817892938755e+00
1.014292874314046022e+00
1.001839237752303546e+00
1.011430959153408526e+00
1.001977422241816518e+00
1.403152148743958438e+00
1.030777472443665799e+00
1.004952053579244442e+00
1.000309612027350026e+00
1.024648470334626804e+00
1.000052845806091550e+00
1.014588512218840943e+00
1.002012383506289961e+00
1.001982057572718521e+00
1.000639572846061087e+00
1.882741044361921912e+00
1.003394137166082611e+00
1.096617935680554989e+00
1.000160564782918371e+00
1.005201026927973862e+00
1.000133099308419204e+00
1.021125449086616843e+00
1.038589937489893256e+00
1.013121020613929391e+00
1.001326760127486448e+00
1.785323212605960164e+00
1.004660186826710433e+00
1.001821822891045821e+00
1.417492476722365780e+00
1.001412491371248326e+00
1.000534104583447270e+00
1.000990576663320919e+00
1.025212527226760262e+00
1.012604339782574359e+00
1.008981782956910989e+00
1.017414538035911642e+00
1.000597508605637120e+00
1.017484227841372491e+00
1.427062687120376427e+00
2.053495523727183247e+00
1.002193447899248691e+00
1.007770549230443624e+00
1.000640347433424227e+00
1.001185820060821907e+00
1.029632072359116801e+00
1.000867224573683378e+00
