1.099105543493746229e+00
1.070850006883381278e+00
1.097934848118200080e+00
1.021786330084795580e+00
2.316287900193385152e+00
1.020047171298362532e+00
1.214970350659686060e+00
1.094964734364010095e+00
1.027562066934563756e+00
1.026267201617933944e+00
1.002713571558638606e+00
2.620924499943713570e+00
1.125108755985454456e+00
1.028311498378354560e+00
1.341717552424880777e+00
1.015827755231409224e+00
1.081729949372713939e+00
1.013990551756280389e+00
1.035619462036725613e+00
1.018103846449012639e+00
1.053579360897715977e+00
1.138939743607696009e+00
1.135629828239294925e+00
1.025966840750779596e+00
1.168535556329778569e+00
1.036719783212522783e+00
1.002401905885732081e+00
1.009592886900103625e+00
1.221172086891496811e+00
1.083998518456732230e+00
1.044638280444790901e+00
1.006556553735227677e+00
1.005225385462934273e+00
1.003828967242073711e+00
1.083562385953356300e+00
1.112128336696737385e+00
1.020421856327882626e+00
1.017491853314504535e+00
1.022435728671782007e+00
1.002536977675303032e+00
1.025677832042127369e+00
1.075766973195082299e+00
1.061148864519252610e+00
1.008066404832490548e+00
1.156153754856265259e+00
1.019040464662528178e+00
1.003709617846826552e+00
1.021347098067570958e+00
1.073137001936462109e+00
1.096173659420401680e+00
1.006861136980924609e+00
1.032160291573756883e+00
1.023171846681504515e+00
3.559895215542465685e+00
1.025774412012572245e+00
1.008194081430340727e+00
1.026073742025855662e+00
1.004066184644707649e+00
2.298076411509458961e+00
1.067227234810435466e+00
1.062438348706101543e+00
1.077492136502543829e+00
1.097721938749928849e+00
1.198368624977079522e+00
1.021134212753711967e+00
1.112571526069255246e+00
1.077195626188790500e+00
1.079612528240566860e+00
1.115756716358496048e+00
1.080881243578139195e+00
1.518378316604941158e+00
1.020034759748782438e+00
1.014547371545714949e+00
1.010673347555601342e+00
1.061975575060111643e+00
1.003799836424968506e+00
3.385072972176477180e+00
1.154068123885815034e+00
1.012353962499838778e+00
1.110163150627600182e+00
1.302487520434435719e+00
3.223508393437903408e+00
1.060222891528039391e+00
1.061714257483573842e+00
1.025931593910601958e+00
2.609342326254719957e+00
2.051385951528588159e+00
1.003659989206194147e+00
1.010127376296182877e+00
1.013129527983981815e+00
1.065350209143870241e+00
1.014171073650787402e+00
1.003365387807247266e+00
1.011971304528965332e+00
1.014738771006361784e+00
1.017846772491485030e+00
1.034931335644328154e+00
1.195460163709941792e+00
1.008208203017012972e+00
1.055477719879795773e+00
1.009912353444954336e+00
2.212887826278473025e+00
1.061001794276966281e+00
1.007513588437474406e+00
1.702223056885550978e+00
1.006826937392808485e+00
3.291411511595131234e+00
1.059921963035274528e+00
1.635698834879776964e+00
1.066832958900846950e+00
1.036769117370578197e+00
1.082243974777427509e+00
1.007827414661817800e+00
1.020639809114734842e+00
1.005348453109795370e+00
1.024323024735613874e+00
1.817243493154555578e+00
1.002307293118929632e+00
1.016421337831318272e+00
1.129319570022701003e+00
1.077412502737949973e+00
2.703172764671188055e+00
1.071669654535083671e+00
1.026608401088930478e+00
1.012917429319759366e+00
1.018649799755581453e+00
1.017724286549912094e+00
1.066254273132794195e+00
1.028427679090582414e+00
1.045132735236912636e+00
1.154482929785434653e+00
1.113064285698931455e+00
1.028311498378354560e+00
1.059017212596022883e+00
1.084870532578841251e+00
2.454940890879735438e+00
1.078206933559426872e+00
1.053579360897715977e+00
1.027733592894489956e+00
1.004449298780841104e+00
1.011431112687142919e+00
1.029584433695096113e+00
1.121700714908157481e+00
1.019980852397691651e+00
1.609073329528590834e+00
1.071905154998133325e+00
1.025218070392893477e+00
1.006556553735227677e+00
1.002536977675303032e+00
1.138939743607696009e+00
1.019480142579805904e+00
1.018518844400134959e+00
2.913714102632637637e+00
1.002656848374896104e+00
1.109124555701430648e+00
1.135629828239294925e+00
1.065120477454229775e+00
1.009137188223595327e+00
1.075766973195082299e+00
1.067259089836535724e+00
1.023690710015071170e+00
1.017924820094924687e+00
1.010995623199221871e+00
1.044812948210830594e+00
1.079927488043449957e+00
1.040689769105549001e+00
1.061490036054453912e+00
1.077381993652822612e+00
1.020168947164967532e+00
3.029371142648515924e+00
1.024471476905741252e+00
1.006200339042521152e+00
1.045637358188669763e+00
1.019746958678390714e+00
1.103932059848350189e+00
1.086506860769338001e+00
1.006861136980924609e+00
1.102237902912140743e+00
1.099852368023603422e+00
1.096173659420401680e+00
1.024901814053390536e+00
1.189418373742242352e+00
1.009223968123760695e+00
1.115150474768333178e+00
1.005595961181931397e+00
2.715647810195856326e+00
1.060489110356896747e+00
1.052071688226553059e+00
1.096994544136643546e+00
1.016701783303043838e+00
1.090678635773956184e+00
1.135282510259117084e+00
1.016097818317731827e+00
1.013168615587585641e+00
1.007641646728826279e+00
1.130644830333244810e+00
1.008070437831208421e+00
2.169322602441640768e+00
1.061714257483573842e+00
1.003799836424968506e+00
1.022821989553903022e+00
1.024805658169151812e+00
1.132145885794111795e+00
1.518378316604941158e+00
1.031105996738045816e+00
1.302487520434435719e+00
1.043645438515913071e+00
1.094433984552741324e+00
2.800538488600112785e+00
1.115869765430216320e+00
1.020411118231081993e+00
1.002711113902406526e+00
2.609342326254719957e+00
1.031249915692820984e+00
1.028606893177691939e+00
2.441576631928202445e+01
1.082458984790461543e+00
1.001216796939870868e+00
1.195460163709941792e+00
1.009684090272125134e+00
1.016036055630221036e+00
1.224253118397627293e+00
1.105570259283309209e+00
1.041589119699729338e+00
1.055477719879795773e+00
1.007349379028126268e+00
1.014171073650787402e+00
1.001482990358576242e+00
1.042105774673639074e+00
1.109884267369856126e+00
1.007513588437474406e+00
1.027695887641305372e+00
1.014792088890982491e+00
1.812781623837466327e+00
1.008171100164489076e+00
1.016421337831318272e+00
1.009597644243928727e+00
1.000780331610177987e+00
1.017435733536376841e+00
1.008863301672842105e+00
1.129319570022701003e+00
1.011410710938679403e+00
3.291411511595131234e+00
1.051944372686582252e+00
1.040161311818241119e+00
1.117907207971363226e+00
1.002307293118929632e+00
1.929341448232994027e+00
1.222086845468110639e+00
6.016847968550639969e+00
1.024323024735613874e+00
1.635698834879776964e+00
1.042944041707725145e+00
1.015827755231409224e+00
1.025218070392893477e+00
1.050374768726383579e+00
1.062465204663330054e+00
3.015517774695335440e+00
1.037046074379783800e+00
1.084870532578841251e+00
1.079813643137435664e+00
1.125108755985454456e+00
1.032410729648426173e+00
1.154482929785434653e+00
1.009611029934275539e+00
1.102887377232033339e+00
1.038990058239685599e+00
1.142694844896344319e+00
1.005391619713762008e+00
3.072050264041083611e+00
1.027562066934563756e+00
5.793439386424700466e+00
1.019980852397691651e+00
1.002401905885732081e+00
1.040689769105549001e+00
1.020421856327882626e+00
1.160527241072748961e+00
1.002536977675303032e+00
1.183327087124517396e+00
1.076030038307512537e+00
1.413189680682905625e+00
1.035394238557606483e+00
1.025966840750779596e+00
1.117357714071083530e+00
1.014903905337693812e+00
1.017924820094924687e+00
1.009137188223595327e+00
1.075766973195082299e+00
1.077381993652822612e+00
1.065482141736618260e+00
1.065120477454229775e+00
1.032000242555070724e+00
1.019269326293604561e+00
1.135629828239294925e+00
1.014995951569243049e+00
1.160861480591723671e+00
1.097721938749928849e+00
1.019040464662528178e+00
1.073137001936462109e+00
2.527159004631603256e+00
1.009881746160716798e+00
1.029347578256295748e+00
5.210591630592837475e+00
1.103932059848350189e+00
1.028319785099199413e+00
1.005595961181931397e+00
1.009223968123760695e+00
1.008147392026681022e+00
1.265140742384335493e+00
1.013301496137296365e+00
1.057380254484637794e+00
1.077492136502543829e+00
1.049230967942999415e+00
1.004066184644707649e+00
1.086506860769338001e+00
1.076478270388999903e+00
1.040445617430197256e+00
1.023990611769783010e+00
1.014547371545714949e+00
1.079612528240566860e+00
1.199833980830291136e+00
1.013168615587585641e+00
1.023225706600450646e+00
1.024780016180652842e+00
1.070323483513644591e+00
1.077195626188790500e+00
1.006918334681838889e+00
1.011584199365558989e+00
1.030392249628452772e+00
1.003788419212744421e+00
1.080881243578139195e+00
1.061975575060111643e+00
1.141350901672753659e+00
1.010890879657803110e+00
1.024789941846266483e+00
1.007214929675111392e+00
1.046331816833088180e+00
1.105570259283309209e+00
1.702223056885550978e+00
1.109884267369856126e+00
2.051385951528588159e+00
1.224253118397627293e+00
1.034931335644328154e+00
1.043470058326627647e+00
1.015897657004891430e+00
1.025931593910601958e+00
1.033578521667164241e+00
1.013834238223608297e+00
1.062520759151371674e+00
1.014171073650787402e+00
1.010838965021520597e+00
1.042105774673639074e+00
1.007349379028126268e+00
1.005694914279436469e+00
1.015586793154733769e+00
1.098400663985730885e+00
1.000824294321960073e+00
1.010595089462319240e+00
1.093109852135923266e+00
1.003213759501029312e+00
1.802998071152867920e+00
1.082552651068025229e+00
1.014792088890982491e+00
1.060490050093603642e+00
1.027695887641305372e+00
1.817243493154555578e+00
1.012917429319759366e+00
1.010197090193251324e+00
1.011042127455864303e+00
1.059921963035274528e+00
1.010271090353099366e+00
3.291411511595131234e+00
1.002307293118929632e+00
1.050778462784652811e+00
1.036633542962879462e+00
1.072115002518307936e+00
1.087310994904157280e+00
1.342435500224145928e+00
1.009263172482337989e+00
1.039465107382915310e+00
1.053579360897715977e+00
1.630488085740212867e+00
1.142694844896344319e+00
1.026608129891604992e+00
1.013845951059682449e+00
1.029584433695096113e+00
1.831527897077950273e+00
1.042275492529890046e+00
1.026267201617933944e+00
2.620924499943713570e+00
1.028427679090582414e+00
1.003324435228912792e+00
1.075885908860296558e+00
3.072050264041083611e+00
1.062465204663330054e+00
1.102887377232033339e+00
1.369283646144392907e+00
1.113064285698931455e+00
1.037046074379783800e+00
1.024036143514700736e+00
1.036719783212522783e+00
1.075766973195082299e+00
1.104833267290371790e+00
1.111571982937534120e+00
1.221172086891496811e+00
1.010995623199221871e+00
1.117975922593084759e+00
1.056825870746974871e+00
1.332359428403664392e+00
1.117357714071083530e+00
1.015539989313575031e+00
1.044252911818718488e+00
1.112523532291716410e+00
1.033617016984754944e+00
1.025677832042127369e+00
1.023690710015071170e+00
1.025966840750779596e+00
1.105225031351003473e+00
1.061490036054453912e+00
1.065120477454229775e+00
1.009881746160716798e+00
1.013301496137296365e+00
2.527159004631603256e+00
1.019304712472112850e+00
1.077492136502543829e+00
1.002880798125701745e+00
1.008503526536947081e+00
1.623566454668613046e+00
1.105877446362145688e+00
1.009488917765908100e+00
1.031933882331664609e+00
1.366441806937213954e+00
1.060489110356896747e+00
1.013580689494285814e+00
1.073137001936462109e+00
1.073695483959847374e+00
2.715647810195856326e+00
1.061187948604770614e+00
1.156153754856265259e+00
1.038433436730103576e+00
1.126366499273587118e+00
1.016366089722780641e+00
1.024780016180652842e+00
1.007214929675111392e+00
3.223508393437903408e+00
1.302487520434435719e+00
1.020879224417269526e+00
1.079612528240566860e+00
1.013168615587585641e+00
1.061975575060111643e+00
2.112109984161614218e+00
1.043645438515913071e+00
1.076478270388999903e+00
1.077195626188790500e+00
1.083141881288153030e+00
1.132145885794111795e+00
1.010252840873394398e+00
1.014202129675647601e+00
1.009001773343470632e+00
1.021453892521142937e+00
1.134373243171946877e+00
1.015062099405604101e+00
1.007349379028126268e+00
1.009912353444954336e+00
1.002166005525195080e+00
1.038554290231304522e+00
1.010838965021520597e+00
1.009415195327461934e+00
2.328100282328779969e+00
1.119945771032382575e+00
1.034931335644328154e+00
1.014380640280371892e+00
1.014738771006361784e+00
1.088533698203237865e+00
1.662075056793294703e+00
1.042527053407965809e+00
1.055477719879795773e+00
1.062520759151371674e+00
1.005716044743633741e+00
1.702223056885550978e+00
1.017846772491485030e+00
1.000824294321960073e+00
1.009684090272125134e+00
1.088890592135640434e+00
1.072115002518307936e+00
1.002878148049641149e+00
1.014138162837246782e+00
1.119694107973379982e+00
1.020639809114734842e+00
1.077412502737949973e+00
1.092045978831714947e+00
1.089114511981478017e+00
1.016421337831318272e+00
1.036633542962879462e+00
1.006826937392808485e+00
1.050892610432097252e+00
1.014835737589709019e+00
1.070564341185683999e+00
1.105425107589538714e+00
1.634349798445587254e+00
1.082552651068025229e+00
1.018649799755581453e+00
1.008171100164489076e+00
1.048477422686076910e+00
4.977462798301135471e+00
1.028311498378354560e+00
1.121700714908157481e+00
1.015827755231409224e+00
1.013845951059682449e+00
1.023177786042553494e+00
1.013990551756280389e+00
1.035619462036725613e+00
2.454940890879735438e+00
1.037046074379783800e+00
1.025218070392893477e+00
1.369283646144392907e+00
1.122691924565991872e+00
1.020777441655950968e+00
1.070850006883381278e+00
1.008621352998744003e+00
4.415482014940423028e+01
1.097934848118200080e+00
1.094964734364010095e+00
1.153895533455673972e+00
1.113064285698931455e+00
1.002574912674639496e+00
1.746527069456019543e+00
1.016501497742505311e+00
1.027834889970117294e+00
1.027138693246419709e+00
3.143588855110806879e+00
1.109124555701430648e+00
1.002656848374896104e+00
8.575368883441322865e+00
1.056825870746974871e+00
1.033617016984754944e+00
1.008417532402236416e+00
3.437393987894481917e+00
1.076613314610191496e+00
1.160527241072748961e+00
1.332359428403664392e+00
1.081118382831491420e+00
1.044252911818718488e+00
1.099264762667300444e+00
1.017924820094924687e+00
1.164672592804403939e+00
1.008066404832490548e+00
2.527159004631603256e+00
1.353391217808550318e+00
1.118957365104666479e+00
1.156153754856265259e+00
2.298076411509458961e+00
1.080016436859061013e+00
1.024724660381418628e+00
1.366441806937213954e+00
1.701088538317998200e+01
1.084290460345910034e+00
1.019040464662528178e+00
1.049230967942999415e+00
1.009488917765908100e+00
1.060489110356896747e+00
1.025596161581987076e+00
1.073137001936462109e+00
1.942077239603331673e+00
1.038433436730103576e+00
1.029347578256295748e+00
1.013301496137296365e+00
1.065300254793660528e+00
1.038953004011161640e+00
1.403942593419750695e+00
1.008070437831208421e+00
1.076514994885265919e+00
3.385072972176477180e+00
1.070323483513644591e+00
1.134373243171946877e+00
1.115756716358496048e+00
1.021453892521142937e+00
1.013944749363981712e+00
1.043758238577407571e+00
1.061975575060111643e+00
1.030392249628452772e+00
1.027639115242310330e+00
1.006160345666606615e+00
1.079595602755300643e+00
1.198368624977079522e+00
1.014202129675647601e+00
1.046562100718701593e+00
1.040445617430197256e+00
1.046331816833088180e+00
2.609342326254719957e+00
1.042105774673639074e+00
1.015897657004891430e+00
1.017232158209432358e+00
1.013834238223608297e+00
1.047820875205653035e+00
1.016461489143886565e+00
1.015586793154733769e+00
1.008338047312789865e+00
1.224253118397627293e+00
1.013129527983981815e+00
1.010127376296182877e+00
1.001482990358576242e+00
1.084271013387591243e+00
1.195460163709941792e+00
1.012324494178381773e+00
1.009912353444954336e+00
1.006569778263192383e+00
1.021055815504121167e+00
1.055477719879795773e+00
1.009597644243928727e+00
1.007425565784774601e+00
1.070564341185683999e+00
1.105425107589538714e+00
1.082552651068025229e+00
1.002878148049641149e+00
1.119694107973379982e+00
1.017605734822701447e+00
1.051944372686582252e+00
1.024323024735613874e+00
1.002962718060679270e+00
1.010146056036460349e+00
1.006707811734046221e+00
1.087310994904157280e+00
1.009462050985390436e+00
1.103096657812762116e+00
1.014792088890982491e+00
1.009119046313335044e+00
1.005245009570751247e+00
1.007409887513920799e+00
6.016847968550639969e+00
1.122691924565991872e+00
1.082125537003474136e+00
1.026267201617933944e+00
1.037046074379783800e+00
1.011431112687142919e+00
1.002713571558638606e+00
1.085768612857769932e+00
1.369283646144392907e+00
1.113064285698931455e+00
1.145382497674262812e+00
1.081729949372713939e+00
1.002047786940704732e+00
1.029584433695096113e+00
1.068068391596076250e+00
1.059017212596022883e+00
5.793439386424700466e+00
5.284481606531683084e+00
3.072050264041083611e+00
4.977462798301135471e+00
1.066254273132794195e+00
1.081812856619696062e+00
1.114333406695153128e+00
1.052355519557953034e+00
1.024026011760583277e+00
1.035394238557606483e+00
1.036719783212522783e+00
1.027834889970117294e+00
1.002656848374896104e+00
1.009592886900103625e+00
1.002536977675303032e+00
1.032000242555070724e+00
1.004740170505300512e+00
1.027138693246419709e+00
1.008529687069964265e+00
2.330576158833787215e+00
1.076613314610191496e+00
1.008417532402236416e+00
1.112128336696737385e+00
1.045332964838569412e+00
1.033617016984754944e+00
1.003828967242073711e+00
1.056825870746974871e+00
1.129548198152477978e+00
1.037137147677813953e+00
1.016742943593335724e+00
1.224058904576230677e+00
1.080016436859061013e+00
1.097721938749928849e+00
1.640955930228161774e+00
1.099852368023603422e+00
1.020168947164967532e+00
1.265140742384335493e+00
3.029371142648515924e+00
1.102237902912140743e+00
1.021347098067570958e+00
2.715647810195856326e+00
1.041872121135046569e+00
1.013580689494285814e+00
1.025774412012572245e+00
1.049230967942999415e+00
1.016784532379095607e+00
1.033674910919067269e+00
1.105877446362145688e+00
1.021134212753711967e+00
1.074074271120906809e+00
1.135282510259117084e+00
1.112571526069255246e+00
1.015062099405604101e+00
1.010673347555601342e+00
1.008671064366453596e+00
1.019509178613691613e+00
1.018532266896453820e+00
1.034118718606210408e+00
1.708403139023304318e+00
1.199833980830291136e+00
1.040445617430197256e+00
1.302487520434435719e+00
1.006918334681838889e+00
1.030392249628452772e+00
1.015132783868511135e+00
1.024805658169151812e+00
1.012766730362623324e+00
1.076478270388999903e+00
1.016097818317731827e+00
2.240772340139134400e+00
1.002166005525195080e+00
1.001216796939870868e+00
1.042105774673639074e+00
1.013129527983981815e+00
1.098400663985730885e+00
1.038554290231304522e+00
1.003365387807247266e+00
1.012773034545588313e+00
1.014171073650787402e+00
1.034931335644328154e+00
1.013834238223608297e+00
1.003659989206194147e+00
1.012324494178381773e+00
1.039971177839908112e+00
2.448415350296174076e+00
1.057286141655999545e+00
1.051703037241042527e+00
1.001913779765695178e+00
2.051385951528588159e+00
1.008208203017012972e+00
1.026608401088930478e+00
1.007453707748536598e+00
1.068238102283035840e+00
1.011042127455864303e+00
1.016421337831318272e+00
1.006053778781534902e+00
1.011410710938679403e+00
1.017605734822701447e+00
1.017435733536376841e+00
1.006968484187176216e+00
1.105425107589538714e+00
1.024323024735613874e+00
1.929341448232994027e+00
1.087310994904157280e+00
1.141508431394452572e+00
1.092045978831714947e+00
1.002962718060679270e+00
1.070564341185683999e+00
1.145957473288442552e+00
1.043896974311788295e+00
1.009462050985390436e+00
2.586627398522717947e+00
1.020777441655950968e+00
1.004449298780841104e+00
1.079813643137435664e+00
1.013845951059682449e+00
1.015827755231409224e+00
1.019867469172909713e+00
1.026608129891604992e+00
1.027562066934563756e+00
1.075885908860296558e+00
1.081729949372713939e+00
1.170172455948822243e+00
1.102887377232033339e+00
1.222526306648245686e+00
1.029584433695096113e+00
1.084870532578841251e+00
1.010057864621866530e+00
1.018103846449012639e+00
1.045132735236912636e+00
1.282948724697091203e+00
1.125108755985454456e+00
1.019480142579805904e+00
1.035394238557606483e+00
1.112523532291716410e+00
1.024036143514700736e+00
1.135629828239294925e+00
1.005225385462934273e+00
1.009592886900103625e+00
1.008529687069964265e+00
1.003828967242073711e+00
1.114333406695153128e+00
1.002656848374896104e+00
1.076030038307512537e+00
1.025677832042127369e+00
1.025966840750779596e+00
1.332359428403664392e+00
1.040689769105549001e+00
1.023250258519799782e+00
1.015457324369861913e+00
1.013471472489160474e+00
1.023690710015071170e+00
1.083562385953356300e+00
1.008066404832490548e+00
1.019746958678390714e+00
1.014995951569243049e+00
1.353391217808550318e+00
1.021347098067570958e+00
1.014201125354459165e+00
1.038433436730103576e+00
1.118957365104666479e+00
1.025774412012572245e+00
1.024724660381418628e+00
2.298076411509458961e+00
1.366441806937213954e+00
1.156153754856265259e+00
1.019040464662528178e+00
1.292869200709499511e+00
2.527159004631603256e+00
1.108530898490177830e+00
1.105877446362145688e+00
1.057380254484637794e+00
1.052071688226553059e+00
1.011218745132515640e+00
1.016307656627952749e+00
1.080881243578139195e+00
1.708403139023304318e+00
1.112571526069255246e+00
1.008070437831208421e+00
2.169322602441640768e+00
1.006918334681838889e+00
1.010890879657803110e+00
1.024789941846266483e+00
1.115756716358496048e+00
1.076478270388999903e+00
1.154068123885815034e+00
1.070323483513644591e+00
1.010252840873394398e+00
1.130644830333244810e+00
1.015435147753511957e+00
1.307581876832755841e+00
3.385072972176477180e+00
1.023225706600450646e+00
1.050651397654242425e+00
1.009001773343470632e+00
1.013129527983981815e+00
1.076981963049953750e+00
2.212887826278473025e+00
1.094119848439166987e+00
1.005694914279436469e+00
1.000824294321960073e+00
1.139313693664961491e+00
1.002711113902406526e+00
1.001825822639317520e+00
1.031249915692820984e+00
1.011421894121409926e+00
1.034931335644328154e+00
2.448415350296174076e+00
1.015165050847592898e+00
1.015586793154733769e+00
2.609342326254719957e+00
1.006340792838353648e+00
1.055477719879795773e+00
1.088533698203237865e+00
1.662075056793294703e+00
1.021242777727587647e+00
1.373309200244073436e+00
1.010197090193251324e+00
1.929341448232994027e+00
1.141508431394452572e+00
1.002878148049641149e+00
1.033305106192784928e+00
1.092045978831714947e+00
1.156945894346274262e+00
1.009597644243928727e+00
1.005245009570751247e+00
3.291411511595131234e+00
1.010595089462319240e+00
1.011145104118271076e+00
1.117907207971363226e+00
1.068238102283035840e+00
1.040161311818241119e+00
1.072115002518307936e+00
1.051944372686582252e+00
1.020639809114734842e+00
1.059921963035274528e+00
1.026608401088930478e+00
1.214970350659686060e+00
1.097934848118200080e+00
1.021698074474876261e+00
1.121700714908157481e+00
1.012029098477959854e+00
5.793439386424700466e+00
1.094964734364010095e+00
1.630488085740212867e+00
1.053579360897715977e+00
1.027562066934563756e+00
1.019867469172909713e+00
1.009263172482337989e+00
1.005391619713762008e+00
1.002713571558638606e+00
3.015517774695335440e+00
1.045132735236912636e+00
1.030456205600777775e+00
1.153895533455673972e+00
1.021786330084795580e+00
1.085768612857769932e+00
4.415482014940423028e+01
1.099927727193396709e+00
1.035394238557606483e+00
1.044638280444790901e+00
1.083562385953356300e+00
1.003828967242073711e+00
3.437393987894481917e+00
1.017491853314504535e+00
1.160527241072748961e+00
1.022984586502257542e+00
1.016501497742505311e+00
1.061490036054453912e+00
1.009329614955246424e+00
1.017924820094924687e+00
1.023690710015071170e+00
1.002656848374896104e+00
1.332359428403664392e+00
1.020421856327882626e+00
1.023779481354566645e+00
1.354994369868669724e+00
1.044252911818718488e+00
1.111571982937534120e+00
1.014201125354459165e+00
1.020168947164967532e+00
1.160861480591723671e+00
1.018481189731651693e+00
1.013580689494285814e+00
1.126366499273587118e+00
1.003709617846826552e+00
1.016784532379095607e+00
2.715647810195856326e+00
2.527159004631603256e+00
1.013548899152645122e+00
1.029347578256295748e+00
1.008503526536947081e+00
1.013301496137296365e+00
1.023746876860265553e+00
1.057380254484637794e+00
1.052071688226553059e+00
1.019304712472112850e+00
2.298076411509458961e+00
1.073137001936462109e+00
1.129548198152477978e+00
1.708403139023304318e+00
1.016701783303043838e+00
1.034118718606210408e+00
1.043758238577407571e+00
1.115756716358496048e+00
1.403942593419750695e+00
1.115869765430216320e+00
1.198368624977079522e+00
1.079612528240566860e+00
1.135282510259117084e+00
1.010252840873394398e+00
1.040445617430197256e+00
1.079595602755300643e+00
1.110163150627600182e+00
1.027639115242310330e+00
1.061714257483573842e+00
2.800538488600112785e+00
1.006160345666606615e+00
3.223508393437903408e+00
1.096073173750763186e+00
1.009161892362492097e+00
1.012324494178381773e+00
1.005716044743633741e+00
1.006340792838353648e+00
1.003659989206194147e+00
1.006569778263192383e+00
1.009684090272125134e+00
1.001216796939870868e+00
1.033970318081675055e+00
1.065350209143870241e+00
2.832143116181839559e+00
1.077880784622266885e+00
1.094119848439166987e+00
1.002711113902406526e+00
1.009415195327461934e+00
1.109884267369856126e+00
1.105570259283309209e+00
1.082458984790461543e+00
1.043470058326627647e+00
1.084271013387591243e+00
1.084252913214125202e+00
1.024314660199554528e+00
1.050778462784652811e+00
1.048477422686076910e+00
1.036769117370578197e+00
1.046067929387177076e+00
1.070564341185683999e+00
1.002307293118929632e+00
1.812781623837466327e+00
1.120018975356292579e+00
1.089114511981478017e+00
1.041081449640167689e+00
1.932086669818151803e+00
1.059921963035274528e+00
1.002962718060679270e+00
1.062409157406770444e+00
1.006053778781534902e+00
1.033305106192784928e+00
1.040161311818241119e+00
1.011145104118271076e+00
1.156945894346274262e+00
1.373309200244073436e+00
1.007409887513920799e+00
1.037046074379783800e+00
1.102887377232033339e+00
1.038990058239685599e+00
1.125108755985454456e+00
1.079813643137435664e+00
1.081729949372713939e+00
1.282948724697091203e+00
3.691024058626796833e+00
1.082125537003474136e+00
1.113064285698931455e+00
2.454940890879735438e+00
1.026267201617933944e+00
4.977462798301135471e+00
1.018103846449012639e+00
1.068068391596076250e+00
5.793439386424700466e+00
1.041555307608291070e+00
1.039990436654730122e+00
5.284481606531683084e+00
1.018370535152674616e+00
4.415482014940423028e+01
1.083998518456732230e+00
1.045332964838569412e+00
1.013471472489160474e+00
1.153366601655931412e+00
1.413189680682905625e+00
1.027834889970117294e+00
2.399030898116868205e+00
1.052355519557953034e+00
1.008417532402236416e+00
1.257492777777423409e+00
2.913714102632637637e+00
1.076030038307512537e+00
1.022435728671782007e+00
1.104833267290371790e+00
1.022984586502257542e+00
1.099927727193396709e+00
1.114461597666579262e+00
1.008529687069964265e+00
1.077381993652822612e+00
1.114333406695153128e+00
3.437393987894481917e+00
1.019040464662528178e+00
1.024471476905741252e+00
1.052071688226553059e+00
1.097721938749928849e+00
1.046559148312079301e+00
1.073695483959847374e+00
1.099852368023603422e+00
1.031933882331664609e+00
1.033674910919067269e+00
1.008503526536947081e+00
1.024901814053390536e+00
1.103932059848350189e+00
1.060489110356896747e+00
1.096994544136643546e+00
1.008147392026681022e+00
1.018481189731651693e+00
1.011218745132515640e+00
1.008066404832490548e+00
1.057939144172211243e+00
1.006861136980924609e+00
1.265140742384335493e+00
1.014202129675647601e+00
1.006918334681838889e+00
1.090678635773956184e+00
1.199833980830291136e+00
1.020034759748782438e+00
1.060222891528039391e+00
1.043645438515913071e+00
3.223508393437903408e+00
1.058875691802920072e+00
1.116278473260282400e+00
1.518378316604941158e+00
1.013944749363981712e+00
1.065300254793660528e+00
1.403942593419750695e+00
2.555403442918844359e+00
1.074336794813659957e+00
1.141350901672753659e+00
1.003799836424968506e+00
1.094433984552741324e+00
1.109600446952445196e+00
1.302487520434435719e+00
1.000824294321960073e+00
2.051385951528588159e+00
1.046331816833088180e+00
1.001482990358576242e+00
1.011971304528965332e+00
1.105570259283309209e+00
1.015165050847592898e+00
1.082458984790461543e+00
1.003365387807247266e+00
1.195460163709941792e+00
1.047581459295215067e+00
1.034437675935052425e+00
1.009023844924462399e+00
1.054733116777479385e+00
1.012773034545588313e+00
1.024314660199554528e+00
1.005694914279436469e+00
2.832143116181839559e+00
1.139313693664961491e+00
1.061001794276966281e+00
2.212887826278473025e+00
1.050778462784652811e+00
1.008379769360839173e+00
1.342435500224145928e+00
1.014138162837246782e+00
1.120018975356292579e+00
1.011042127455864303e+00
1.007425565784774601e+00
1.072716006099689867e+00
1.016421337831318272e+00
1.068238102283035840e+00
1.103096657812762116e+00
1.009597644243928727e+00
1.062409157406770444e+00
1.145957473288442552e+00
1.634349798445587254e+00
1.051944372686582252e+00
1.817243493154555578e+00
1.009124856224126843e+00
3.291411511595131234e+00
1.082552651068025229e+00
1.156945894346274262e+00
1.042944041707725145e+00
1.028174212767945628e+00
1.028427679090582414e+00
1.153895533455673972e+00
1.102887377232033339e+00
1.097934848118200080e+00
3.072050264041083611e+00
1.142694844896344319e+00
1.028311498378354560e+00
1.068068391596076250e+00
2.586627398522717947e+00
1.019796184087714330e+00
3.015517774695335440e+00
1.002713571558638606e+00
1.071905154998133325e+00
1.030456205600777775e+00
1.009263172482337989e+00
1.197917070635084347e+00
1.035619462036725613e+00
1.017926829759183693e+00
1.037046074379783800e+00
1.061490036054453912e+00
1.002401905885732081e+00
1.018518844400134959e+00
1.153366601655931412e+00
1.104833267290371790e+00
1.020421856327882626e+00
1.009514206209650933e+00
1.009137188223595327e+00
2.330576158833787215e+00
1.013964480389062617e+00
1.024026011760583277e+00
1.019269326293604561e+00
1.019480142579805904e+00
1.040689769105549001e+00
1.076613314610191496e+00
1.023779481354566645e+00
1.135629828239294925e+00
1.354994369868669724e+00
1.044812948210830594e+00
1.016501497742505311e+00
1.013471472489160474e+00
1.016742943593335724e+00
1.037137147677813953e+00
1.025774412012572245e+00
1.014201125354459165e+00
1.103932059848350189e+00
2.527159004631603256e+00
1.097721938749928849e+00
1.016388545200966664e+00
1.292869200709499511e+00
1.108530898490177830e+00
1.032160291573756883e+00
1.021347098067570958e+00
1.029347578256295748e+00
1.085452169142157697e+00
1.011218745132515640e+00
1.099852368023603422e+00
1.080016436859061013e+00
1.014175119524201252e+00
1.623566454668613046e+00
1.077492136502543829e+00
1.156153754856265259e+00
2.555403442918844359e+00
1.060222891528039391e+00
1.061714257483573842e+00
1.016097818317731827e+00
1.077715079824941080e+00
1.034118718606210408e+00
1.058875691802920072e+00
1.014547371545714949e+00
1.154068123885815034e+00
1.021453892521142937e+00
1.109600446952445196e+00
1.110163150627600182e+00
1.020034759748782438e+00
1.043645438515913071e+00
1.076478270388999903e+00
1.021134212753711967e+00
1.038953004011161640e+00
1.027639115242310330e+00
1.074336794813659957e+00
2.800538488600112785e+00
1.012766730362623324e+00
1.007349379028126268e+00
2.609342326254719957e+00
1.077880784622266885e+00
1.003366186277099281e+00
1.001482990358576242e+00
1.057286141655999545e+00
1.011421894121409926e+00
1.047581459295215067e+00
1.001913779765695178e+00
1.088533698203237865e+00
1.008208203017012972e+00
1.005211224152762428e+00
1.016461489143886565e+00
1.046331816833088180e+00
1.017846772491485030e+00
1.702223056885550978e+00
1.013834238223608297e+00
1.033970318081675055e+00
1.082458984790461543e+00
1.010127376296182877e+00
1.047820875205653035e+00
1.068477008536175443e+00
1.011145104118271076e+00
1.010197090193251324e+00
1.005348453109795370e+00
1.009597644243928727e+00
1.048477422686076910e+00
1.002878148049641149e+00
1.088890592135640434e+00
1.011410710938679403e+00
1.007425565784774601e+00
1.087310994904157280e+00
1.126478262672344410e+00
1.036633542962879462e+00
1.050892610432097252e+00
1.060490050093603642e+00
1.005245009570751247e+00
1.024323024735613874e+00
1.017605734822701447e+00
1.817243493154555578e+00
1.072716006099689867e+00
1.007827414661817800e+00
