1.000686137848669999e+00
1.003408999216884423e+00
1.003131151777109320e+00
1.011139496970721030e+00
1.004138000489921634e+00
1.049279248500421202e+00
1.010638704681385613e+00
1.032435987783986819e+00
1.001464475978942614e+00
1.011232116546971538e+00
1.000093271602424450e+00
1.051239862224557786e+00
1.043523409505529020e+00
1.012662449533803022e+00
1.013529738802570135e+00
1.001217862455570318e+00
1.000053738906957035e+00
1.001496658801052764e+00
1.000840358900151550e+00
1.002800508712372363e+00
1.000809430247849630e+00
1.003970049892413341e+00
1.001156228760963440e+00
1.030562398815646263e+00
1.036593410010917093e+00
1.000258905371856022e+00
1.006054774940232432e+00
1.043519474267352143e+00
1.013256866655711130e+00
1.002616486386908257e+00
2.096709771914976095e+00
1.013107496011848019e+00
1.019860842284305846e+00
1.007035817124371402e+00
1.048524671810003195e+00
1.004109345350998383e+00
1.026346388599631121e+00
1.000317443839422005e+00
1.088503603776911799e+00
1.034657054485444094e+00
1.014203419054031885e+00
1.006031718474412973e+00
1.011572752112588347e+00
1.031081814640355976e+00
1.000092779052684122e+00
1.013525472978253905e+00
1.028235859650435735e+00
1.004406307202981186e+00
1.025235380163114218e+00
1.000521676917285330e+00
1.029012463214379336e+00
1.000282089455531986e+00
1.015552696403088984e+00
1.001374867639164279e+00
1.002638264218867814e+00
1.026701839270583783e+00
1.009864538391286981e+00
1.041036047051439706e+00
1.000089458447840141e+00
1.002738545998628661e+00
1.004287195628470020e+00
1.002995356198499888e+00
1.001987433488363610e+00
1.005830788311470325e+00
1.015336292907653037e+00
1.003112577967064878e+00
1.039402574504112664e+00
1.002813648932892487e+00
1.001830617545524049e+00
1.001388265901722807e+00
1.003610203732708372e+00
1.003545469767003206e+00
1.000670823354515182e+00
1.029484617335300722e+00
1.003929981949673644e+00
1.023603546940116793e+00
1.011420407747921413e+00
1.001864648033071514e+00
1.000695946330255603e+00
1.001152211828348459e+00
1.000515964798987412e+00
1.093133466754814265e+00
1.014269737486658496e+00
1.909440770070570892e+00
1.012940239993609826e+00
1.005165417638797631e+00
1.005729055551518369e+00
1.001070049517304827e+00
1.015314973453655512e+00
1.511063668529017079e+00
1.000771057710083678e+00
1.000115841841242359e+00
1.384216605422735391e+00
1.001537365920595057e+00
1.000092732246784522e+00
1.044993043615491501e+00
1.030854842349402389e+00
1.014120429955835956e+00
1.016455489493077291e+00
1.356384667782997600e+00
1.021081811549348517e+00
1.017865224369925548e+00
1.096646407454470395e+00
1.026437461875929102e+00
1.035986937755024373e+00
1.002872106511793593e+00
1.015429428506717358e+00
1.019842652281152562e+00
1.005062175559473747e+00
1.004538238743550860e+00
1.035118215208873815e+00
1.481282596003249852e+00
1.418826857156890053e+00
1.014226328960598833e+00
1.000862320389134252e+00
1.001420388807217510e+00
1.000379403118743182e+00
1.000928800906271343e+00
1.421531869147329541e+00
1.022814759458050116e+00
1.099555096539304389e+00
1.022949343242846032e+00
1.036237189156584027e+00
1.819035075990963479e+00
1.020182557888034136e+00
1.005578451335950918e+00
1.020316363995628306e+00
1.006071749323446340e+00
1.003131151777109320e+00
1.001767802411467789e+00
1.000526332058242485e+00
1.011139496970721030e+00
1.000840358900151550e+00
1.004484668274269854e+00
1.000631340342058806e+00
1.029189501784787630e+00
1.000939010435391463e+00
1.214442126191319860e+00
1.014617197127636317e+00
1.877030356182363136e+00
1.041959770189828438e+00
1.004138000489921634e+00
1.003408999216884423e+00
1.001464475978942614e+00
1.028171461125362063e+00
1.001217862455570318e+00
1.000468798745770993e+00
1.001655058876397275e+00
1.007733437822166733e+00
1.039839088282394908e+00
1.001563765663915140e+00
1.001301782260022311e+00
1.001353982707640977e+00
1.000309901239850863e+00
1.000317443839422005e+00
1.002172547896007293e+00
1.002336905811533452e+00
1.014203419054031885e+00
1.025291408124081149e+00
1.048524671810003195e+00
1.000045625206107403e+00
1.050068997885000188e+00
1.531610429684884700e+00
1.004843093720289904e+00
1.002314985019445270e+00
1.011731691766641017e+00
1.012659447791213196e+00
1.006031718474412973e+00
1.694697450429635710e+00
1.000648553807270913e+00
1.002420534046558176e+00
1.007154499023226624e+00
1.005308922323155496e+00
1.028353464251929417e+00
1.003206567820511763e+00
1.013166708528471904e+00
1.000386547048520924e+00
2.106718764634090135e+00
1.001761609660613228e+00
1.017433816831270210e+00
1.028247538036330733e+00
1.001363219491883783e+00
1.055162489263373526e+00
1.000361728189782529e+00
1.026701839270583783e+00
1.001697523632483877e+00
1.110054636222780555e+00
1.025235380163114218e+00
1.001727104348082875e+00
1.005507747664069251e+00
1.008658549868355792e+00
1.008607264905317269e+00
1.010979697550580481e+00
1.016486557257162193e+00
1.000695946330255603e+00
1.049193395864725931e+00
1.021102197647786980e+00
1.017005811919190261e+00
1.004371848350908980e+00
1.023603546940116793e+00
1.000346519790329625e+00
1.001434862521552116e+00
1.000177748414766254e+00
1.082299113528656154e+00
1.347883938517260294e+00
1.000402850162066981e+00
1.005064572215938146e+00
1.002100705799199520e+00
1.000515964798987412e+00
1.017000905253354182e+00
1.014570401978128533e+00
1.033017575895219142e+00
1.001925102998089345e+00
1.000326588950785744e+00
1.023664200726275286e+00
1.010008531530010467e+00
1.008120628870861291e+00
1.000221705736063615e+00
1.014120429955835956e+00
1.016455489493077291e+00
1.000462136207387775e+00
1.021540959054203723e+00
1.001422516845695165e+00
1.001964958316916121e+00
1.003636295666590517e+00
1.015712853031250917e+00
1.010857775680176207e+00
1.001687682361685372e+00
1.001072598878645747e+00
2.222216277992926869e+00
1.000351052445009659e+00
1.122615913424486411e+00
1.005062175559473747e+00
1.015853489415427191e+00
1.002191915412598222e+00
1.005578451335950918e+00
1.261131348638854011e+00
1.000035454072545793e+00
1.000357914725878317e+00
1.012210058003192081e+00
1.000999114243009469e+00
1.000379403118743182e+00
1.000355466738323873e+00
1.022212778980449155e+00
1.000797450338388739e+00
1.004554616212063989e+00
1.009211067474906187e+00
1.021521065304390463e+00
1.002241294713290376e+00
1.000069515451598390e+00
1.000849837296263978e+00
1.099555096539304389e+00
1.001867957900424599e+00
1.013549611408840478e+00
1.013529738802570135e+00
1.042492620742804466e+00
1.000526332058242485e+00
1.005607454342366980e+00
1.002800508712372363e+00
1.030300406169369465e+00
1.031345088462638726e+00
1.000468798745770993e+00
1.014617197127636317e+00
1.006468005630253515e+00
1.249822058721916429e+00
1.049279248500421202e+00
1.002737546291108561e+00
1.000053738906957035e+00
1.024539878978284024e+00
1.025939356856377938e+00
1.012213182445038218e+00
1.051239862224557786e+00
1.016908765641382884e+00
1.620799667960462598e+00
1.001301782260022311e+00
1.001563765663915140e+00
1.042738984561213389e+00
1.033201215522669969e+00
1.024820964334324236e+00
1.011915970261336728e+00
1.002294654815775177e+00
1.060912396792348389e+00
1.003675537705078114e+00
1.006031718474412973e+00
1.002314985019445270e+00
1.011731691766641017e+00
1.000735960489948173e+00
1.001506223449466715e+00
1.000565516725882675e+00
1.000423355131924597e+00
1.394001090215881700e+00
1.002616486386908257e+00
1.028242363374506807e+00
1.012659447791213196e+00
1.001697523632483877e+00
1.045788170899766500e+00
1.000413328185912665e+00
1.026701839270583783e+00
1.003144912061405325e+00
1.002294149199729034e+00
1.001306640675249993e+00
1.014387570072681211e+00
1.009864538391286981e+00
1.017433816831270210e+00
1.007154499023226624e+00
1.006488600457386084e+00
1.005308922323155496e+00
1.000752304125217318e+00
1.032319477499552773e+00
1.031081814640355976e+00
1.001374867639164279e+00
1.011638328407860943e+00
1.003206567820511763e+00
2.684816482428086459e+00
1.001727104348082875e+00
1.021307119093446403e+00
1.049193395864725931e+00
1.000347243975560740e+00
1.017005811919190261e+00
1.033933989180834345e+00
1.000633543009509463e+00
1.000695946330255603e+00
1.010761278487120274e+00
1.000264024256459772e+00
1.082299113528656154e+00
1.003112577967064878e+00
1.000993879026293776e+00
1.000547022437586531e+00
1.005064572215938146e+00
1.000054259228387199e+00
1.154361961972473871e+00
1.017000905253354182e+00
1.008658549868355792e+00
1.002622800612177789e+00
1.001919729091249600e+00
1.003929981949673644e+00
1.001371529755132217e+00
1.000771057710083678e+00
1.000299544949212915e+00
1.005874933247684400e+00
1.008120628870861291e+00
1.018190935398252783e+00
1.003636295666590517e+00
1.511063668529017079e+00
1.000286656581049538e+00
1.021540959054203723e+00
1.000955251690241798e+00
1.000103256471853941e+00
1.026437461875929102e+00
1.882492080733455087e+00
1.000206186483885373e+00
1.000185440698274641e+00
1.011316320268427438e+00
1.010543504116917068e+00
2.222216277992926869e+00
1.004929505467736961e+00
1.018547882718824127e+00
1.000359625902174088e+00
1.005578451335950918e+00
1.261131348638854011e+00
1.012210058003192081e+00
1.000754547116730730e+00
1.025406914299659800e+00
1.015429428506717358e+00
1.022949343242846032e+00
1.008655351939711675e+00
1.002504774885537575e+00
1.014226328960598833e+00
1.001420388807217510e+00
1.001313149248998613e+00
1.037217294851766614e+00
1.001416252720167765e+00
1.004554616212063989e+00
1.000797450338388739e+00
1.000772490844977103e+00
1.032795816121518273e+00
1.001171029867413242e+00
1.004236248623695316e+00
1.049279248500421202e+00
1.000439456457400400e+00
1.006714743948297297e+00
1.053976376287938610e+00
1.004484668274269854e+00
1.000424253882531866e+00
1.000991575940696432e+00
1.033344642921787626e+00
1.000686137848669999e+00
1.004237167876157688e+00
1.007942224472296200e+00
1.001247269710667798e+00
1.002643461118593704e+00
1.017602349162931574e+00
1.045198122927709417e+00
1.017610070377247267e+00
1.067011199064341831e+00
1.004138000489921634e+00
1.000939010435391463e+00
1.000468798745770993e+00
1.030300406169369465e+00
1.000243437943704405e+00
1.042738984561213389e+00
1.088503603776911799e+00
1.007195728973867999e+00
1.001301782260022311e+00
1.001344457009647915e+00
1.003230095792578158e+00
1.003058419233795906e+00
1.002336905811533452e+00
1.000423355131924597e+00
1.028599308562674342e+00
1.002314985019445270e+00
1.039839088282394908e+00
1.001748922566584543e+00
1.025291408124081149e+00
1.048524671810003195e+00
1.394001090215881700e+00
1.002356763126333039e+00
1.002294654815775177e+00
1.000734667097175290e+00
1.002528035273992479e+00
1.012151473823181602e+00
1.219398096949479537e+00
1.000521676917285330e+00
1.047320691257072056e+00
1.000092779052684122e+00
1.000361728189782529e+00
1.002294149199729034e+00
1.002283100505968694e+00
1.001306640675249993e+00
1.002020024389131070e+00
1.020129885954146109e+00
1.024516335672620571e+00
1.047237335667097646e+00
1.029012463214379336e+00
1.001154298770060791e+00
1.032319477499552773e+00
1.000758861304127834e+00
1.028247538036330733e+00
1.015552696403088984e+00
1.024668836376454006e+00
1.002638264218867814e+00
1.009318597139267748e+00
1.000121176451260085e+00
1.038262687261427120e+00
1.039402574504112664e+00
1.001100789714367334e+00
1.002181348081760959e+00
1.003110092312493151e+00
1.002100705799199520e+00
1.000361486627616703e+00
1.000054259228387199e+00
1.017005811919190261e+00
1.002636171016331179e+00
1.002622800612177789e+00
1.001770502368337201e+00
1.001864648033071514e+00
1.003929981949673644e+00
1.001830617545524049e+00
1.009737485825406678e+00
1.154361961972473871e+00
1.006080701924965570e+00
1.000547022437586531e+00
1.001181394806422320e+00
1.003636295666590517e+00
1.003431565896606870e+00
1.012940239993609826e+00
1.002405963034107561e+00
1.039943673886665421e+00
1.014120429955835956e+00
1.000031142513443161e+00
1.030854842349402389e+00
1.050570991619892869e+00
1.010857775680176207e+00
2.222216277992926869e+00
1.004687169332479701e+00
1.511063668529017079e+00
1.001371529755132217e+00
1.044993043615491501e+00
1.000206186483885373e+00
1.000051599069101238e+00
1.038574599629243478e+00
1.015712853031250917e+00
1.011316320268427438e+00
1.002276121465553116e+00
1.012210058003192081e+00
1.001581742226936189e+00
1.001161979152746628e+00
1.000212809528437052e+00
1.000797450338388739e+00
1.000035454072545793e+00
1.000069515451598390e+00
1.001171029867413242e+00
1.034773539002046050e+00
1.122615913424486411e+00
1.000999114243009469e+00
1.007472407258908742e+00
1.025406914299659800e+00
1.001563888372788425e+00
1.000478601022508185e+00
1.000355466738323873e+00
1.000357914725878317e+00
1.017857637165521467e+00
1.426504090858747187e+00
1.481282596003249852e+00
1.515187832324331740e+00
1.004237167876157688e+00
1.005607454342366980e+00
1.015591522928570356e+00
1.000809430247849630e+00
1.008043674832072689e+00
1.001905605848860237e+00
1.032435987783986819e+00
1.000468798745770993e+00
1.042492620742804466e+00
1.000991575940696432e+00
1.013549611408840478e+00
1.001464475978942614e+00
1.010638704681385613e+00
1.041959770189828438e+00
1.000053738906957035e+00
1.046070357559557351e+00
1.001845364517785608e+00
1.013529738802570135e+00
1.021374749163096673e+00
1.000424253882531866e+00
1.002528035273992479e+00
1.002616486386908257e+00
1.003675537705078114e+00
1.014230082955059009e+00
1.017885060888509274e+00
1.007199397324008761e+00
1.013340585129692384e+00
1.000258905371856022e+00
1.015367037566806907e+00
1.004109345350998383e+00
1.003230095792578158e+00
1.042738984561213389e+00
1.000734667097175290e+00
1.039839088282394908e+00
1.022776058660086251e+00
1.043519474267352143e+00
1.016593398484454402e+00
1.028599308562674342e+00
1.003058419233795906e+00
1.008368557160242762e+00
1.002172547896007293e+00
1.000728076938427913e+00
1.694697450429635710e+00
1.028247538036330733e+00
1.001761609660613228e+00
1.020129885954146109e+00
1.009864538391286981e+00
1.005308922323155496e+00
1.001727104348082875e+00
1.000648553807270913e+00
1.001374867639164279e+00
1.031081814640355976e+00
1.032319477499552773e+00
1.010103442678254471e+00
1.041036047051439706e+00
1.008147806647743616e+00
1.013525472978253905e+00
1.010527053119829599e+00
1.015552696403088984e+00
1.012720518376638790e+00
1.179415422106434130e+00
1.004406307202981186e+00
1.023603546940116793e+00
1.002181348081760959e+00
1.011420407747921413e+00
1.002671706492090475e+00
1.027912015162017578e+00
1.002458733040061389e+00
1.093133466754814265e+00
1.005507747664069251e+00
1.380269040914698042e+00
1.004371848350908980e+00
1.013661531047410413e+00
1.000697480369247661e+00
1.000547022437586531e+00
1.001388265901722807e+00
1.017005811919190261e+00
1.008658549868355792e+00
1.001864648033071514e+00
1.010071849352913720e+00
1.175471844833312796e+00
1.000993879026293776e+00
1.014567130362890035e+00
1.018190935398252783e+00
1.002082096675123823e+00
1.002673166511029557e+00
1.001371529755132217e+00
1.000185440698274641e+00
1.038574599629243478e+00
1.021081811549348517e+00
1.008812276390641749e+00
1.001314430808330602e+00
1.002032694084707298e+00
1.002405963034107561e+00
1.014570401978128533e+00
1.000280920960278097e+00
1.001181394806422320e+00
1.000232843243167746e+00
1.002125445864188613e+00
1.000462136207387775e+00
1.039943673886665421e+00
1.010857775680176207e+00
1.000092732246784522e+00
1.001910570993671978e+00
1.011897698881150331e+00
1.000478601022508185e+00
1.819035075990963479e+00
1.005578451335950918e+00
1.001313149248998613e+00
1.025406914299659800e+00
1.004554616212063989e+00
1.000114340580642303e+00
1.044607309306286425e+00
1.037217294851766614e+00
1.005835553515487257e+00
1.002872106511793593e+00
1.004651578305890247e+00
1.418826857156890053e+00
1.009211067474906187e+00
1.029289080620733987e+00
1.000357914725878317e+00
1.012210058003192081e+00
1.023062751584685515e+00
1.023325222484406050e+00
1.086934737574026588e+00
1.002470665802959626e+00
1.000348833864112441e+00
1.021608285493345480e+00
1.024539878978284024e+00
1.042492620742804466e+00
1.002351606647832849e+00
1.002737546291108561e+00
1.004484668274269854e+00
1.002773729942120440e+00
1.010638704681385613e+00
1.026821956253944235e+00
1.135803861303986029e+00
1.005607454342366980e+00
1.004138000489921634e+00
1.011326325007551485e+00
1.001767802411467789e+00
1.029189501784787630e+00
1.001845364517785608e+00
1.049279248500421202e+00
1.017602349162931574e+00
1.877030356182363136e+00
1.003058419233795906e+00
1.028599308562674342e+00
1.004902959804870433e+00
1.002967888422500398e+00
1.033201215522669969e+00
1.005561485505687580e+00
1.013256866655711130e+00
2.432063344785983183e+00
1.025291408124081149e+00
1.001506223449466715e+00
1.008368557160242762e+00
2.096709771914976095e+00
1.000734667097175290e+00
1.014203419054031885e+00
1.011915970261336728e+00
1.000243437943704405e+00
1.000045625206107403e+00
1.017463799781582745e+00
1.019860842284305846e+00
1.002298227231380290e+00
1.018130773466548344e+00
1.013286404312579325e+00
1.014387570072681211e+00
1.002738545998628661e+00
1.010878745634793630e+00
1.001987433488363610e+00
1.028353464251929417e+00
1.004152295251865556e+00
1.025235380163114218e+00
1.011572752112588347e+00
1.001469586864204731e+00
1.001154298770060791e+00
1.055162489263373526e+00
1.041036047051439706e+00
1.007154499023226624e+00
1.000521676917285330e+00
1.003144912061405325e+00
1.008147806647743616e+00
1.002294149199729034e+00
1.002420534046558176e+00
1.028247538036330733e+00
1.000361728189782529e+00
1.013661531047410413e+00
1.016486557257162193e+00
1.023603546940116793e+00
1.001388265901722807e+00
1.038262687261427120e+00
1.154361961972473871e+00
1.000054259228387199e+00
1.015336292907653037e+00
1.002636171016331179e+00
1.009318597139267748e+00
1.002671706492090475e+00
1.093133466754814265e+00
1.000695946330255603e+00
1.017005811919190261e+00
1.002409138128588895e+00
1.000697480369247661e+00
1.045236591349731903e+00
1.175471844833312796e+00
1.011420407747921413e+00
1.013427515067647944e+00
1.001159310997252305e+00
1.000092732246784522e+00
1.001422516845695165e+00
1.015712853031250917e+00
1.001070049517304827e+00
1.008120628870861291e+00
1.002082096675123823e+00
1.001537365920595057e+00
1.010857775680176207e+00
1.000185440698274641e+00
1.001314430808330602e+00
1.022253019243429817e+00
1.001181394806422320e+00
1.018190935398252783e+00
1.000280920960278097e+00
1.000931028966354663e+00
1.004929505467736961e+00
1.024327982224481293e+00
1.459811263534698700e+00
1.882492080733455087e+00
1.001798053239051800e+00
1.001814416358376203e+00
1.005578451335950918e+00
1.001313149248998613e+00
1.001667582260844513e+00
1.001261032133090367e+00
1.006058129846757243e+00
1.000489315244428079e+00
1.012851503865468628e+00
1.022814759458050116e+00
1.004554616212063989e+00
1.012210058003192081e+00
1.005835553515487257e+00
1.002191915412598222e+00
1.000772490844977103e+00
1.000035454072545793e+00
1.000849837296263978e+00
1.007472407258908742e+00
1.034773539002046050e+00
1.261131348638854011e+00
1.000355466738323873e+00
1.022212778980449155e+00
1.421531869147329541e+00
1.001767802411467789e+00
1.000348833864112441e+00
1.011908028084173239e+00
1.001217862455570318e+00
1.002470665802959626e+00
1.051239862224557786e+00
1.001247269710667798e+00
1.003060845479022634e+00
1.002773729942120440e+00
1.000809430247849630e+00
1.021374749163096673e+00
2.161423630905134452e+00
1.045198122927709417e+00
1.032435987783986819e+00
1.011139496970721030e+00
1.005607454342366980e+00
1.006071749323446340e+00
1.002643461118593704e+00
1.490797314041771626e+00
1.000991575940696432e+00
1.453600541625431619e+00
1.013340585129692384e+00
1.009361372428727588e+00
1.676665681870842750e+00
1.010971317524696378e+00
1.000565516725882675e+00
1.088503603776911799e+00
2.096709771914976095e+00
1.018130773466548344e+00
1.002796957746564743e+00
1.000309901239850863e+00
1.428603796124483072e+00
1.001344457009647915e+00
1.007035817124371402e+00
1.017463799781582745e+00
1.002294654815775177e+00
1.000735960489948173e+00
1.002013889820951631e+00
1.002172547896007293e+00
1.507520348006961664e+00
1.002616486386908257e+00
1.006031718474412973e+00
1.041036047051439706e+00
1.031081814640355976e+00
1.000282089455531986e+00
1.002104274723347954e+00
1.002294149199729034e+00
1.000386547048520924e+00
1.020785558138266325e+00
1.604802965252999813e+00
1.055162489263373526e+00
1.002638264218867814e+00
1.023691957907615357e+00
1.002738545998628661e+00
1.004152295251865556e+00
1.024668836376454006e+00
1.020129885954146109e+00
1.002283100505968694e+00
1.001761609660613228e+00
1.029012463214379336e+00
1.004287195628470020e+00
1.000535171839520343e+00
1.001697523632483877e+00
1.000540180746140484e+00
1.013721294757977898e+00
1.017000905253354182e+00
1.008658549868355792e+00
1.002636171016331179e+00
1.347883938517260294e+00
1.002409138128588895e+00
1.045236591349731903e+00
1.001152211828348459e+00
1.909440770070570892e+00
1.033933989180834345e+00
1.002069206727155048e+00
1.016486557257162193e+00
1.023603546940116793e+00
1.010979697550580481e+00
1.002813648932892487e+00
1.154361961972473871e+00
1.000547022437586531e+00
1.000346519790329625e+00
1.000695946330255603e+00
1.003929981949673644e+00
1.038574599629243478e+00
1.001814416358376203e+00
1.023664200726275286e+00
1.000286656581049538e+00
1.002673166511029557e+00
1.004929505467736961e+00
1.020488601251890559e+00
1.000326588950785744e+00
1.010008531530010467e+00
1.001958609936989930e+00
1.014570401978128533e+00
1.001798053239051800e+00
1.002082096675123823e+00
1.001422516845695165e+00
1.015314973453655512e+00
1.320002497419291210e+00
1.017865224369925548e+00
1.002405963034107561e+00
1.000931028966354663e+00
1.026437461875929102e+00
1.000771057710083678e+00
1.012210058003192081e+00
1.002504774885537575e+00
1.006585072642405931e+00
1.002713316989888970e+00
1.001625075036158385e+00
1.000999114243009469e+00
1.384409677031218866e+00
1.001857105139513537e+00
1.000357914725878317e+00
1.011897698881150331e+00
1.016699309053753053e+00
1.000608579568031287e+00
1.021521065304390463e+00
1.426504090858747187e+00
1.016667585393319584e+00
1.000415084663419885e+00
1.418826857156890053e+00
1.000772490844977103e+00
1.000862320389134252e+00
1.001797752941203878e+00
1.000355466738323873e+00
1.003619530734737975e+00
1.000524928914024114e+00
1.239353715931476918e+00
1.017610070377247267e+00
1.877030356182363136e+00
1.041959770189828438e+00
1.000526332058242485e+00
1.000468798745770993e+00
1.002737546291108561e+00
1.012662449533803022e+00
1.001867957900424599e+00
1.031345088462638726e+00
1.001905605848860237e+00
1.000093271602424450e+00
1.001247269710667798e+00
1.017602349162931574e+00
1.515187832324331740e+00
1.002773729942120440e+00
1.453600541625431619e+00
1.006071749323446340e+00
1.013529738802570135e+00
1.620799667960462598e+00
1.000735960489948173e+00
1.002172547896007293e+00
1.013256866655711130e+00
1.000179386172622031e+00
1.022776058660086251e+00
1.001655058876397275e+00
1.017885060888509274e+00
2.096709771914976095e+00
1.001353982707640977e+00
1.001506223449466715e+00
1.000565516725882675e+00
1.001156228760963440e+00
1.003675537705078114e+00
1.007195728973867999e+00
1.001748764485274723e+00
1.002616486386908257e+00
1.007199397324008761e+00
1.000734667097175290e+00
1.012659447791213196e+00
1.001344457009647915e+00
1.000386547048520924e+00
1.001364446550720544e+00
1.028353464251929417e+00
1.047320691257072056e+00
1.009864538391286981e+00
1.026668052547048404e+00
1.004152295251865556e+00
1.008147806647743616e+00
1.010103442678254471e+00
1.006488137783672299e+00
1.043021905392761184e+00
1.011638328407860943e+00
1.024668836376454006e+00
1.020129885954146109e+00
1.011572752112588347e+00
1.024516335672620571e+00
1.006488600457386084e+00
1.001469586864204731e+00
1.001987433488363610e+00
1.041036047051439706e+00
1.003144912061405325e+00
1.001919729091249600e+00
1.000361486627616703e+00
1.005064572215938146e+00
1.010921243465519925e+00
1.016486557257162193e+00
1.002181348081760959e+00
1.017787784165189002e+00
1.001611004154358664e+00
1.000449158517703774e+00
1.026997064708157881e+00
1.000697480369247661e+00
1.005507747664069251e+00
1.002458733040061389e+00
1.000346519790329625e+00
1.012333195149888621e+00
1.000695946330255603e+00
1.006761392439906810e+00
1.013427515067647944e+00
1.000540180746140484e+00
1.038262687261427120e+00
1.011420407747921413e+00
1.001181394806422320e+00
1.096646407454470395e+00
1.002288683846432438e+00
1.004929505467736961e+00
1.016455489493077291e+00
1.001314430808330602e+00
1.511063668529017079e+00
1.015712853031250917e+00
1.000232843243167746e+00
1.000086150194688717e+00
1.014120429955835956e+00
1.001925102998089345e+00
1.320002497419291210e+00
1.000299544949212915e+00
1.001958609936989930e+00
1.000051599069101238e+00
1.007529138154090953e+00
1.001814416358376203e+00
1.000928831722563972e+00
1.001910570993671978e+00
1.012984023941772449e+00
1.329027694980757568e+00
1.418826857156890053e+00
1.001732810540682861e+00
1.000608579568031287e+00
1.000357914725878317e+00
1.011408925855836971e+00
1.000928800906271343e+00
1.004651578305890247e+00
1.021521065304390463e+00
1.000529495790713819e+00
1.000035454072545793e+00
1.001524221097041867e+00
1.012210058003192081e+00
1.001581742226936189e+00
1.022212778980449155e+00
1.034773539002046050e+00
1.011897698881150331e+00
1.006585072642405931e+00
1.015853489415427191e+00
1.002713316989888970e+00
1.035118215208873815e+00
1.003408999216884423e+00
1.028171461125362063e+00
1.003060845479022634e+00
1.032435987783986819e+00
1.001867957900424599e+00
1.007942224472296200e+00
1.031345088462638726e+00
1.002353377494461073e+00
1.010638704681385613e+00
1.877030356182363136e+00
1.002773729942120440e+00
1.001845364517785608e+00
1.005219231645098965e+00
1.014617197127636317e+00
1.024288760174139501e+00
1.002737546291108561e+00
1.001464475978942614e+00
1.049279248500421202e+00
1.033344642921787626e+00
1.021374749163096673e+00
1.002155699672725886e+00
1.034657054485444094e+00
1.050068997885000188e+00
1.002796957746564743e+00
1.001748764485274723e+00
1.001344457009647915e+00
1.000486418146705025e+00
1.002668695623813111e+00
1.001748922566584543e+00
1.002616486386908257e+00
1.039839088282394908e+00
1.002967888422500398e+00
1.022776058660086251e+00
1.006054774940232432e+00
1.003483903614716954e+00
1.001353982707640977e+00
1.011915970261336728e+00
1.004843093720289904e+00
1.003058419233795906e+00
1.028599308562674342e+00
1.620799667960462598e+00
1.000935587031016594e+00
1.024516335672620571e+00
1.010103442678254471e+00
1.013525472978253905e+00
1.061948552417737446e+00
1.001363219491883783e+00
1.028353464251929417e+00
1.003606339027610872e+00
1.038173687467199402e+00
1.000092779052684122e+00
1.000089458447840141e+00
1.002886757038406129e+00
1.004406307202981186e+00
1.032319477499552773e+00
1.002371235322900844e+00
1.025932046074469417e+00
1.000249752383612911e+00
1.015552696403088984e+00
1.010878745634793630e+00
1.000386547048520924e+00
1.055162489263373526e+00
1.003206567820511763e+00
1.003110092312493151e+00
1.000633543009509463e+00
1.029484617335300722e+00
1.009318597139267748e+00
1.001159310997252305e+00
1.033621209430545251e+00
1.014567130362890035e+00
1.026997064708157881e+00
1.003545469767003206e+00
1.008658549868355792e+00
1.027912015162017578e+00
1.005507747664069251e+00
1.033933989180834345e+00
1.006080701924965570e+00
1.001611004154358664e+00
1.082299113528656154e+00
1.001388265901722807e+00
1.311541860425911477e+00
1.039402574504112664e+00
1.025141197346659538e+00
1.009737485825406678e+00
1.003636295666590517e+00
1.033017575895219142e+00
1.002012474167741196e+00
1.000725007697161217e+00
1.001798053239051800e+00
1.048677888044362350e+00
1.384216605422735391e+00
1.044993043615491501e+00
1.001422516845695165e+00
1.012940239993609826e+00
1.011316320268427438e+00
1.000326588950785744e+00
1.024327982224481293e+00
1.005729055551518369e+00
1.010543504116917068e+00
1.015712853031250917e+00
1.020488601251890559e+00
1.021081811549348517e+00
1.000206186483885373e+00
1.035986937755024373e+00
1.001910570993671978e+00
1.481282596003249852e+00
1.002504774885537575e+00
1.003443812118135936e+00
1.032795816121518273e+00
1.034773539002046050e+00
1.000691255413609149e+00
1.016699309053753053e+00
1.001420388807217510e+00
1.000357914725878317e+00
1.001563888372788425e+00
1.011408925855836971e+00
1.023062751584685515e+00
1.086934737574026588e+00
1.000379403118743182e+00
1.029289080620733987e+00
1.000529495790713819e+00
1.001667582260844513e+00
1.000976518840528628e+00
1.004538238743550860e+00
1.017857637165521467e+00
1.000069515451598390e+00
1.005607454342366980e+00
1.453600541625431619e+00
1.003874521890242510e+00
1.004484668274269854e+00
1.004138000489921634e+00
1.002351606647832849e+00
1.011908028084173239e+00
1.020316363995628306e+00
1.013433414620912298e+00
1.000384485200965567e+00
1.002233170513353366e+00
1.000991575940696432e+00
1.021374749163096673e+00
1.002737546291108561e+00
1.024288760174139501e+00
1.000053738906957035e+00
1.001867957900424599e+00
1.032435987783986819e+00
1.017610070377247267e+00
1.001496658801052764e+00
1.022003229307993699e+00
1.001563765663915140e+00
1.001676302522147122e+00
1.015367037566806907e+00
1.025583953500170731e+00
1.000486418146705025e+00
1.003058419233795906e+00
1.002967888422500398e+00
1.002336905811533452e+00
1.036593410010917093e+00
1.012659447791213196e+00
1.007733437822166733e+00
1.001748764485274723e+00
1.000423355131924597e+00
1.043519474267352143e+00
1.018451417349656163e+00
1.019860842284305846e+00
1.016734384854470319e+00
1.000735960489948173e+00
1.088503603776911799e+00
1.000317443839422005e+00
1.011731691766641017e+00
1.004152295251865556e+00
1.000089458447840141e+00
1.002104274723347954e+00
1.001154298770060791e+00
1.001697523632483877e+00
1.015196418942401646e+00
1.000648553807270913e+00
1.012720518376638790e+00
1.001761609660613228e+00
1.015552696403088984e+00
1.004287195628470020e+00
1.000092779052684122e+00
1.000413328185912665e+00
1.000535171839520343e+00
1.024516335672620571e+00
1.002638264218867814e+00
1.004406307202981186e+00
1.000282089455531986e+00
1.003206567820511763e+00
2.106718764634090135e+00
1.001727104348082875e+00
1.006080701924965570e+00
1.013661531047410413e+00
1.003487048366926926e+00
1.001152211828348459e+00
1.027912015162017578e+00
1.021102197647786980e+00
1.033621209430545251e+00
1.040681998134862285e+00
1.000346519790329625e+00
1.000411743783487850e+00
1.347883938517260294e+00
1.003110092312493151e+00
1.000697480369247661e+00
1.016486557257162193e+00
1.005403140220234359e+00
1.154361961972473871e+00
1.005830788311470325e+00
1.311541860425911477e+00
1.003112577967064878e+00
1.014269737486658496e+00
1.380269040914698042e+00
1.005165417638797631e+00
1.001371529755132217e+00
1.882492080733455087e+00
1.026437461875929102e+00
1.000955251690241798e+00
1.021081811549348517e+00
1.044993043615491501e+00
1.001422516845695165e+00
1.023664200726275286e+00
1.030762223176128423e+00
1.000931028966354663e+00
1.017865224369925548e+00
1.001798053239051800e+00
1.002288683846432438e+00
1.001181394806422320e+00
1.002012474167741196e+00
1.000747952243554506e+00
1.010857775680176207e+00
1.000280920960278097e+00
1.001124844541009251e+00
1.000911012756034113e+00
1.000772490844977103e+00
1.000359625902174088e+00
1.000928800906271343e+00
1.029289080620733987e+00
1.000592236103936106e+00
1.000797450338388739e+00
1.001797752941203878e+00
1.001732810540682861e+00
1.022814759458050116e+00
1.418826857156890053e+00
1.000379403118743182e+00
1.001715164524436874e+00
1.426504090858747187e+00
1.000999114243009469e+00
1.001420388807217510e+00
1.009211067474906187e+00
1.000478601022508185e+00
1.000355466738323873e+00
1.022193696910211669e+00
1.000035454072545793e+00
1.001171029867413242e+00
