1.002699200763411458e+00
1.011959568015090127e+00
1.991471486587069295e+00
1.011445466368255719e+00
1.051336269047192351e+00
1.076496521218682778e+00
1.029581312242043634e+00
1.043494313407740126e+00
1.005413775678766886e+00
1.016149810077189519e+00
1.029022580326958591e+00
3.360406615966515798e+00
1.012906799572715899e+00
1.051538320078678090e+00
1.012129575736565368e+00
1.007952560780029927e+00
1.006495172383760961e+00
1.008546695889186884e+00
2.143496020879094299e+00
6.093275712982142878e+00
2.757246074950685966e+00
1.002448883780159727e+00
1.010468240944859097e+00
1.011473003646144786e+00
1.577473195257345084e+00
1.016430115067979312e+00
1.007114492109378423e+00
2.029900002704756456e+00
1.003467860473797879e+00
1.099494877074901344e+00
1.052516796128492693e+00
1.756996107308476551e+00
1.017496861547992237e+00
1.101224780537503722e+00
1.001646991108781970e+00
1.130451592838087604e+00
1.075493997480406527e+00
1.028494559586463186e+00
1.041677019692647033e+00
1.006840609926674457e+00
1.012351078961110762e+00
1.502685072294299040e+00
1.004671202351553827e+00
1.019290564706883284e+00
1.073748237232180269e+00
1.643161238018485903e+00
1.038976324920279470e+00
1.022336749028964764e+00
1.007321665956673495e+00
1.037750864150051688e+00
1.046978320075985236e+00
1.180375057275664386e+00
1.047143185225688500e+00
1.007453252958711687e+00
1.023865802301155981e+00
1.085227190653110796e+00
1.026561551325576138e+00
1.054410892952266865e+00
1.010917731786737939e+00
1.048451058151929516e+00
1.006881326595506554e+00
1.001869630315683324e+00
1.078343233285481872e+00
1.032837471147335817e+00
1.071551251414911254e+00
1.012054018458005578e+00
2.451779209415270167e+00
1.010889313555030089e+00
1.007464862764464453e+00
1.004022386457782634e+00
1.032447986006945539e+00
1.000248129573998224e+00
1.019408426371869458e+00
1.036214782092417241e+00
1.003685369569260022e+00
1.046321659574834140e+00
1.045535879802400148e+00
1.047020505856221417e+00
1.007251730851164151e+00
1.439591695248882308e+00
1.036700703685521363e+00
1.301828229264928138e+00
1.017370430724074959e+00
1.028130865154412099e+00
1.038488508007310074e+00
1.003057190711380553e+00
1.042810374467438850e+00
1.003629785079857673e+00
1.002572891722177673e+00
1.002350570420394771e+00
1.007159527561006573e+00
1.005044714977783249e+00
1.021917566586415749e+00
1.001466965834941103e+00
1.041065822181044487e+00
1.004859391049587547e+00
1.032908952606299113e+00
1.007320485930734755e+00
1.002550715999500852e+00
1.044501776494977330e+00
1.006359596059637429e+00
1.135590779591239885e+00
1.003754970508504929e+00
1.001908715674839412e+00
1.049152715337384967e+00
1.007187939458797921e+00
1.048459884148810861e+00
1.059193749969397524e+00
1.010656464042621439e+00
1.068845682739295144e+00
1.034381485060161143e+00
1.046427068708234653e+00
1.633718829443110865e+00
1.014080770339331306e+00
1.007345066733542627e+00
1.007178459839713103e+00
1.022685731795865083e+00
1.070660027444005236e+00
1.005470276130201679e+00
1.063273508279116042e+00
1.003248247909595436e+00
1.013655239947416131e+00
1.001751986994193544e+00
1.006056171700188129e+00
1.044000393734002108e+00
1.049613777612287357e+00
1.012490420725203677e+00
1.051336269047192351e+00
1.006495172383760961e+00
1.086862875581174004e+00
1.029581312242043634e+00
1.012906799572715899e+00
1.006750887389379345e+00
1.910514825780410320e+00
1.003311789299724976e+00
1.027216412545399304e+00
1.002699200763411458e+00
1.003349341839069320e+00
1.011869610252606133e+00
1.007246632985995038e+00
1.033704630793234047e+00
1.076496521218682778e+00
1.044225562360812321e+00
1.009524591458124565e+00
1.085938452989940739e+00
1.008942640838445204e+00
1.002960033736391532e+00
1.008818050430126290e+00
1.027452703514156074e+00
1.003310358732168339e+00
1.023551695015651575e+00
1.009763052353895407e+00
1.000924039203435534e+00
1.038059038973414561e+00
1.003467860473797879e+00
1.007515129384634944e+00
1.011688847962429971e+00
1.020064397085657770e+00
1.004800515674048267e+00
1.049638320902916977e+00
1.009553563270905618e+00
1.012234852951313213e+00
1.047025012531698440e+00
1.041677019692647033e+00
1.051798344510951111e+00
1.084278055787636141e+00
1.099494877074901344e+00
1.066802388850882410e+00
1.008540605787643596e+00
1.071433422658139012e+00
1.038823350863387507e+00
1.205167045393928493e+00
1.004860239498176711e+00
1.068402326475488717e+00
1.023865802301155981e+00
1.051482206148730780e+00
1.126322577402647740e+00
2.043457329385977239e+00
1.006572919031392788e+00
1.009685045424140393e+00
1.022490175799788403e+00
1.011019478650973635e+00
1.008836404550848664e+00
1.001801488621367753e+00
1.004204757440098073e+00
1.643161238018485903e+00
1.327590761854742452e+00
1.004671202351553827e+00
1.047143185225688500e+00
1.035971892485112011e+00
1.030518779056732726e+00
1.004122000145309501e+00
1.642131926351913407e+00
1.006562573206384759e+00
1.009015664319658834e+00
1.613783140983928277e+00
1.008593201280572504e+00
1.010889313555030089e+00
1.000248129573998224e+00
1.001955065401183731e+00
1.007251730851164151e+00
1.004141977547923670e+00
1.007464862764464453e+00
1.047037750047406846e+00
1.004674635548001849e+00
1.064566716004995417e+00
1.439591695248882308e+00
1.005950250505101229e+00
1.076918121606091461e+00
2.163419861983607806e+00
1.012925546614242389e+00
1.491830704633360094e+00
1.001466965834941103e+00
1.004149911293598318e+00
1.009951385996438189e+00
1.006542916654431519e+00
1.000284917454284495e+00
1.002572891722177673e+00
1.044501776494977330e+00
1.018571906412805372e+00
1.027735334545397228e+00
1.050519980944878196e+00
1.003070020186775713e+00
1.007276566918798189e+00
1.042810374467438850e+00
1.007688402209391931e+00
1.726074851194910664e+00
1.007159527561006573e+00
1.001908715674839412e+00
1.032908952606299113e+00
1.018433415794173680e+00
1.003083587422487044e+00
1.028799517876893388e+00
1.046099286965629815e+00
1.000126746983144743e+00
1.072210475407770591e+00
1.022178899569267108e+00
1.007187939458797921e+00
1.003820409579316619e+00
1.066056353355226971e+00
1.010656464042621439e+00
1.627650885327712071e+00
1.060461072482113964e+00
1.049613777612287357e+00
1.057869581243756629e+00
1.019123063931956397e+00
2.120171487301046209e+00
1.186334679263813641e+00
1.047801874456693039e+00
1.094260197195732642e+00
1.007719014261792001e+00
1.003402924990864920e+00
1.008546695889186884e+00
1.236752387584988400e+00
3.014308954421709874e+00
1.029022580326958591e+00
1.011959568015090127e+00
1.086862875581174004e+00
1.010257372872862547e+00
1.002946447632942828e+00
1.006439350921382703e+00
1.067515048318798732e+00
1.011869610252606133e+00
1.010847321388017805e+00
1.051538320078678090e+00
1.006495172383760961e+00
1.035941853459405149e+00
1.010719596534610076e+00
1.051336269047192351e+00
1.027216412545399304e+00
1.081949219683787433e+00
1.011177953484396985e+00
1.006750887389379345e+00
1.016430115067979312e+00
1.050102948044269180e+00
1.039530488478143555e+00
1.081815219016468488e+00
1.005565705880345551e+00
1.086697514372773954e+00
1.049638320902916977e+00
1.048453560480471003e+00
1.002019907724538639e+00
1.017496861547992237e+00
2.029900002704756456e+00
1.012539390714494392e+00
1.008525967583744798e+00
1.050306705873065738e+00
1.002448883780159727e+00
1.005897858900048236e+00
1.963289062678541752e+00
1.048893489554211245e+00
1.021408081924145783e+00
1.041677019692647033e+00
1.004893763671975915e+00
1.003129086733828945e+00
1.643161238018485903e+00
1.023865802301155981e+00
1.011111468997542673e+00
1.051154404466956960e+00
1.068629404288095719e+00
1.002130899103858885e+00
1.000564165449228549e+00
1.006341747483244564e+00
1.017968377085344933e+00
1.038976324920279470e+00
1.079049551981162036e+00
1.009084706201718973e+00
1.026561551325576138e+00
1.011477240413226175e+00
1.046321692978589457e+00
1.073015325192397285e+00
1.007218992588470474e+00
4.788250891064196324e+00
1.048451058151929516e+00
1.054061481573225878e+00
1.006562573206384759e+00
1.035971892485112011e+00
1.008593201280572504e+00
1.084459196261662317e+00
1.004041879378461344e+00
1.046321659574834140e+00
1.002155774441952030e+00
1.048706995873846193e+00
1.060873125943722073e+00
1.006462664825644060e+00
1.023430448307129037e+00
1.004122000145309501e+00
1.044031115845920343e+00
1.047020505856221417e+00
1.010889313555030089e+00
1.439591695248882308e+00
1.003409754684607025e+00
1.009145682081582507e+00
1.613783140983928277e+00
1.025649440480383756e+00
1.007251730851164151e+00
1.027735334545397228e+00
1.000411663223407688e+00
1.000284917454284495e+00
1.006359596059637429e+00
1.015113068920285189e+00
1.032485774783700183e+00
1.011831834520249496e+00
1.007569679413636621e+00
1.037404574925551826e+00
1.132952075940632408e+00
1.004497405937715637e+00
1.687372594524520597e+00
1.000115031182361225e+00
1.083922834512640154e+00
1.018571906412805372e+00
1.012753520969826404e+00
1.013122073356468089e+00
1.003629785079857673e+00
1.001104336459974986e+00
1.002350570420394771e+00
1.698018452152295410e+00
1.000574498657445188e+00
1.005470276130201679e+00
1.655167673378302950e+00
1.000126746983144743e+00
1.003248247909595436e+00
1.003392560259441790e+00
1.014901116324605779e+00
1.031545613655682647e+00
1.049613777612287357e+00
1.186334679263813641e+00
1.022976650978780100e+00
1.011044402531735331e+00
1.036904159778955226e+00
1.009800917974450929e+00
1.003083587422487044e+00
1.593237550403546532e+00
1.078525462141274316e+00
1.094260197195732642e+00
1.046099286965629815e+00
1.007178459839713103e+00
2.507918737936570164e+00
1.991471486587069295e+00
1.011177953484396985e+00
3.360406615966515798e+00
1.011126308131948148e+00
1.716201996619592718e+00
1.027976126026691528e+00
1.108329767404393040e+00
1.086318901530906711e+00
1.007952560780029927e+00
1.002699200763411458e+00
1.044225562360812321e+00
1.067515048318798732e+00
2.143496020879094299e+00
1.051538320078678090e+00
1.029022580326958591e+00
1.035941853459405149e+00
1.011869610252606133e+00
1.085938452989940739e+00
1.009733876694551613e+00
1.236752387584988400e+00
1.086862875581174004e+00
1.028494559586463186e+00
1.006509887374053447e+00
1.008463700566833765e+00
2.632661619714977697e+00
1.031008295372823458e+00
1.001526899877520638e+00
1.007804384659340746e+00
1.000913336023080635e+00
1.005258354919978059e+00
1.009763052353895407e+00
1.007515129384634944e+00
1.081815219016468488e+00
1.067674939213772323e+00
1.101224780537503722e+00
1.502685072294299040e+00
1.152133459066148280e+00
1.050306705873065738e+00
2.516656033091790867e+00
1.086697514372773954e+00
1.001631421801750799e+00
1.038492119215462584e+00
1.004671202351553827e+00
1.007453252958711687e+00
1.048451058151929516e+00
1.010598090930050708e+00
1.006341747483244564e+00
1.024473543876568415e+00
1.026561551325576138e+00
1.038976324920279470e+00
1.044690378340912273e+00
1.068629404288095719e+00
1.047143185225688500e+00
1.006572919031392788e+00
1.126322577402647740e+00
1.000564165449228549e+00
1.014590837159946579e+00
2.007950337817082431e+00
1.030654303755458301e+00
1.019460966774749178e+00
1.093158491963935441e+00
4.788250891064196324e+00
1.093147636171138526e+00
1.025649440480383756e+00
1.072356685099285833e+00
1.053417832427600453e+00
1.023957169378675314e+00
1.012054018458005578e+00
1.004674635548001849e+00
1.003685369569260022e+00
1.006562573206384759e+00
1.070447202481867865e+00
1.064566716004995417e+00
1.001504214332189724e+00
1.027938121031180652e+00
1.007464862764464453e+00
1.000248129573998224e+00
1.988229239106179325e+00
1.084459196261662317e+00
1.036700703685521363e+00
1.074021156672052557e+00
1.439591695248882308e+00
1.003409754684607025e+00
1.004122000145309501e+00
1.012925546614242389e+00
1.011773388512634764e+00
1.055197788206206466e+00
1.965353518022482149e+00
1.009798982574850790e+00
1.013122073356468089e+00
1.028611918116462132e+00
1.026237957213467444e+00
1.004428313609384338e+00
1.018571906412805372e+00
1.037404574925551826e+00
1.058229704222827028e+00
1.015113068920285189e+00
1.038257808479623900e+00
1.038488508007310074e+00
1.005245260951143083e+00
1.071067055735110962e+00
1.001049307293351065e+00
1.009951385996438189e+00
1.004149911293598318e+00
1.000427085559859375e+00
1.010656464042621439e+00
1.057869581243756629e+00
1.000574498657445188e+00
1.001979268413831115e+00
1.593237550403546532e+00
1.001341408177485182e+00
1.068845682739295144e+00
1.001728247695225615e+00
1.031545613655682647e+00
1.981333918506855696e+00
2.039815403045030173e+00
1.025845178485274234e+00
1.027404650595033164e+00
1.021682586873352783e+00
1.007345066733542627e+00
1.007719014261792001e+00
1.003820409579316619e+00
1.010162719537612164e+00
1.036904159778955226e+00
1.011044402531735331e+00
1.037528181667636940e+00
1.005819493561409095e+00
1.023828556918643828e+00
1.035941853459405149e+00
1.086862875581174004e+00
1.054399987416571705e+00
3.014308954421709874e+00
1.000213656649746818e+00
1.114372882935281250e+00
1.051538320078678090e+00
1.991471486587069295e+00
1.006750887389379345e+00
1.086318901530906711e+00
1.181062486778407861e+00
1.186233920682310039e+00
1.006439350921382703e+00
1.002699200763411458e+00
1.055319620762918298e+00
1.108329767404393040e+00
1.001012106004866231e+00
1.005000439941127643e+00
1.044225562360812321e+00
1.051798344510951111e+00
1.086697514372773954e+00
1.077836028599438833e+00
2.516656033091790867e+00
1.028494559586463186e+00
1.007114492109378423e+00
1.987653651580160385e+00
1.005897858900048236e+00
1.084278055787636141e+00
1.001526899877520638e+00
1.000913336023080635e+00
1.085873231279321116e+00
1.009553563270905618e+00
1.033021538109256232e+00
1.012351078961110762e+00
1.099494877074901344e+00
1.002448883780159727e+00
1.010885276298878255e+00
1.012539390714494392e+00
1.010424018822472458e+00
1.017496861547992237e+00
1.011651846466397275e+00
1.126322577402647740e+00
3.146893854393305823e+00
1.004204757440098073e+00
1.007089995908523994e+00
1.002620728935066818e+00
2.884425083664046596e+00
1.030123880401243142e+00
1.629041667741182309e+00
1.000564165449228549e+00
1.054061481573225878e+00
2.274610916928822224e+00
1.030979387398464286e+00
1.001869630315683324e+00
1.007218992588470474e+00
1.006341747483244564e+00
1.007321665956673495e+00
1.071433422658139012e+00
1.035497641923420753e+00
1.014590837159946579e+00
1.085227190653110796e+00
1.439591695248882308e+00
1.019408426371869458e+00
2.451779209415270167e+00
1.004890030345771068e+00
1.003685369569260022e+00
1.028130865154412099e+00
1.002188891589392172e+00
1.044031115845920343e+00
1.005950250505101229e+00
1.074021156672052557e+00
1.032837471147335817e+00
1.036214782092417241e+00
1.053289263756863381e+00
1.001504214332189724e+00
1.013372674314701571e+00
1.003663279753327364e+00
1.023957169378675314e+00
1.076918121606091461e+00
1.642131926351913407e+00
1.010003932952301176e+00
1.007251730851164151e+00
1.001962623812884035e+00
1.012925546614242389e+00
1.032908952606299113e+00
1.997728930652312496e+00
1.132952075940632408e+00
1.007320485930734755e+00
1.027106535484387351e+00
1.087861457770224805e+00
1.026237957213467444e+00
1.491830704633360094e+00
1.000284917454284495e+00
1.000489153548467458e+00
1.083279402302977701e+00
1.002402950474492460e+00
1.001049307293351065e+00
1.000115031182361225e+00
1.006542916654431519e+00
1.083922834512640154e+00
1.003629785079857673e+00
1.012753520969826404e+00
1.004149911293598318e+00
1.002796558919924141e+00
1.014080770339331306e+00
1.001751986994193544e+00
1.010656464042621439e+00
1.037528181667636940e+00
1.005470276130201679e+00
1.003402924990864920e+00
2.657475229508232673e+00
1.001979268413831115e+00
1.004818113808669811e+00
2.120171487301046209e+00
1.002327765730528508e+00
1.010162719537612164e+00
1.047660438495503499e+00
1.013655239947416131e+00
1.615166921601829175e+00
3.902692532335355846e+00
1.072210475407770591e+00
1.016851841066698459e+00
1.004429224100261475e+00
1.006056171700188129e+00
1.005413775678766886e+00
1.005000439941127643e+00
1.049965951807914299e+00
1.000213656649746818e+00
1.038833162261366683e+00
1.002960033736391532e+00
1.037941308407207330e+00
1.033704630793234047e+00
1.011126308131948148e+00
1.012443387350807189e+00
1.012300110276492582e+00
1.076496521218682778e+00
1.006750887389379345e+00
1.009733876694551613e+00
1.020505963818002071e+00
1.054651211410577716e+00
1.012129575736565368e+00
1.012910428584051115e+00
1.081949219683787433e+00
1.020969036672074948e+00
1.002699200763411458e+00
1.075493997480406527e+00
1.008525967583744798e+00
1.006840609926674457e+00
1.011473003646144786e+00
1.963289062678541752e+00
1.023551695015651575e+00
1.066802388850882410e+00
1.068764419153536815e+00
1.007515129384634944e+00
1.009553563270905618e+00
1.038059038973414561e+00
1.003310358732168339e+00
1.001646991108781970e+00
1.001526899877520638e+00
1.009696331464780883e+00
1.036213598838781502e+00
1.008818050430126290e+00
1.027452703514156074e+00
1.577473195257345084e+00
1.012351078961110762e+00
1.037774493013072785e+00
1.003192851408860831e+00
1.007089995908523994e+00
1.008032476199502536e+00
1.009685045424140393e+00
1.037750864150051688e+00
1.180375057275664386e+00
1.022490175799788403e+00
1.629041667741182309e+00
1.007453252958711687e+00
1.023865802301155981e+00
1.003129086733828945e+00
1.019460966774749178e+00
1.001869630315683324e+00
1.038976324920279470e+00
1.054410892952266865e+00
1.010598090930050708e+00
1.034193384046109720e+00
1.035497641923420753e+00
2.007950337817082431e+00
1.002620728935066818e+00
1.060504988111376390e+00
1.013273266277265661e+00
1.014213927227422429e+00
1.082500941890246038e+00
1.004141977547923670e+00
1.006676059766474562e+00
1.035971892485112011e+00
1.010415258283251294e+00
1.074021156672052557e+00
1.084459196261662317e+00
1.001862578393211134e+00
1.268764644159286581e+00
1.006562573206384759e+00
1.988229239106179325e+00
1.075523341215677942e+00
1.070447202481867865e+00
1.024885338862182582e+00
1.022329885520898429e+00
1.010154227531388837e+00
1.008786156666356515e+00
1.003409754684607025e+00
1.642131926351913407e+00
1.007159527561006573e+00
1.007688402209391931e+00
1.698018452152295410e+00
1.011460044759161736e+00
1.004428313609384338e+00
1.002402950474492460e+00
1.018268228919144036e+00
1.002334967029383295e+00
1.012925546614242389e+00
1.083922834512640154e+00
1.032908952606299113e+00
1.687372594524520597e+00
1.050519980944878196e+00
1.015113068920285189e+00
1.049152715337384967e+00
2.490219383069856018e+00
1.037404574925551826e+00
1.000489153548467458e+00
1.001962623812884035e+00
1.022143028717869218e+00
1.087861457770224805e+00
1.014080770339331306e+00
1.003402924990864920e+00
1.005232313496057683e+00
1.007187939458797921e+00
1.046427068708234653e+00
1.003820409579316619e+00
1.044000393734002108e+00
1.593237550403546532e+00
1.186334679263813641e+00
1.633718829443110865e+00
1.027404650595033164e+00
1.025845178485274234e+00
1.001979268413831115e+00
1.003730076266882154e+00
1.005470276130201679e+00
1.001825980707962138e+00
1.066056353355226971e+00
2.120171487301046209e+00
1.007719014261792001e+00
1.001880376923364624e+00
1.010656464042621439e+00
1.010847321388017805e+00
2.757246074950685966e+00
1.003349341839069320e+00
1.000213656649746818e+00
1.013082762744473619e+00
1.067515048318798732e+00
1.008634132428397612e+00
1.048772776426827757e+00
1.017257820206451058e+00
1.098775532124966592e+00
1.012443387350807189e+00
1.020461139309232879e+00
1.072926452372612971e+00
1.011869610252606133e+00
1.012906799572715899e+00
1.076496521218682778e+00
1.002058970424347439e+00
1.035810958462807463e+00
1.001195790166069077e+00
1.053395618861187266e+00
1.051336269047192351e+00
2.516656033091790867e+00
1.024814804150656178e+00
1.068764419153536815e+00
2.786309113021437689e+00
1.004800515674048267e+00
1.051798344510951111e+00
1.067674939213772323e+00
1.012351078961110762e+00
1.130451592838087604e+00
1.008818050430126290e+00
1.124141481451260693e+00
1.091067720107133265e+00
1.027737725377601219e+00
1.033021538109256232e+00
1.009696331464780883e+00
2.029900002704756456e+00
1.006233658790242291e+00
1.085873231279321116e+00
1.000913336023080635e+00
1.756996107308476551e+00
1.047500972040815492e+00
1.023865802301155981e+00
1.004728573492566834e+00
1.011111468997542673e+00
1.980615365811606576e+00
1.038823350863387507e+00
1.004344285867085684e+00
1.001801488621367753e+00
1.007218992588470474e+00
1.034193384046109720e+00
1.933103747945179141e+00
1.002560438249919139e+00
1.009685045424140393e+00
1.205167045393928493e+00
1.007321665956673495e+00
1.008836404550848664e+00
1.001869630315683324e+00
1.047143185225688500e+00
4.788250891064196324e+00
1.007089995908523994e+00
1.044690378340912273e+00
1.027041029368522818e+00
1.036214782092417241e+00
1.012054018458005578e+00
1.053621633263389645e+00
1.003679434655225355e+00
1.053417832427600453e+00
1.001504214332189724e+00
1.010154227531388837e+00
1.002155774441952030e+00
1.029879468659503194e+00
1.004823904388866262e+00
1.071551251414911254e+00
1.053289263756863381e+00
1.002594876686380587e+00
1.001867462860128288e+00
1.097368484184787052e+00
1.003851353956393577e+00
1.039215361475296362e+00
1.027938121031180652e+00
1.075523341215677942e+00
1.301828229264928138e+00
1.007251730851164151e+00
1.037404574925551826e+00
1.491830704633360094e+00
1.027735334545397228e+00
1.055197788206206466e+00
1.049152715337384967e+00
1.032344625681103301e+00
1.009798982574850790e+00
1.071590661687200852e+00
1.000391784776836879e+00
1.011831834520249496e+00
1.018433415794173680e+00
1.058229704222827028e+00
1.077853925280343406e+00
1.015113068920285189e+00
1.005245260951143083e+00
1.052337803125824811e+00
1.032908952606299113e+00
1.013122073356468089e+00
1.007159527561006573e+00
1.000411663223407688e+00
1.042167427340933816e+00
1.633718829443110865e+00
1.001341408177485182e+00
1.005232313496057683e+00
1.004070828787857250e+00
1.011044402531735331e+00
1.022178899569267108e+00
1.004818113808669811e+00
1.437354153483107355e+00
1.003015701742747678e+00
1.004092603683632845e+00
1.044415759935073851e+00
1.002399637348004635e+00
1.006056171700188129e+00
1.066056353355226971e+00
1.022976650978780100e+00
1.003821609094696088e+00
2.657475229508232673e+00
1.049613777612287357e+00
1.627650885327712071e+00
1.113641112059727600e+00
1.044626097442292068e+00
1.029581312242043634e+00
1.040088507832666265e+00
1.002058970424347439e+00
1.027976126026691528e+00
1.003311789299724976e+00
1.055319620762918298e+00
1.033704630793234047e+00
1.369278169569307257e+00
1.006495172383760961e+00
1.027216412545399304e+00
1.186233920682310039e+00
1.035810958462807463e+00
3.014308954421709874e+00
1.053395618861187266e+00
1.054399987416571705e+00
1.049965951807914299e+00
1.010257372872862547e+00
1.002945081990462617e+00
1.114372882935281250e+00
1.082211807531743064e+00
1.004342591286441211e+00
1.041677019692647033e+00
1.005258354919978059e+00
1.077836028599438833e+00
1.012234852951313213e+00
1.001631421801750799e+00
1.078767815582915457e+00
1.038492119215462584e+00
1.005897858900048236e+00
1.051798344510951111e+00
1.009553563270905618e+00
1.021408081924145783e+00
2.632661619714977697e+00
1.002448883780159727e+00
1.009696331464780883e+00
1.072557406227335308e+00
1.008525967583744798e+00
1.007114492109378423e+00
1.944700688919033693e+00
1.003860482555543499e+00
1.020064397085657770e+00
2.786309113021437689e+00
1.073748237232180269e+00
1.013452342984510368e+00
1.026561551325576138e+00
1.004703009517338597e+00
1.327590761854742452e+00
1.000564165449228549e+00
1.002620728935066818e+00
1.030979387398464286e+00
1.018633024024472977e+00
1.006572919031392788e+00
1.643161238018485903e+00
1.010064395985229790e+00
1.069806777282152677e+00
1.037750864150051688e+00
1.007218992588470474e+00
1.007321665956673495e+00
1.003129086733828945e+00
1.044992519523736174e+00
1.051609618266963420e+00
1.038976324920279470e+00
1.010917731786737939e+00
1.064566716004995417e+00
1.013376819798492479e+00
1.010154227531388837e+00
1.017370430724074959e+00
1.076918121606091461e+00
1.019408426371869458e+00
1.642131926351913407e+00
1.004674635548001849e+00
1.035971892485112011e+00
1.013273266277265661e+00
1.082500941890246038e+00
1.060873125943722073e+00
1.007464862764464453e+00
1.613783140983928277e+00
1.160130403433619284e+00
1.011659824850106304e+00
1.004022386457782634e+00
1.039215361475296362e+00
1.036214782092417241e+00
1.004122000145309501e+00
1.003894707101258499e+00
1.006359596059637429e+00
1.000427085559859375e+00
1.069124553688315160e+00
1.003070020186775713e+00
1.032908952606299113e+00
1.002320449705743854e+00
1.077853925280343406e+00
1.000595636849620051e+00
1.003827655768062099e+00
1.055197788206206466e+00
1.012753520969826404e+00
1.002402950474492460e+00
1.027735334545397228e+00
1.135590779591239885e+00
1.001962623812884035e+00
1.009798982574850790e+00
1.083279402302977701e+00
1.044501776494977330e+00
1.007159527561006573e+00
1.004502776281353649e+00
1.038257808479623900e+00
1.066056353355226971e+00
1.001728247695225615e+00
1.046099286965629815e+00
1.078525462141274316e+00
1.003083587422487044e+00
1.437354153483107355e+00
1.002679417713385535e+00
1.006527833036302555e+00
3.902692532335355846e+00
1.186334679263813641e+00
1.007719014261792001e+00
1.003993939729377560e+00
1.030054029886676048e+00
1.010656464042621439e+00
1.981333918506855696e+00
1.022178899569267108e+00
1.006056171700188129e+00
1.019123063931956397e+00
1.003392560259441790e+00
1.044626097442292068e+00
1.003730076266882154e+00
1.054399987416571705e+00
1.009733876694551613e+00
1.012300110276492582e+00
1.040088507832666265e+00
1.023828556918643828e+00
1.004190372918943197e+00
1.815085406562769510e+00
3.014308954421709874e+00
1.086318901530906711e+00
1.114372882935281250e+00
1.034630814608884952e+00
1.011126308131948148e+00
1.029022580326958591e+00
1.027976126026691528e+00
1.005000439941127643e+00
1.033704630793234047e+00
1.236752387584988400e+00
1.006495172383760961e+00
1.043494313407740126e+00
1.013082762744473619e+00
1.016149810077189519e+00
1.084278055787636141e+00
1.000197981238391209e+00
1.031008295372823458e+00
1.066802388850882410e+00
1.066261586471080935e+00
1.039530488478143555e+00
1.050102948044269180e+00
1.011688847962429971e+00
1.072557406227335308e+00
1.006233658790242291e+00
1.000924039203435534e+00
1.050306705873065738e+00
1.002019907724538639e+00
1.024054165900809554e+00
1.047500972040815492e+00
1.037774493013072785e+00
1.048453560480471003e+00
1.001631421801750799e+00
1.052516796128492693e+00
4.159222677403477952e+00
1.028855627936465122e+00
1.037750864150051688e+00
1.071433422658139012e+00
1.004584261675578682e+00
1.007453252958711687e+00
1.018633024024472977e+00
1.033554637742683635e+00
1.004728573492566834e+00
1.030654303755458301e+00
1.046321692978589457e+00
1.006881326595506554e+00
1.008836404550848664e+00
1.017968377085344933e+00
1.054061481573225878e+00
1.047143185225688500e+00
1.002499490601224341e+00
1.044690378340912273e+00
1.068402326475488717e+00
1.019290564706883284e+00
3.146893854393305823e+00
1.048451058151929516e+00
1.025492528538268999e+00
1.010154227531388837e+00
1.988229239106179325e+00
1.013273266277265661e+00
2.827500881565104152e+00
1.004890030345771068e+00
1.160130403433619284e+00
1.013372674314701571e+00
1.003679434655225355e+00
1.070447202481867865e+00
1.053289263756863381e+00
1.004022386457782634e+00
2.569669255478390202e+00
1.047037750047406846e+00
1.097368484184787052e+00
1.012104139251967183e+00
2.163419861983607806e+00
1.035971892485112011e+00
1.049737509813009506e+00
1.007464862764464453e+00
1.008786156666356515e+00
1.004015505860806901e+00
1.022143028717869218e+00
1.000959215040072792e+00
1.001753599377363635e+00
1.003629785079857673e+00
1.972309004924201803e+00
2.490219383069856018e+00
1.000391784776836879e+00
1.726074851194910664e+00
1.007569679413636621e+00
1.077853925280343406e+00
1.000284917454284495e+00
1.007320485930734755e+00
1.001962623812884035e+00
1.002550715999500852e+00
1.011773388512634764e+00
1.001466965834941103e+00
1.002402950474492460e+00
1.032344625681103301e+00
1.003057190711380553e+00
1.002334967029383295e+00
1.050519980944878196e+00
1.014901116324605779e+00
1.007178459839713103e+00
2.657475229508232673e+00
1.003402924990864920e+00
1.004092603683632845e+00
1.003248247909595436e+00
1.047660438495503499e+00
1.013655239947416131e+00
1.001722977285065985e+00
1.254481747125094637e+00
1.057869581243756629e+00
1.022178899569267108e+00
1.001350997160798117e+00
1.031545613655682647e+00
1.067556908403296090e+00
1.113641112059727600e+00
1.021682586873352783e+00
1.036904159778955226e+00
1.615166921601829175e+00
1.001728247695225615e+00
1.072210475407770591e+00
1.005000439941127643e+00
1.991471486587069295e+00
1.012910428584051115e+00
1.004342591286441211e+00
3.360406615966515798e+00
1.680372067619215759e+00
1.012300110276492582e+00
1.072926452372612971e+00
1.009733876694551613e+00
1.012443387350807189e+00
1.035810958462807463e+00
1.001012106004866231e+00
1.011177953484396985e+00
1.010257372872862547e+00
1.055319620762918298e+00
1.051538320078678090e+00
1.005819493561409095e+00
1.037941308407207330e+00
1.099034554409075826e+00
1.049965951807914299e+00
1.005413775678766886e+00
1.152133459066148280e+00
1.130451592838087604e+00
1.020064397085657770e+00
1.009763052353895407e+00
1.577473195257345084e+00
1.010468240944859097e+00
1.028056272473453880e+00
1.008818050430126290e+00
1.003860482555543499e+00
1.005500498726533909e+00
1.000924039203435534e+00
1.024814804150656178e+00
1.011473003646144786e+00
1.502685072294299040e+00
1.050306705873065738e+00
1.012351078961110762e+00
2.786309113021437689e+00
1.009696331464780883e+00
1.066802388850882410e+00
1.037774493013072785e+00
1.009553563270905618e+00
1.009685045424140393e+00
1.019460966774749178e+00
1.026561551325576138e+00
1.011019478650973635e+00
1.004344285867085684e+00
2.007950337817082431e+00
1.068629404288095719e+00
1.048451058151929516e+00
2.043457329385977239e+00
1.024473543876568415e+00
1.006452727590787521e+00
1.054410892952266865e+00
1.008836404550848664e+00
1.047143185225688500e+00
1.046321692978589457e+00
1.007089995908523994e+00
1.006572919031392788e+00
1.010156532503403870e+00
1.004204757440098073e+00
1.044992519523736174e+00
1.008540605787643596e+00
1.023430448307129037e+00
1.011659824850106304e+00
1.012054018458005578e+00
1.002188891589392172e+00
1.018329048386854785e+00
1.010154227531388837e+00
1.000248129573998224e+00
2.827500881565104152e+00
1.047037750047406846e+00
1.075523341215677942e+00
1.009015664319658834e+00
1.009145682081582507e+00
1.002594876686380587e+00
1.003851353956393577e+00
1.097368484184787052e+00
1.004022386457782634e+00
1.074021156672052557e+00
1.029879468659503194e+00
1.046321659574834140e+00
1.003685369569260022e+00
1.025708199759548744e+00
1.002675150510047963e+00
1.042810374467438850e+00
1.009798982574850790e+00
1.007159527561006573e+00
1.041065822181044487e+00
1.132952075940632408e+00
1.071067055735110962e+00
1.002572891722177673e+00
1.000391784776836879e+00
2.840050327382823259e+00
1.001753599377363635e+00
1.042167427340933816e+00
1.000489153548467458e+00
1.005833846099779771e+00
1.083279402302977701e+00
1.021917566586415749e+00
1.007276566918798189e+00
1.027106535484387351e+00
1.024839860119087120e+00
1.012925546614242389e+00
1.006542916654431519e+00
1.001825980707962138e+00
1.004199529710676497e+00
1.059193749969397524e+00
1.004635138906994074e+00
1.044415759935073851e+00
1.007178459839713103e+00
1.016851841066698459e+00
1.002327765730528508e+00
1.044000393734002108e+00
1.013655239947416131e+00
1.005470276130201679e+00
1.006527833036302555e+00
1.003083587422487044e+00
1.007719014261792001e+00
2.039815403045030173e+00
1.004010769151147286e+00
1.004429224100261475e+00
1.014901116324605779e+00
1.049167004188197749e+00
1.001751986994193544e+00
1.001979268413831115e+00
