6.776959701778408355e-18
5.362155060328695738e-18
5.024990466786500108e-16
6.797874619562805906e-17
4.025268319949982199e-18
5.694974400300448297e-17
7.012918047069266099e-17
7.930700712256546050e-18
4.548818085311402550e-19
8.249409548390180440e-19
1.144530831842880407e-18
1.975800953878371078e-18
7.891770402834085252e-18
6.951680704058103970e-18
3.009526782059967868e-17
1.402265067195267266e-17
1.016124109234631737e-17
3.424784823559477318e-18
8.386864717218368456e-19
1.241207276571868159e-18
9.258642845574208501e-18
1.630779002086570092e-18
6.880874864749518144e-19
1.755496685128291228e-18
5.156352867135142146e-19
1.327766981797271949e-17
1.342022722227017084e-17
5.197998175804325971e-17
2.574784662234065975e-18
6.488855627398192905e-19
1.730896118994866594e-18
4.190431333292360062e-17
5.788847824285028436e-19
7.840507211759734120e-18
7.536140372443218253e-18
3.636607564197147412e-19
1.069918236469914711e-18
3.390951050795588254e-17
7.012666164845654591e-19
2.962855111700999209e-18
1.162997138041436544e-16
4.528918322670468498e-17
2.036967191769278779e-18
2.248889361778405050e-18
1.944728102532842832e-18
9.760318193716694032e-17
2.594879440772455307e-18
8.174326636501908934e-17
5.874977642154258284e-17
8.897271338532736386e-18
5.841688236987144107e-18
1.929005790990514342e-16
1.224758293425764184e-16
7.238955940419844031e-19
8.823271638917753218e-19
2.342081730854083995e-16
1.620363558074644584e-17
1.154794105334546380e-18
2.124309383186023654e-17
4.651576764855555998e-18
1.364765190975675411e-16
2.769950050951280988e-18
2.945657233926527382e-18
1.286195966019878377e-17
4.072877669613398059e-16
2.522070298004324914e-16
1.956603239864858306e-16
9.453621627432389376e-19
1.147733721787336832e-16
4.633728492751191195e-16
1.164280153520986116e-16
2.599738686916183328e-16
1.948182031287522479e-16
4.419562893751940741e-16
2.224079978846090964e-18
2.802123902334120111e-18
3.929039474055707994e-16
5.885850558616757829e-18
9.435525811205499935e-17
1.621820924238719743e-17
1.049300127657775399e-16
1.497726242179616808e-17
2.054765237053066888e-17
4.692301178875506368e-18
4.855633297340480073e-16
3.147261799577649155e-18
1.435944208366493780e-17
3.090097802803569272e-18
3.449885790971825780e-18
1.334624496544953968e-17
4.471370253893927813e-18
3.099951910402073177e-18
1.922256689852589475e-17
1.098983589895114355e-17
2.711793488598037381e-16
2.256812627413586701e-16
1.928984595785429459e-16
2.739107646644270036e-18
1.033645456716377955e-17
4.460194914662977625e-16
1.462121180085055182e-18
1.843050475204344660e-18
8.081819033948192623e-18
6.584500638163481934e-19
6.680260850991459613e-19
4.112934241255976573e-18
1.029794960120336710e-17
4.022954407253602532e-18
4.592112237252248350e-16
3.858005239103131458e-18
4.540963561714324992e-16
3.799357341272266741e-17
1.603896049106373163e-18
5.798845988341934850e-18
9.042275663794917242e-18
2.788061002100769706e-18
9.799498108221428981e-18
3.902523551671916741e-16
2.755271396538257161e-18
3.977252361696765811e-16
3.172176428015599489e-18
1.534527738862201582e-16
1.865535755110602718e-18
9.528514818001675785e-18
3.867801517437755268e-18
9.086329834582234466e-18
1.089312192163543817e-16
7.688533008245663778e-18
2.200258444156329282e-18
1.275613071769097468e-16
1.763518066578675540e-18
3.585106317866858053e-16
3.442274107452696169e-18
1.672113262043206858e-18
9.079627251214056623e-17
1.139570344738778950e-16
2.581976919710577420e-18
4.829214213928643372e-18
5.783583684669722798e-16
1.398796981166102951e-17
4.957255983272854416e-18
1.538345598655534011e-17
5.996685143968513594e-16
9.143482725668663380e-18
1.887398430420980058e-16
3.940935144404925201e-17
4.139946465612223716e-18
1.800255029326771569e-18
8.723322280897188685e-19
1.553302885122081689e-18
3.695427824550929615e-17
2.395782328834438317e-15
1.195048124619585232e-17
2.728185922110467435e-18
1.637296881093863372e-18
3.335377652215446092e-17
3.039529244011584937e-18
2.498697252386112565e-17
7.245295656351034794e-19
1.017651696888985648e-17
7.463675400983746331e-18
2.738140713786794410e-17
1.249694975030762349e-17
2.588171196183858736e-15
2.832662049545421826e-18
3.648645603112392832e-17
5.806759161096886107e-17
8.481054274454157924e-18
5.973091680073529714e-17
5.049278019133598353e-18
1.562033059743083561e-19
2.090335850264504009e-18
1.622093891510007221e-18
2.651374164367148178e-17
2.323665770406324204e-17
2.222823828008328025e-17
6.067624336709342836e-18
4.085257106802465421e-17
1.483469176905321791e-17
4.444702917943937727e-17
5.530105658211034340e-17
2.492435408951593245e-18
2.398244818336577167e-18
4.799440980931890155e-17
1.497599177028045222e-17
7.251877482827683032e-18
1.033070810552605578e-18
1.393404887579259932e-18
9.846227512565080979e-19
1.705637750661882554e-17
3.933951132913487483e-17
8.691378262133516476e-17
2.025674169876275107e-17
2.610217979785128400e-17
7.980363524470497658e-19
2.482383240065427719e-17
2.000093753175379827e-17
1.138717059820256074e-18
7.912775583159660745e-17
2.821367925211041946e-17
2.378305598367971906e-18
6.416532910767857511e-19
3.199042659101528128e-18
2.606136207436964836e-17
6.761677567546512577e-18
1.455681596951852336e-18
7.467709274175725058e-19
6.416330849486294335e-18
2.497079134081574865e-17
7.278651132789694644e-18
5.638790382213616322e-18
1.096071475738650976e-18
7.294711934652847523e-19
3.033419669630221160e-17
7.554313413142558128e-17
1.470630620704031617e-18
4.552228148166650801e-17
4.149187163332335816e-17
3.181550478578679390e-17
6.672140387127438117e-17
3.018330560850332303e-17
2.602763508310792396e-16
3.376526363441224880e-17
1.124979267512111405e-16
3.985402928678743969e-17
1.420654295500529495e-18
3.653725277576081220e-17
3.893500288206039331e-18
4.019562933657749406e-18
2.197618487249223414e-16
3.716663057548618209e-17
1.290718627145150417e-18
2.121205042743046287e-18
9.035856283327796281e-19
1.253447533130579420e-17
3.681355009324749519e-18
6.411196660207258684e-18
4.565979018098773017e-18
7.627308207699075444e-18
2.199945220275997269e-18
1.025528021129021372e-18
4.113247857368354150e-17
3.535551749099278261e-17
1.756828571600120083e-18
3.433633072437228004e-17
7.169466186908447252e-18
3.404353566577149826e-17
4.176455357039949946e-18
3.589946309958518464e-18
5.072681760163151451e-17
8.700639315495020510e-18
1.574222065411209111e-18
1.245576657613983285e-18
8.465220879664964624e-16
1.215599302381276334e-16
4.753540410117427700e-18
1.018378139567644180e-16
1.254053474470043491e-16
1.842224921616449537e-18
4.373796495507484482e-19
2.406454081532585183e-18
3.854615250502248010e-18
5.508083120886670723e-17
6.599041966360754721e-17
4.746914303215764533e-16
4.832105137592319200e-18
1.098235934194526341e-16
1.523648579857978575e-17
4.044414374579917259e-18
2.824575428067375924e-18
3.161750500325830653e-18
7.742010926667172360e-17
1.255551893679123336e-18
1.422509738726599690e-18
1.351573195718179277e-18
4.957955600093363992e-19
1.039889993525537122e-16
1.051054905762715387e-16
9.295086052489243397e-17
7.372822928830843554e-18
1.341466093280108229e-18
1.332632991463108879e-18
5.189235949895522303e-16
3.915207780258146771e-17
6.556176052635282339e-17
6.301666678528683799e-17
3.303742570730392780e-18
2.607580894900635840e-18
8.453973658288861518e-18
6.742844871068544800e-19
2.281129657319183046e-18
2.079677235596782305e-16
1.129103771386348440e-17
5.188804609260538534e-18
6.506389456317570808e-18
4.953842252813198512e-18
1.745344927833391677e-16
7.507392991759259464e-18
1.461737132981641774e-16
7.275300025390541471e-16
4.977528985047444677e-18
2.713894216611974074e-18
1.405082582161130783e-17
3.412073823605658690e-17
6.881633702439713659e-18
1.451465786995783706e-18
8.245202015393300565e-18
8.252293440041310802e-18
7.580448047052010821e-19
1.081882167747236213e-17
3.378330328708379794e-18
3.802121290782291032e-17
1.034227325314027462e-18
1.099831818732434569e-18
7.195551824511159351e-18
3.288401372403584728e-17
8.878844333278487742e-18
6.888140906498487405e-18
1.555161046487350494e-18
1.291519238907418692e-17
3.883162078029367102e-17
1.310138570651013131e-17
9.152272689066420035e-18
1.419050503542443140e-17
3.568311612614027848e-17
8.304136339991065367e-19
1.046240204842053126e-18
3.172267828004532232e-17
2.734410865977806449e-18
1.061758740991085239e-17
1.220364883529170039e-17
2.923262098248581508e-17
6.258927065418700850e-18
1.046464270444721556e-17
3.230658210023563859e-18
3.920390567580842353e-17
1.175105721463226091e-18
1.401178202979656520e-17
1.045031162668509825e-18
1.288097651078690846e-18
1.302311568113649135e-17
1.669493389090264301e-18
1.048363694574583996e-18
2.002436461492752281e-18
5.105587781771204460e-18
7.554829085164649474e-17
6.287290587959062661e-17
5.373989203214936926e-17
1.022711573504086155e-18
1.008619607308784264e-17
3.803069471799117186e-16
2.321007098666758486e-17
4.140718684568523325e-19
6.324930471731145083e-19
4.042522877106262532e-19
4.101314404717326785e-19
2.152910829876280122e-18
5.433927244818000654e-18
2.105810986375007086e-18
1.117976282416252410e-16
4.306815732084497075e-18
1.105523841540673934e-16
5.759209815273606121e-19
7.599756467068285692e-18
8.697420964376747307e-18
7.076595583183918212e-19
1.459407414193297766e-18
1.818339377373558456e-18
9.500919287091837897e-17
6.190174336618858578e-19
3.391279378549950268e-16
1.660472204405466138e-18
7.525784861124307144e-17
8.181080088017342775e-19
7.457132295287040697e-19
2.024596379678757944e-18
4.794590880282533401e-18
3.062520360796963412e-18
6.017140015446152150e-19
4.943245653425535642e-19
6.255989579758404932e-17
3.613583603495933177e-18
8.728148673722492649e-17
1.801854532708144018e-18
7.332849276962985157e-19
3.388853996681100558e-16
5.588795191789905076e-17
1.223420670206420933e-17
4.406141171952681517e-18
1.408046897107049194e-16
7.381043139927011893e-18
4.522965584092028246e-18
8.117400438144834202e-18
1.459927679835239856e-16
1.371388695363259956e-17
9.256368702141467559e-17
1.793215339996977286e-17
3.777258113587478939e-18
1.794013985078358891e-18
1.579986249659158394e-18
1.547917963608570838e-18
3.628061548707183808e-18
2.908022125074355566e-18
1.864716431318316841e-17
4.011531810325839801e-18
1.105334579625804232e-17
3.840245458279662651e-16
4.469331855996000497e-18
1.578305004678597966e-16
1.563689626100985843e-17
1.873305141481227261e-16
5.948252770906905276e-18
1.729549743554176342e-16
1.659496691809231744e-18
3.141545461538030322e-18
4.165153784997116719e-18
3.582132149778966424e-18
2.987669317996906775e-18
1.791220813096961649e-17
3.073250026571994774e-18
2.885460029435060520e-18
1.345774441561949817e-18
2.083089166698559045e-18
7.404712637029508435e-18
1.195796042396774541e-16
6.124912997331211587e-19
1.404049237623387949e-16
1.693239891503881446e-18
2.580457368697979561e-16
1.182265997382335392e-17
2.807501730352271801e-16
6.367183974997660169e-16
2.483794744478964062e-18
3.526385536900646829e-18
5.525920405763512432e-16
3.853630896819165598e-18
1.032778291854318017e-16
1.527480206991564191e-18
1.569987584054891351e-18
1.455845764428661344e-18
1.910602625171596175e-17
1.543336045678704537e-16
1.293286646388088038e-17
2.269097518043340494e-17
5.332439552116750872e-16
1.179962419198115598e-18
9.738686130410406360e-17
4.086010869579561935e-16
4.587793479167241461e-19
1.177429711252037751e-17
1.106856356366360577e-16
1.993344865360981657e-18
1.432499563577557617e-18
1.765259680498091882e-18
1.022418381162523463e-16
4.096102663623342024e-16
1.640156464157365982e-18
1.104162269551407361e-18
9.137836691803470778e-17
5.101307110158733196e-16
1.340124333036445676e-18
3.415877801546796494e-16
1.091542042175605738e-18
1.078583189271126399e-18
1.190046790017941031e-16
1.124090146025862825e-17
1.656999940087355008e-18
1.785893508040511888e-16
1.627775712784633320e-16
8.186784162349392705e-18
9.928218293171331337e-18
1.184127152307558067e-16
1.629301913318688629e-18
7.888987900010609006e-17
4.197776002165810000e-16
9.311580037233950180e-17
7.862076354355749809e-19
3.622150941291345558e-17
5.990424639080105423e-18
5.392740060917276934e-18
1.375685495277106013e-18
4.995464335180576160e-17
1.358249002558204831e-18
3.675172286877230840e-18
4.111829546052047388e-18
7.872297149727267382e-18
8.112895961095367227e-17
5.506157250132957436e-19
7.025080566809036021e-18
3.271851765800136399e-17
2.833840308238500548e-18
1.079183628793587899e-18
5.528503029487408217e-17
4.752037619320753673e-17
3.269030162235351211e-18
3.403960703260242554e-17
3.443551816585465451e-16
3.374934221613547954e-17
9.203988127197681126e-17
7.911451312041231148e-17
6.818051683525400617e-17
1.167298210444114454e-17
1.648218088187351677e-17
1.304124762580458231e-17
6.021059045738643487e-17
9.553090930388139651e-17
1.248249259109780315e-17
8.003179131274130144e-17
9.855292652532244951e-17
1.928818370059259552e-17
4.914174629271937062e-19
3.524543139228208676e-19
7.271096879956622946e-18
2.484507483561587371e-18
7.667896849375269389e-17
9.501128742893155021e-17
1.915930575603081598e-16
6.006971113637635910e-18
5.414847994257918773e-18
1.062037305048936150e-17
5.328096385118286865e-18
2.488090989595351483e-18
8.995993887451930030e-17
6.548894078122760428e-19
7.943840108169832194e-19
7.049736249173575522e-19
5.570506000464613552e-19
5.687838977013742724e-18
5.748907189414042089e-18
7.304775684821916656e-17
2.415770012457128940e-18
7.491261300669751977e-19
6.950945118270168155e-19
4.197730562093955122e-16
1.413755907651325062e-18
7.618087891275491190e-17
7.322355323154744722e-17
3.957724039132361052e-19
1.085625036291831706e-18
1.178370564808691311e-17
7.575916535795933593e-19
1.189825492634374614e-18
1.634366332606107501e-16
1.573819250680577089e-17
4.083250083693035457e-18
4.055008695742542484e-18
3.898350066468260216e-18
1.371622932640877645e-16
4.678868989986664509e-18
1.148742658896211987e-16
5.885211148589166078e-16
1.754098095801306335e-18
3.813068747610547633e-18
1.837109078303756589e-17
8.198240439863665304e-17
2.432942738671302488e-18
7.802229741128753846e-19
2.602691031888616929e-15
6.358311747945972161e-17
3.094352438501609036e-18
8.335796766148532100e-17
3.524318996968286367e-18
9.135413280835386123e-17
1.590004253378400884e-18
1.690863533560665392e-18
2.535736866933452183e-18
7.943518275651573186e-17
2.802707377771466974e-15
2.174319383595306458e-15
8.359634707107134820e-19
4.052654682270710121e-16
6.480247268716267209e-17
4.111080232350204085e-16
2.889018122874462902e-15
1.855371773678696996e-17
8.619674211880379372e-17
1.276664402307380670e-18
1.608472658802791507e-18
7.662984110907622759e-17
3.841894998104648124e-18
3.331689845177618183e-16
1.732172174034892684e-17
7.023765249269114168e-17
1.034117991850392219e-16
8.062905315859774725e-17
2.367511772699143176e-18
9.470162122730191489e-17
1.806588406207993551e-18
4.869622680581198936e-17
2.197560171992183137e-18
1.980300359362462449e-18
4.526023838926087343e-17
2.566651958102774104e-18
2.204568038982451435e-18
5.765653996659276708e-17
7.173439955650875869e-18
1.815210002015863604e-16
1.510656645198572206e-16
1.291216365378359354e-16
1.572300124014869154e-18
3.505333515312386861e-17
3.900492550328786217e-16
1.927358735749787891e-16
1.262510016486263999e-18
2.586361225995547375e-18
1.380567991283774572e-18
1.400645973189126899e-18
8.422168586838566068e-17
1.743427349368973172e-17
8.237914405533607142e-17
4.356942781884495292e-17
5.004125629038508907e-18
4.308413512307822331e-17
2.486122565435792686e-17
1.319872012092755576e-17
4.259854380256994194e-18
2.893728636259415115e-18
5.709189209626689159e-17
3.426681210707258105e-18
3.702669042289164103e-17
1.887391464892982607e-18
3.478153646733175589e-16
6.495752933745965082e-17
8.362570469291206591e-17
1.637417657277595625e-17
3.049335943193484275e-18
7.920203565020574621e-17
1.538301948685667236e-17
1.684413362896499319e-18
2.460500980507477390e-18
1.507201436953510571e-18
6.951587732215009733e-17
9.670127067541238967e-19
3.401507255681742521e-17
7.048839381935436394e-17
1.467646906652433986e-17
8.348593347864835354e-18
6.210208568571379953e-17
2.124750587230505818e-17
1.693548145722187570e-18
5.487397059664326543e-17
2.368142210459804669e-17
1.738450875533275690e-18
2.604395916993067022e-17
5.689585250399098775e-17
6.716837284185386968e-18
1.028557645346182091e-16
1.684960233034400930e-16
1.451830121762803328e-18
1.245111019341319261e-18
3.166645809664694701e-18
1.074311420956526822e-18
7.593405362084145501e-18
2.501623872021217050e-16
1.034356859107461135e-16
7.723641166701742405e-18
2.028340466022743239e-18
9.433848321619268802e-17
8.605070866387660294e-18
3.675127477827652104e-17
1.098846791553837498e-18
1.776413875897058700e-16
8.920654281872395137e-18
4.027305094999751489e-17
1.482866891423571186e-18
2.702512148673035689e-16
8.019418706001548364e-18
7.497276743697498595e-18
7.662053162310680865e-19
6.945993883532469353e-18
7.881529907886491657e-19
4.489036026129727020e-18
8.081444038871394292e-19
1.445739719589543825e-18
8.385228494014485358e-18
3.798797298369056912e-16
6.732179418434385757e-18
3.269368036036535962e-17
4.539987856557733252e-18
6.008667369711594922e-17
1.773056162549879342e-17
6.537346534846388025e-17
1.564146055468065003e-16
1.723843978840409092e-18
6.789560145667930847e-18
1.357483408590946856e-16
7.696995637789600757e-18
1.090161023882584559e-18
2.804294710588366308e-18
2.738371527469330077e-18
2.672781328316302269e-18
1.876312732724543330e-17
5.701059899187937312e-18
5.048724773599628903e-18
2.228373660125165555e-17
6.447309767737314646e-18
2.166288214868239957e-18
3.597455857025895266e-18
4.940286248545241868e-18
5.293158258097190313e-17
4.596443154324967759e-18
4.088710559900453332e-18
1.445214007524678786e-17
2.035697926384468772e-18
8.270865356862888115e-19
3.776797962672463228e-18
6.909055174111038935e-16
2.860760051645266405e-18
2.027127027873400234e-18
9.645548790653233489e-19
6.167853725880191078e-18
1.696513244115471074e-17
5.761693526019028536e-16
7.682429644894081357e-19
1.980166498235518307e-18
4.396014757592860622e-18
4.388216474553303861e-18
2.890138433601117903e-18
6.597063479089779767e-18
6.012978746276535955e-18
1.635175855506565487e-17
3.875771994895994842e-18
4.374147705849416392e-18
2.579141158461399306e-16
4.454058216896169346e-16
5.022767101258348018e-16
5.257242133312492831e-16
9.482022990415256826e-19
2.502067927406663301e-19
2.902274765359083649e-18
2.739348382770510846e-18
2.177673181970608919e-16
1.296822912339559996e-16
4.681596617657189581e-19
1.355957911327115081e-18
4.969474469235016099e-18
4.155355842806043369e-18
1.764669165038331900e-17
5.752741046089275651e-18
3.403550713358976642e-18
1.055079144241452175e-17
1.214567717574758440e-18
3.719717383834092287e-19
1.435199796961179275e-16
1.233629318827262137e-16
8.186392548149015537e-18
2.351348974635414827e-19
4.027711434000789792e-16
2.331298394206605320e-19
2.001997082340459635e-17
1.720852115941128562e-17
1.769966723301898502e-16
5.929520853721824012e-18
1.021972088306033347e-17
8.086181777629326481e-18
8.850210805297270841e-17
1.961705001423929981e-17
4.221031348824877650e-17
1.643434218674824076e-17
2.023761422124704195e-17
1.195957350389442808e-17
4.677292818228448712e-17
1.046301385973266729e-18
4.432134314434157515e-18
2.307312795666524922e-18
4.320894750827920037e-18
3.814028993434875861e-16
2.031974654995995557e-16
1.049841047969508218e-16
1.019593565192053122e-17
3.591344217123849256e-17
3.247768419121411821e-18
3.135213369027496245e-18
5.069283472421518304e-18
2.501253323741425151e-18
1.724793720817479243e-18
2.692542590305632681e-18
5.301986533948586172e-17
9.940661806668608511e-17
1.004739099662325696e-16
1.500018695479199922e-17
3.213985222443928668e-18
1.626528262963111526e-18
2.654810777639148583e-18
7.933721517267516320e-17
1.312727007798453446e-18
4.292827176390597932e-18
4.126180529162173079e-18
4.366410148526119116e-17
9.224870996759088639e-19
3.683017927257919708e-17
7.210728693543871153e-17
4.544362655163140000e-18
3.356133247547791732e-17
4.918999750694919113e-17
5.145254054217324563e-18
1.005620665572799398e-17
4.912263778395122264e-18
2.816595787307183806e-17
1.160334712174203376e-17
2.358916329517409879e-17
1.112306414919905698e-16
2.667079473197880419e-19
6.897438231970194195e-19
1.635006177481498860e-16
3.129234368227194880e-17
2.601945367523916663e-18
7.846712411170095585e-19
2.941272298182550161e-17
6.122427379214753804e-18
8.421613688946907728e-19
8.026550501416463317e-18
9.413355586255576406e-19
3.486949354076852273e-17
2.299808224876980064e-18
2.445692741616783335e-18
3.855549335249608468e-19
3.142136411259202205e-17
3.167308554549881146e-17
2.457174244662292405e-17
8.407295297051335541e-19
6.915350695249386950e-18
4.141427030178850318e-16
7.015046622990312710e-18
3.264847371296299450e-17
1.651259768576411825e-16
3.409596510573866419e-17
1.846588326160544333e-18
2.326521229326577954e-18
3.031168376308490836e-17
6.949581871490700043e-19
5.685113954563516982e-18
4.978459772423921869e-17
2.680942059896257133e-17
1.078397631431444006e-17
7.763782937787389964e-18
6.131223649367010864e-18
3.746015328946611532e-17
2.613079095063115342e-18
1.878620233906027951e-17
2.889858330108564822e-18
2.864338912623499389e-18
1.746065459415171356e-17
3.712447479998388127e-18
2.899073887915012425e-18
2.916447740857194874e-17
1.297599447580230199e-18
6.928581279756034493e-17
5.766113750165642447e-17
4.928519304840683689e-17
2.274200681854349908e-18
1.352299941988284028e-17
6.062824366688431515e-16
2.500096660335320919e-17
2.575378368860723852e-19
2.177893328443352743e-18
1.627444583983384348e-18
1.651112960416475512e-18
1.001744403175077117e-16
1.063806429277383456e-17
9.798289555108870093e-17
9.511976950645728262e-17
5.043015325710377570e-18
9.406028969055462089e-17
2.894621133752501568e-19
8.995625680544659423e-18
8.736318502678564588e-18
2.436717743790415619e-18
6.790588763977565459e-17
2.872839698605427840e-18
8.083581618873280918e-17
3.850066208413821439e-19
5.406351738506099653e-16
7.726138557659383742e-17
5.310166423179083087e-17
4.726676183603975477e-19
2.567749755955804884e-18
9.420399878560082643e-17
9.386427853010578204e-18
1.047009774770058081e-18
2.071910379808951032e-18
3.074521332550629378e-19
4.414203491491836659e-17
2.953520581761698956e-18
7.426092155266861582e-17
8.383987243817967849e-17
4.236604905768417285e-19
3.119850311057214567e-16
3.943433558242032313e-17
1.448129877149016454e-17
3.707542090807876543e-18
1.197995864613862444e-16
1.444995634513886034e-17
3.805843849271177700e-18
1.589153182599660093e-17
1.242137123892228742e-16
1.377521966883990667e-17
6.531260086450865567e-17
1.435689115063326426e-16
3.178369211843660024e-18
8.518421607309573395e-19
1.185372252578174946e-19
7.349896900034443691e-19
1.179099304299299506e-17
3.103571270355754058e-18
1.619834708708924678e-17
4.580702629856167148e-19
8.348930286337136353e-18
4.583350899339546450e-17
5.103457022019210825e-19
1.020416441737337780e-16
8.171254380831782056e-19
6.206252745644226331e-19
4.615497265429208736e-18
1.118200214720011933e-16
1.150510910644678201e-17
3.352797819135102905e-18
4.756121052706299262e-19
1.164172511686739228e-17
6.529793009433839557e-17
4.296702829443704568e-19
6.716836571862218558e-17
2.519472020858530187e-18
2.240066248513483140e-19
9.891021984860634902e-19
2.359480894243144010e-19
2.642960966702798843e-17
1.600898127804870022e-17
9.077554229585930889e-17
4.439447369600519264e-18
1.668334775861588765e-16
9.173694676556473311e-18
1.815125034366144375e-16
7.599263827041760513e-17
1.179367106135877813e-18
4.026722027029256155e-19
6.595211826064091519e-17
1.409640039126237331e-17
1.048470553805454338e-16
8.560300847077541959e-19
2.842136746087418861e-18
8.158847278943330219e-19
3.221004944431229044e-17
1.236532349403127200e-16
5.327106285540307291e-18
3.825376469561696500e-17
4.828428748538223464e-16
6.612742509099555341e-19
7.802707955052198637e-17
3.699809844386523671e-16
4.436554122079526193e-18
4.849886321110638393e-18
8.868215672287955082e-17
2.114444265185601217e-17
1.900639675352976109e-19
6.452585430743142236e-19
8.191692317896097732e-17
3.389445839890901615e-17
2.969162943362166991e-18
6.187943495495761936e-19
9.276679004975088150e-17
4.619142451607408329e-16
1.373130239881715024e-17
2.826572904739358475e-17
3.367527875453668938e-19
6.044593276233667823e-19
9.534743630726302297e-17
4.630178235530455635e-18
2.999654561486183012e-18
1.430871197147467625e-16
1.304186040406886981e-16
2.994687103131181449e-17
4.089478092229406605e-18
9.487315051926952862e-17
1.035216181203695920e-17
1.499063009692413639e-17
3.680571710116469354e-16
1.769383522009071695e-17
1.590867414518819131e-18
4.563028262467976174e-17
8.923668802883148900e-19
9.943191523626417906e-18
8.740748864998816678e-18
3.820684230897912908e-17
6.006754194234718214e-17
3.331080452994777161e-18
5.598037459295748899e-19
7.083242391544786030e-18
4.457396968351148915e-19
1.620604264080420816e-17
1.046494966029669288e-18
1.453192533771140649e-17
3.628181279911935345e-18
4.772608539668343033e-17
4.228368561552437122e-17
3.634504017756378989e-17
3.474319756472015993e-18
4.288161687643390103e-17
2.455326797820202019e-17
4.251595388154317220e-17
5.056866126676149933e-19
4.346719009174732085e-19
5.214654895889849002e-17
2.152276864918645772e-17
1.175046701789940216e-18
9.297358838465604083e-19
4.105874063027112475e-16
1.793749071410371752e-16
7.838574173174851622e-18
1.502727780951893083e-16
1.850492387518699044e-16
1.375092095113778596e-18
9.826093303365538007e-19
6.709914765144676595e-19
2.240972657741894446e-18
6.107568141975611175e-17
9.145829092324745103e-18
1.124015529171317285e-16
3.166275276719821265e-18
2.037429579855914773e-17
9.446756551614609859e-18
6.669227423569141569e-18
1.642134400626324735e-18
2.478084948650631967e-18
1.072990733005708379e-17
1.696700815241295383e-18
2.865810842240487646e-19
1.826460024932585377e-18
1.113845474303633443e-18
1.929187132416143650e-17
1.949900097399582148e-17
1.371591110875986417e-16
2.078322483689581008e-18
2.702539019565189692e-19
1.800865017540054069e-18
4.550403782144832786e-16
1.757643907083716953e-17
9.086419814005547300e-18
8.733686909768968171e-18
3.378224506698005324e-17
2.771467099186391862e-18
1.878375547260430706e-18
1.514835518783133126e-18
3.082624118309610612e-18
3.068790104500213325e-16
2.508738494130725863e-18
4.066828993107607002e-18
7.385329914441920670e-18
3.882672564903788758e-18
2.575446397064478895e-16
8.521557833842195051e-18
2.156952229073826432e-16
6.379658406637311480e-16
2.287616781235727902e-18
9.240161886491503474e-19
1.761249847724892412e-16
2.665331065997014939e-17
1.289617536738569679e-18
7.956387084064143538e-19
2.837426583585427111e-15
4.614439333061282059e-18
1.253936187295038377e-18
6.049566299190482225e-18
2.654225018479197117e-18
2.970015455967435072e-17
3.419489095468741929e-18
3.636398709406741994e-18
3.306995329098272742e-18
7.124096723838471303e-18
3.055482315136394918e-15
2.370420286015119148e-15
8.524805320779894551e-19
1.211725797990476985e-17
7.572937099539968346e-16
1.229194778657114114e-17
3.149577388121910594e-15
1.778758426735273873e-16
7.730503119963563791e-18
2.745615298190189318e-18
3.459207549570494190e-18
6.872501340706670436e-18
9.310016179392130997e-19
9.961605053511803349e-18
7.308178849223926449e-19
2.283497276820363988e-17
3.312131901081318404e-18
5.851519853563553995e-18
5.286079928409848713e-18
8.493258101962096041e-18
3.885278509099871213e-18
2.763286812395409359e-17
1.245281468129851690e-18
4.258866270454694532e-18
2.568310279267668463e-17
5.519883587699559406e-18
1.249252584372912063e-18
4.607934896977204593e-17
1.738330747767836253e-18
5.901431709853398847e-17
4.911297876705780254e-17
4.197875284106604276e-17
3.381414305936112986e-18
1.989115484149644297e-17
5.966204136082071275e-16
1.846152259620556765e-17
5.405957394475321740e-19
1.103815993808698699e-18
2.028596294432415646e-18
2.058098731074455823e-18
7.791536059286115503e-17
1.047381485569066792e-17
7.621078405427785483e-17
1.182550161652693699e-16
4.594403531856590557e-18
1.169378472590954391e-16
1.033788388117279601e-18
2.475814900553708246e-18
1.051625959145258829e-17
1.234995296999123426e-18
5.281698310528747703e-17
2.796526457890088608e-18
1.004968872373308761e-16
8.081645066313696491e-19
5.320193387196496966e-16
6.009365960043491384e-17
3.614457940086156767e-17
1.518977931619071853e-18
1.301405909879083836e-18
7.327157018701829314e-17
9.241503414818751999e-18
9.005413815833718628e-18
1.050100932448335759e-18
6.453704641282196399e-19
3.004605051422629543e-17
4.209787339794295217e-18
9.232283177539106082e-17
6.521038572689251198e-17
1.361487249575994294e-18
3.314088352053411917e-16
2.684167236938863252e-17
3.985605509949881232e-18
7.486565184517246663e-18
1.489375143263153893e-16
1.422685211017220126e-17
7.685063948513159429e-18
1.564616997397411518e-17
1.544252540008363882e-16
1.658178853282284373e-17
4.445616765454809311e-17
1.402110721560403442e-16
6.418017031802675711e-18
2.155464765722094214e-18
1.054647447928969204e-18
1.859786299626215421e-18
1.013686602008108451e-17
2.139960402553704462e-16
1.338912944664335670e-17
2.409219031895806736e-18
7.809859168356092390e-18
3.808552194679046546e-16
2.684161531414897436e-18
1.285820536852465359e-16
8.577503649769506123e-19
3.547648511787961789e-17
6.138966175420390665e-18
1.409037273009688418e-16
1.170126334542851384e-17
2.311805963423256995e-16
2.501480293327857570e-18
1.000853849391652273e-17
5.465517867582688748e-17
7.621569177251128239e-18
5.622075652950727690e-17
2.276754890786036136e-18
3.027645006361365058e-18
2.502781661693696485e-18
1.168057801868762569e-17
9.700665200546538750e-17
1.760996810226174139e-17
1.143857073972743897e-16
5.381040761455528229e-18
2.102258479386755156e-16
1.220171913974196417e-17
2.287227989162269812e-16
6.314636073488357627e-16
2.984219800703661308e-18
2.117853117214358941e-18
5.480315390678268048e-16
1.504222895004310410e-17
1.052173617641913401e-16
2.995568830213050393e-18
3.252195087893895649e-18
2.855085240095866555e-18
2.110206701012449507e-16
1.300090468956482768e-16
9.910937451697883031e-18
2.506154196975276588e-16
4.963049612594575475e-16
2.314045463629485445e-18
8.203769395366726443e-17
3.802963815178015117e-16
3.544128838112848608e-19
9.023082589293122065e-18
9.324044516714301658e-17
1.627604532312298260e-17
2.435799620005907425e-18
1.022982067784547100e-18
8.612747666699915136e-17
1.215563864230305919e-15
3.397548394830835238e-18
2.165392430635773233e-18
9.309443048200794503e-17
4.747928228600187175e-16
1.025945738932798413e-17
1.013699597195579324e-15
9.569502994728747346e-19
2.115228837521829376e-18
1.002483220453904509e-16
8.614321626567814161e-18
3.432439288388777758e-18
1.504418389550197224e-16
1.371221579198904489e-16
3.195622129672383881e-17
7.608363604869127638e-18
9.974965783104166404e-17
2.571935659091104176e-17
1.442230488480146465e-17
3.488528268676271957e-18
1.702302601529385810e-17
1.116903656197612588e-18
1.146229435289453096e-17
3.844906210099520841e-18
3.764835808416465889e-18
2.171589287457926554e-17
3.891232379399621572e-17
2.154233551111909168e-18
1.596350027533555151e-18
8.076774860051899532e-19
5.908331270720574274e-18
6.690232342511500775e-17
1.700464281503957246e-17
4.508991853692933552e-18
6.993474146242238372e-19
7.230804633018658177e-18
1.711625465271205688e-18
4.306444517368925999e-17
3.701614386915167083e-17
3.564208841478478240e-18
1.077183148324145201e-17
1.418348379552876347e-17
1.067997720050836221e-17
7.589992444616039313e-17
6.524112684033121029e-17
5.310942426014768291e-17
8.149263736314692160e-18
8.068268281866577978e-18
6.383881194445828806e-18
1.267086820299603864e-17
2.035913460561131012e-16
6.916331138254169330e-18
1.705602955040740827e-16
2.100317385782947511e-16
9.441847646354552676e-18
1.415195904481830020e-17
1.940196035841712954e-18
5.298585830524114441e-19
5.615647814340237708e-17
1.034679521474741883e-18
4.838069325077957470e-16
4.034075972265049703e-18
1.221942192708609427e-16
1.454271541764184585e-17
5.884563222682023511e-18
3.882684617733071936e-19
4.248343611721271207e-18
1.213888349504442947e-18
7.995999220719619475e-19
1.215855399471559729e-19
8.607512181786449135e-19
1.604207801405897148e-17
1.157024114127433816e-16
1.169446651867926543e-16
1.556762230306159846e-16
7.377527468345357553e-18
1.146585326145252920e-19
8.486891234754105249e-19
5.328043855032355714e-16
3.904582867944737455e-17
1.027958472672939458e-18
9.880533411775153120e-19
1.609213407608349540e-17
3.101238882971725836e-18
8.009137000168724223e-18
2.181730781460449945e-17
1.452740508306394534e-18
3.483090907735678997e-16
1.069691858286534056e-17
6.972031762768803691e-18
6.891757698984540143e-18
6.656320315611567830e-18
2.923143526766829679e-16
7.952049873070822027e-18
2.448150717929535376e-16
7.469908473631703807e-16
9.735341600017436896e-18
7.493049200977220064e-18
1.160420759853227736e-17
2.014406202139892193e-17
6.237428479417026067e-17
1.453947802559345798e-18
2.816704298937807381e-16
6.393636616080953531e-17
3.439999710632939434e-19
8.382107946417304841e-17
4.683469567213597686e-18
2.244680832065468833e-17
1.437327490987867078e-18
1.528501974212795850e-18
1.407348007870566210e-17
4.351129982260896276e-17
3.033167526575411033e-16
2.353108640249387468e-16
1.557820381592462027e-18
1.282520859667486833e-17
4.047447803841617249e-16
1.301010465269055781e-17
3.126575404728248219e-16
1.171956498854380811e-17
4.721500171478792760e-17
1.154075429863198622e-18
1.454022507227467654e-18
4.197464997438317990e-17
7.549695573631075741e-18
1.054361168020485803e-17
4.757533261288502347e-18
1.725823533023586051e-17
8.773798721141041901e-18
8.107700393288873590e-17
2.648309006867471054e-17
5.187362188790699721e-17
1.633114613137283605e-18
6.747835186188749478e-17
4.970252916423877438e-18
1.790146247015998007e-18
6.271710339206269942e-17
2.320194685857226805e-18
4.986102708293184132e-18
6.313515031109739244e-17
1.409650391476169644e-17
4.460189126031448417e-17
3.711864927253166711e-17
3.172673787505981462e-17
1.421323362832771607e-18
4.857339959474751971e-17
9.573218751825802799e-16
3.693891057945555432e-17
8.137898491774301023e-19
7.563088036526312872e-18
2.296498456107550463e-18
2.329897067938700795e-18
2.445428072045204605e-18
1.146424407738019773e-17
2.391928745510826958e-18
4.366981003185433260e-17
3.431485454523088590e-18
4.318339924119409526e-17
2.439448291070248964e-19
1.068563726093910826e-17
6.381642828111658230e-18
8.461897823813453320e-18
1.657697945355350740e-18
3.011856249263862884e-18
3.711199843153747314e-17
1.216576498797816478e-18
8.536646406318762086e-16
1.886081525140201737e-18
2.604176198586557822e-17
4.379100164592414420e-19
8.916927751435485563e-18
2.299679463135054804e-18
1.011540229125412062e-17
5.337993360580959809e-19
7.195045047264941861e-18
9.715132664626676212e-19
2.164784067422636734e-17
1.579293411947622362e-18
3.409344191877291722e-17
2.046673552327107419e-18
3.925066266337211341e-19
1.805042971197027878e-17
1.933912234512102911e-17
1.720190581896887867e-17
2.966660408383375997e-18
5.500039802249799246e-17
1.557217759632152087e-17
3.045318432423244466e-18
1.712570958425525241e-17
5.702693826461087326e-17
1.006242295062407354e-17
3.203016762275234715e-17
1.499446375651327987e-16
2.543232651998467248e-18
2.272440904692492800e-18
9.455301904202776479e-19
1.960716096345690653e-18
2.141030207208756686e-17
6.527962510003481255e-18
9.259012101606831609e-18
2.107071647936933090e-18
1.819276454578675919e-18
2.478312513256464890e-17
2.347532784047801569e-18
3.507509439019952246e-17
2.414076963331062868e-18
4.794461237208903064e-17
4.059836883158370270e-18
3.843624668735153612e-17
1.639204646773293575e-17
7.052178461629628981e-18
2.187762147884295016e-18
2.113925862592748938e-17
4.370092045000536839e-18
6.572231040404382299e-18
4.495271753309168840e-18
1.523090269758817253e-18
9.498545613202517585e-19
2.638606538131779584e-18
1.557372911961613336e-17
9.025949110302819485e-18
3.732401062259414597e-18
3.120256185727337238e-17
4.311350683752612694e-18
5.734619449895154951e-17
8.069272249748428051e-18
6.239186209309861697e-17
4.109078935415698733e-17
3.146172116360456413e-18
1.852246806412502933e-18
3.566167276973478779e-17
1.751595215412961599e-17
1.180124799398119285e-17
8.351208397199958019e-19
1.535782485821816449e-18
7.959560665516219806e-19
2.224984977460198228e-16
3.677585868516048061e-17
4.068137496746259355e-19
2.642468833405490673e-16
1.707628521438072424e-17
6.451220787335608053e-19
2.320612843287816526e-17
1.308479661439446174e-17
4.181414809326067203e-18
3.703700159206755976e-19
2.637506786708919042e-17
2.525391932746690005e-17
1.737055075674399153e-18
2.191981613844383485e-18
2.436301154762973460e-17
6.308847879738211518e-16
1.604422606422516195e-18
6.036797842055439490e-19
1.044153210606840002e-17
1.633612051816682924e-17
1.853574613960717784e-17
5.261160472640677561e-16
5.720388469610299812e-19
5.896949070823203443e-19
2.835739675812606028e-17
3.535916253014896822e-19
1.620899115916190817e-18
4.255571394340146883e-17
3.878795532063041567e-17
3.721148276091025590e-17
3.123001171250974570e-19
2.821633884626446110e-17
2.602883215318717276e-16
3.713330617346122445e-16
5.455693159460500277e-17
4.382941853426253203e-16
1.968803663807086087e-18
1.058773309988205682e-17
5.525578012796789173e-18
7.187275861201029638e-18
2.197719560717030509e-16
1.136367676196063498e-16
2.053079246131653379e-18
2.962263487490776215e-18
1.510224304462140080e-18
6.435233758064530753e-18
2.275190390253235347e-17
1.590657262511217179e-17
6.479946423972830103e-18
6.266794140353376026e-19
8.798761776071519658e-18
1.631254289064870362e-18
1.257623259607246781e-16
1.080992993711085977e-16
8.976987180724261131e-18
9.949951836009751285e-18
1.050434935851596514e-16
9.865105940439681383e-18
2.581177601614120289e-17
2.218697008371624568e-17
1.550969645249677584e-16
1.555738670133697655e-17
1.328541921878841673e-18
1.051186387812222519e-18
4.243934527469878619e-16
4.723881952280824660e-17
1.405034680899062847e-17
3.957470282088085102e-17
4.873316859954904740e-17
1.554719052459805698e-18
4.599399394909694766e-17
1.691954061625644098e-18
1.977064746298570580e-18
6.413664237832957579e-17
1.857771302487716387e-17
6.533269714862755032e-18
8.397396185190914312e-19
9.262462031167689334e-18
1.736599740046788688e-17
1.195433712547542216e-17
1.448748614110208915e-18
2.730511636875271074e-18
2.179541484419514944e-17
1.576874507152776500e-18
2.204128403959340268e-18
1.697469716392060590e-18
5.213689756823646748e-17
8.770375546567605138e-18
8.864539808051212005e-18
3.612118661325040892e-17
7.247872832279131095e-18
2.078554148805959471e-18
1.673682308320396203e-18
2.226571346802240044e-17
5.287087812343606368e-17
1.845703631940983353e-17
1.774053805520785925e-17
5.403992240892988566e-17
1.554640392700958194e-18
1.216041325383015283e-17
7.090644626885921273e-17
2.864919580182696452e-18
8.081733627651875364e-17
1.624131919674710050e-17
4.481090891137003012e-18
5.764627442708830184e-18
4.278175623648003193e-18
6.782500935091055056e-17
6.651511403375039450e-18
5.680386331206444832e-17
3.121649262498920652e-17
7.841812975035502056e-18
1.270327752279929566e-18
1.559565361188839530e-16
2.390924932613141914e-17
7.159108113923176152e-17
1.042198032397747336e-18
1.125755625657287176e-17
6.520702519647522267e-19
3.321994476799134618e-19
8.548692346494908968e-19
1.949769416668406028e-18
2.664240887186988022e-17
1.279597396034712420e-18
1.360766532540442522e-18
1.133618143249335167e-17
1.922553203696522359e-17
1.212269746558391991e-17
9.404697861051580835e-18
1.116654486266196517e-18
2.657248964786123913e-18
7.023096638256972471e-16
2.695557492069490873e-18
1.249602186584458308e-17
1.575068995374234141e-16
2.086201818363868599e-17
1.027428977835543970e-18
1.294460327023577290e-18
1.854656103386703911e-17
1.279931247108018762e-18
2.184525967834556958e-18
3.886373506884690543e-18
2.048402407624267657e-17
8.639049702592636612e-18
8.268831270469027675e-19
1.748545350175325133e-17
2.292043638193432995e-17
1.453899142331471751e-18
1.248694828179618598e-17
4.886868441302709457e-18
1.593698367675847759e-18
1.160587365920944925e-17
2.065580110957154116e-18
4.902452325863451825e-18
7.182805757843314172e-18
2.389838856350916320e-18
5.293856509312959332e-17
4.405660780648037072e-17
3.765687800969862290e-17
1.265349536140942485e-18
8.988564656292510323e-18
3.490967764459991295e-16
2.149883331286641091e-16
1.000885613069061299e-18
4.785395999899008087e-19
6.561756180332660884e-19
6.657185614223519075e-19
4.168880087914057349e-18
4.812364977393764232e-17
4.077676310687664085e-18
1.852334416441932407e-17
4.131693214656507091e-19
1.831702418102317165e-17
8.071276434182016942e-17
3.549677851795103471e-17
1.859177175745508324e-18
5.354100309564752977e-19
2.825985370482905264e-18
5.972200279168237474e-18
1.574172910473661526e-17
1.496275624567511093e-18
3.112971529598482418e-16
3.215325694598558137e-18
2.512724030013387683e-17
5.212259685800516669e-17
5.642011594606050608e-19
3.920412966565223076e-18
4.246159397000919596e-17
5.654371251641025420e-17
4.552523998396936300e-19
1.194870705614077995e-18
2.088762253857980521e-17
4.473351449820877721e-19
1.446135346021465336e-17
3.489097355303062746e-18
4.671842135410313736e-17
1.555331620549898012e-18
1.865998063507733879e-17
5.714326867286224048e-17
3.482940317112739953e-18
2.332941913435484819e-17
6.536759125196391115e-17
3.575286984907488458e-18
7.188887855144141791e-17
2.418901303550338869e-17
2.931506445344854618e-18
3.090534807695788914e-17
9.057988353678604246e-18
2.985824570419900388e-18
2.091135746955538733e-18
2.048669456794741487e-18
1.804281691212747740e-18
8.981359572907079104e-18
1.098292315464870003e-17
1.019400210745823386e-16
1.070341345345550325e-18
4.630246049229002786e-18
6.453621379275239155e-17
1.192489776406363844e-18
6.301046807442511847e-17
2.094627752689615422e-18
1.719605780216935193e-16
1.798989864538975194e-18
6.904859236731808470e-17
3.366617604893895666e-19
1.186488647847728642e-17
1.111330164285249717e-18
8.867660165881038372e-18
5.605547868230352504e-17
1.007640199559745392e-17
5.766116762393132617e-17
2.362372292759667562e-19
2.933909278132852908e-18
2.428087103450824678e-18
3.231853491703972112e-18
3.576805978220374437e-16
1.103952843803570739e-17
5.605367745773916546e-17
2.756386988131502570e-18
1.030192682439537946e-16
3.575645871813896546e-18
1.120835311456671491e-16
1.070020004534592975e-16
2.895156905955444526e-18
9.408964999499141804e-19
9.286437145292388836e-17
9.096434239281154685e-18
1.584855231262818917e-17
1.055426651395113601e-18
1.541879051426777549e-18
1.005930167255633201e-18
3.481397277104993705e-17
7.276489819845211209e-17
8.874639470338456064e-17
4.134627377104287870e-17
1.414770720773491940e-17
8.153060047299329169e-19
4.591576195282568374e-17
1.084075775551675579e-17
3.897373994569529582e-17
8.079619640556424170e-17
5.218584139003187676e-17
1.872466729047657440e-17
1.742721123521690715e-18
8.770992318454221744e-19
4.820477667830279853e-17
6.820016033887146681e-16
1.610791651367630861e-18
7.629311865485275231e-19
1.402251421980207049e-17
1.353448054420286650e-17
1.639917370388778276e-17
5.687440791764911437e-16
5.077520232980745319e-19
7.452570831968711989e-19
5.610808726298418987e-17
7.713599151433670293e-17
1.627333567337817080e-18
8.420094876271538445e-17
7.674604267964131568e-17
1.932477337813246911e-17
6.812825152164668486e-17
5.582898937203977138e-17
2.921397309985263874e-15
2.680127437017120718e-19
1.315264975182629967e-17
3.163424948305228032e-19
1.650920076758696436e-18
4.722405458940734988e-17
7.530793499124616802e-19
1.612317209470173597e-18
2.466653891728510252e-15
8.012736364631450587e-18
6.067001594450767808e-17
1.225176077522475119e-18
5.464727168351425358e-19
1.030394288064967311e-17
5.412357790964204828e-18
4.675107483359298975e-17
8.831499309450673201e-19
1.456071661317368508e-18
1.265727169906171251e-18
4.820477529719562624e-17
8.867731664978008101e-18
7.622279348542630344e-18
5.247749066134943976e-19
4.437938359731949046e-17
7.887241138148083044e-19
4.400094874575217073e-17
6.140258310603824919e-18
5.277967984785882383e-18
1.093617069303848531e-17
3.489979068196843604e-18
1.241337098535059072e-18
9.821870421830571756e-19
1.105141824910461639e-15
3.398404296370011110e-18
2.186722246968011190e-17
2.847040663857225860e-18
3.505909148819169253e-18
1.452668076057620120e-18
7.194914579520339686e-19
8.972223956217409852e-19
3.968532313849207748e-18
5.327338664929296170e-17
7.740363687599601349e-18
7.993535505106873333e-19
4.008272715689716870e-17
6.234860791822031102e-19
1.327437980224726491e-17
1.860510298813814179e-17
2.908051291949119875e-18
2.779012613490758212e-19
9.081012145589044017e-18
1.409214288767298224e-18
1.843189483768311411e-18
1.516987286076853059e-18
8.155858890180783907e-19
5.903621568525383430e-19
5.967006558384395446e-19
2.598591518934620872e-18
5.075492628988397934e-18
1.738178747499510164e-18
1.495729059632533586e-18
1.356687687222143403e-18
4.205368511382977774e-18
7.690084000983292510e-18
7.391556559040863556e-18
3.261223959199811245e-17
1.990203286881977482e-18
1.070933759247227663e-17
1.109200963513644828e-18
2.560308756498600439e-18
5.814073797730974167e-18
1.430327790630648641e-17
4.560686700796924802e-19
4.188853689563361501e-18
4.354167131275107868e-19
4.879393801705408074e-18
4.833305943897690459e-18
4.086522378844132515e-18
1.902073842969703016e-18
1.500531649809264279e-18
8.604102473138474063e-18
3.288161747651232204e-17
5.411241290003940421e-18
4.570306681082953157e-18
1.067163290563839636e-18
3.573193782599385970e-17
1.082734159200806784e-18
1.349462653971719444e-18
1.419473008032411042e-18
9.340185027217267205e-19
6.029821387786595796e-18
2.805904113063530652e-18
2.983891982280060946e-18
2.169179382572465955e-18
1.509773086952275570e-17
3.847793093378217387e-17
2.985089051161940769e-17
1.143403306226855822e-18
2.220099768038626675e-17
5.591061920744637982e-17
2.252106084971211683e-17
3.966287764468600135e-17
3.320849352894764172e-17
1.638285667861221266e-17
2.252948625656014992e-18
2.838495582320241086e-18
1.456453774627003863e-17
8.669148248492769826e-18
1.825145350975499144e-17
6.495763428187718278e-17
4.636029988011917148e-18
5.576249927173176175e-18
1.373003299296126628e-18
8.508742175094740240e-18
1.799932398443460034e-17
3.188113383232258343e-18
2.766179206913964882e-17
4.558100996249486330e-18
3.494665446101769162e-18
2.570998587459330917e-17
4.529408818083977706e-18
4.572636464227588215e-18
1.914494457770808194e-17
1.618670329560761024e-17
1.198127742774491300e-17
9.971075712501707895e-18
8.522662102821164398e-18
2.774661373118785659e-18
1.991197536109405812e-17
3.602223671743996648e-16
3.915282172866117071e-17
5.536060482885146106e-19
2.374920675278931212e-18
6.194105409398240206e-19
6.284187996503633775e-19
1.571075633249417409e-18
1.553798993494738388e-17
1.536704764085754212e-18
5.158127367883088154e-16
8.814490182353802761e-19
5.100674202652744912e-16
9.611184198321297743e-19
1.939060709172008431e-17
9.579144829645558121e-18
2.657160143689474956e-18
1.064995073462652395e-18
4.195768064656148232e-18
4.383541275927548173e-16
8.276142896362078557e-19
3.212180830641205188e-16
1.211721072618361470e-18
1.513703911113596049e-16
9.273651455904885973e-19
2.800046221143696388e-18
1.477438821495950935e-18
1.370984584143354688e-17
1.416777628085987641e-18
2.259349773503510519e-18
6.609023457959090685e-19
1.258302764364631410e-16
2.188836253489729477e-18
4.026999789975692236e-16
1.314894101378298025e-18
8.312140651555350175e-19
4.043271191556866408e-16
1.124106162524741872e-16
3.121530226219604987e-17
4.298725566333553188e-18
6.496457348391742313e-16
2.110565137340912847e-17
4.412701961468607748e-18
2.321122102363672168e-17
6.735825293370944742e-16
1.510416821771572783e-17
1.861786081544695795e-16
9.467263791161496367e-18
3.685173803980360792e-18
1.726596706413507295e-18
2.513799144652009853e-19
1.489748731054692948e-18
2.094349897771685344e-17
2.386997813353659058e-15
1.550143533564314479e-17
2.327928995458550351e-18
7.740796852311106434e-18
3.918459248935243289e-16
2.593594594244184094e-18
1.169168688767950987e-16
1.050541583305793402e-18
1.072969788443981242e-17
4.110528388226774196e-18
1.281206990940236427e-16
6.927071806974288105e-18
2.578681256440106698e-15
2.417077247569214446e-18
2.067836501937948307e-17
6.856420565723925689e-19
1.291142861896876453e-17
7.052820256536065502e-19
2.128446370264054744e-18
3.187892314345710723e-19
2.004808727413730030e-18
1.559137710164750383e-18
9.612310993596173023e-17
5.662575318961159880e-18
1.040084395127456630e-16
3.179547929983229769e-18
1.911537978552240820e-16
8.170025941810109887e-18
2.079726736631708117e-16
6.496863600921654562e-16
2.390456184229379819e-18
2.046394127895473245e-18
5.638466123606611318e-16
6.919428977221304747e-18
6.251200205966435022e-18
2.187558840706629546e-18
2.415872129860667693e-18
2.084968602607109870e-18
6.595104213925586774e-18
3.387450427489512142e-17
1.776254005241926459e-17
7.832573035280788936e-18
1.326938179586007022e-17
1.689866231983634949e-18
2.137532949354344239e-17
1.016773612163363673e-17
4.092672041290541697e-19
1.617131241819601512e-17
2.429426208271996867e-17
3.509418462308897140e-18
2.367864818420004613e-18
1.161339536717840244e-18
2.244094273596147068e-17
1.051756082637512134e-15
2.523846895740848828e-18
1.581310136312107340e-18
5.530949581378992748e-18
1.269422579310089387e-17
2.657783139991614891e-18
8.770947777332488612e-16
1.241769477416431912e-18
1.544677423856552509e-18
2.612019928431061901e-17
1.543872450634013876e-17
2.549765370818300203e-18
3.919836994801844066e-17
3.572786075701670464e-17
1.469986957234914699e-17
1.363583050780981312e-17
2.599026984121403900e-17
7.604925677430755951e-17
1.168122592380050964e-17
4.337770336514604377e-16
1.378765837913558897e-17
9.771695484330362083e-19
1.518385507588112228e-17
1.000787680230348282e-18
1.694338483653065810e-18
6.421146296816210880e-17
1.471387845363353131e-17
1.879486450207708428e-17
3.864956921528871926e-19
9.627351579441728905e-19
1.427264421243480519e-17
1.205766167309681765e-17
3.635376075879884839e-17
1.173642021639342066e-18
2.725093911514787371e-17
9.746979055594903027e-18
1.493327809395248531e-17
1.628391599826764755e-17
1.399687781681494048e-17
1.976554074471837964e-18
1.426921374620336514e-17
9.092091205655889412e-18
1.414753635124393627e-17
1.367927992829404115e-17
1.175826779009890762e-17
2.008221399069548290e-17
3.667520142846285023e-18
8.262800047512274624e-18
6.537801172939722412e-18
4.255347482026365026e-16
1.752035509115632580e-17
1.038978004508017800e-17
1.467781907026782420e-17
1.807459261696907402e-17
9.669497400854053718e-18
3.313813923288287508e-19
2.529990712151309949e-18
1.967422670929973626e-18
5.452152967004503955e-17
7.731176281202627711e-19
3.806524535236032159e-16
3.875538177789477211e-17
1.031146321197946494e-16
1.957407883523272810e-17
8.839848226305024746e-18
1.441683117973294823e-18
4.706688784094427599e-18
9.070233459671341956e-19
1.188810153000581286e-18
1.071494991951917568e-18
1.279727222492528281e-18
3.756403004920387083e-19
9.763646479668775692e-17
9.868475121870398045e-17
1.339694814923361032e-17
8.718180487303041679e-18
1.010449462447720417e-18
1.261793828236430892e-18
7.520811898090669840e-17
3.908394664690277027e-17
7.680956273941590450e-19
7.382783168441281095e-19
2.610099444937860042e-18
2.314028542621094798e-18
2.001908231771760413e-17
5.108727221138663088e-19
2.159870978319630839e-18
2.997425514416879980e-17
2.673727439695356319e-17
7.724230123391220849e-18
1.118591752578470587e-17
7.374457208779167329e-18
2.515554494995786536e-17
1.290686323087118470e-17
2.106792391999452436e-17
1.054416556145189265e-16
1.548949443055254968e-19
2.017936995596547524e-18
6.407033343311187380e-18
1.927059915563392912e-17
6.132046190230279064e-17
2.389089937119329223e-18
4.438233929260835701e-17
1.244339734763465470e-17
3.339487438485198096e-19
1.631339190058152628e-17
1.420103315470454850e-18
2.147349650786301880e-17
9.620295766716063989e-19
1.023054325763302550e-18
2.239172493928850819e-19
1.663975052963121811e-17
4.779311422450599377e-17
3.707753991191060426e-17
2.559770709065763493e-18
5.921245910451238320e-18
3.424834496577179033e-16
6.006610215233372333e-18
4.926492656289915005e-17
6.470725640947661154e-18
1.805613376279676049e-17
7.724437918287670483e-19
9.732038563721010748e-19
1.605209927053033797e-17
2.033192308617801024e-18
4.867859814692231928e-18
6.549117100699432319e-17
1.650990425015980453e-17
4.946298011110211288e-18
1.577933555302790266e-17
1.748759336994510184e-17
1.983770033996274444e-17
1.093073478232065117e-18
3.782920451861604563e-17
8.626081293409823641e-19
1.198177622702691300e-18
3.515998932353227680e-17
1.552948736753676981e-18
8.653589268445926243e-19
3.002619714284078327e-17
3.796299209467277015e-18
4.266791708383595873e-17
3.550915453743468900e-17
3.035104079091235057e-17
9.513177210015677804e-19
2.723085281032182686e-17
3.921789117514475631e-16
4.919693083007759456e-17
1.100066660528527307e-18
2.072062751558151299e-18
1.187079744771422496e-18
1.204343773624914470e-18
3.866279792156090692e-18
3.828502373918273676e-17
3.781696087798419258e-18
1.004034214095901996e-16
2.975693190028251861e-18
9.928509028890967286e-17
3.687520989686549061e-17
2.261944191847339741e-17
3.922786993080803766e-18
2.318310087564164405e-18
2.620859775387249205e-18
5.735973345008170752e-18
8.532603222124644410e-17
1.644546497677197350e-18
3.497144256730254661e-16
2.981939632724435475e-18
2.691386489641350654e-17
2.312886455901915695e-18
2.442974848745874529e-18
3.635847784032092441e-18
3.378054534063496857e-17
5.589836590330247746e-17
1.971229842389626294e-18
1.313274373939419236e-18
2.237279718328736164e-17
2.007457653061140170e-18
7.838591955808872216e-17
3.235839437258390604e-18
2.073081743900650183e-18
3.102734758241936168e-16
1.998676304215899493e-17
3.641313101480108391e-17
4.368226150653218288e-18
1.264541369957866184e-16
5.200353245463861767e-17
4.484045284045994871e-18
5.719157700743860137e-17
1.311134559574194710e-16
6.185357427981594028e-18
3.310281402910156114e-17
1.680242489947335113e-16
3.744754656198990722e-18
1.739215185479161536e-18
3.876979591202213327e-19
1.500636255110587375e-18
4.735593877683310833e-17
5.656923552496895121e-17
7.571885633748438187e-18
3.354347258292787775e-18
2.368044537612708729e-18
2.757243595021734627e-17
3.737148741777794863e-18
2.606043243353266392e-17
5.085417691018731602e-17
9.079166849257505747e-18
7.777340343083325593e-19
2.855773383390233713e-17
2.174207340001937509e-18
6.111192332197185768e-17
3.482802290912919353e-18
4.675643687354352376e-17
1.645948296825858291e-18
6.897651529644971272e-17
1.693095891330990525e-18
4.752986498575975970e-19
2.748173587769842962e-18
2.019460462160793648e-18
1.915642727958700189e-17
6.830193588370710941e-18
1.699460682494272879e-17
2.318318080597385181e-17
2.414046087324297870e-18
4.260762951724869167e-17
1.545812760794186014e-18
4.635650836434521490e-17
4.571550809476639581e-17
2.407926344577780006e-18
2.948679511137967514e-18
3.967535099232138050e-17
9.661156768503830880e-18
4.777534747226288028e-16
2.327261098488642012e-18
2.289905386630886529e-18
2.218119225012646331e-18
1.905581728127752314e-16
1.491912717403142596e-16
2.330493031602415352e-18
2.263134527691270892e-16
5.629271693658562888e-16
1.797784759048917815e-18
9.414197076157455422e-17
4.313460115825394103e-16
1.001954251139317694e-18
2.121719685993808348e-18
1.069976353513651257e-16
1.240278552060626262e-17
8.323943633249068936e-19
1.444506720154067681e-18
9.883518172429540818e-17
1.226008390237218729e-16
2.392250206521445099e-18
1.682296035381695158e-18
4.227076871570077571e-16
5.385273182229781869e-16
5.877682465864434022e-18
1.022409638780114763e-16
1.916511464357907234e-18
1.643323878361958053e-18
1.150394915808353802e-16
2.025602181482747570e-18
2.416817258295223874e-18
1.726388263938747891e-16
1.573538889202442918e-16
2.052448907020299034e-17
1.789057639548247599e-18
1.144672518014777604e-16
2.890224661016678220e-15
2.882016171550815850e-17
6.859508370469357899e-17
3.401719534892670193e-17
2.414964782822564517e-18
3.687225273183983205e-17
2.887749360775441214e-19
3.080532894825549263e-18
2.440333563565327963e-15
3.729854537983900369e-17
2.895350298642052462e-18
5.905363198027419796e-19
1.716202235536298304e-18
1.209781393667181478e-17
1.120679717478654901e-18
3.296012149908946219e-17
3.386516505666952644e-19
2.402695924439435014e-18
2.292015755393369046e-18
2.300472620286896486e-18
4.127846928577064308e-17
3.548100414664053607e-17
3.528311844149086852e-18
3.465115103544424483e-17
1.117903722229084114e-17
3.435567142000572066e-17
1.271398383946745638e-18
1.092853040855138641e-18
5.090686131599953218e-17
6.668039799293514910e-18
9.830299324528575389e-18
7.778058537626261314e-18
4.707557472665431804e-16
4.449504029089173913e-17
2.242743087753176965e-17
3.727607959519313192e-17
4.590259287264368526e-17
1.150385501543928336e-17
1.501794609668185877e-17
1.471558945673706243e-18
6.842026936013968360e-18
4.598813998938102166e-18
1.933879481847764380e-17
3.491195622648686880e-17
8.354216040221545909e-18
8.285314528457018526e-18
7.239516854806599035e-18
1.908174034513914267e-17
5.013683572990085673e-18
3.609576597428942055e-18
2.268831772194299543e-17
1.390555603323382718e-18
2.231972467601815123e-18
1.496901633512190772e-18
1.702372527583836875e-17
7.845140923815456062e-18
7.929371285149898716e-18
3.402315447225328213e-17
9.976294488394113324e-19
2.104811872221583302e-18
1.475924876368525345e-18
2.362673715995125797e-17
1.432956442527211972e-18
1.921317429439712662e-17
1.846732291319413723e-17
1.504267416768462938e-17
1.117708157271769533e-18
4.959790197467268304e-17
2.315235309096055885e-17
2.526409018107063835e-18
7.612321116724839840e-17
6.624243277307321106e-17
5.923739929601685386e-18
1.382927960373866112e-17
5.655497820358202546e-18
6.388551945803328703e-17
1.595690474344080549e-17
5.350451624914727910e-17
3.312464553922447713e-17
1.794869673610150914e-18
4.518355313877387467e-18
1.587334608600862304e-16
1.452215223416726143e-17
3.527764359549660046e-18
3.306872212847075697e-19
3.556776509503603897e-17
3.612691145005799081e-18
6.214501954462839894e-19
4.736266537003503855e-18
4.318117389738678057e-18
1.618223609803409993e-17
1.403903372341672204e-18
1.492957652089018328e-18
2.594676554069770656e-18
2.047787708790267044e-17
3.830114155746097738e-17
2.971373863811395193e-17
3.543120958969004410e-19
7.627951799325892978e-18
1.019460510893647972e-15
7.737921020687193161e-18
3.948064395301544079e-17
1.603114296784501627e-16
2.222096342242913547e-17
1.127238154199672667e-18
1.420210156805918197e-18
1.975467812930108172e-17
4.552513429222335507e-18
6.270943749660639689e-18
1.338594841416268518e-17
1.244171709223937788e-17
7.834093882912542468e-18
4.581213975083359957e-18
7.261710444434888015e-18
2.441346632841647509e-17
1.595137591940243095e-18
5.055451274381307145e-17
2.469994526459359979e-18
1.748517557013569062e-18
4.698740433344641212e-17
2.266240063164341171e-18
2.477871167713036033e-18
2.799742214709106316e-17
8.500279614078912822e-18
3.215416305440269132e-17
2.675938323113499427e-17
2.287227456039884452e-17
1.388271409807592148e-18
3.639099772100302224e-17
8.324177095470240562e-17
1.848006116765481145e-17
3.799071838733625507e-19
3.233998373642638292e-19
4.281493803389352805e-19
4.343760751236223277e-19
9.282860410643005994e-18
9.606827898161675373e-18
9.079776629132850824e-18
3.163637867258462952e-17
1.737237274146816416e-18
3.128400077232504414e-17
3.578321384078598316e-17
1.446098928705360078e-17
4.282980309320249539e-18
3.618332044791569880e-19
6.292631873189244107e-18
4.142438628601316649e-18
2.688560437565593519e-17
5.679428811897387774e-19
7.422848921534816166e-17
7.159577384881444351e-18
1.669597156294631972e-17
9.666124124313340591e-19
3.812904161205028218e-19
8.729597770443209495e-18
8.476523029066195446e-18
6.406061352321058797e-17
3.076622124291384745e-19
4.535383054120297919e-19
1.387892771972366415e-17
3.149190398968952782e-18
2.469882598544178105e-17
7.769185734634071806e-18
8.663920965621943971e-19
1.224359096431629281e-17
1.239875538766269574e-17
2.327952649809037749e-17
3.553710106047042515e-18
3.984476730522520321e-17
1.304920142642818335e-17
3.647933163786381598e-18
1.435103295946529856e-17
4.131288439682565315e-17
6.753301700265738478e-18
2.053527591858535587e-17
1.490811162506066290e-17
3.046493475254488448e-18
3.149304038510436259e-18
2.655793452139984768e-18
2.717294477424261292e-18
1.447467753138966280e-17
2.377680664255681230e-15
1.106136183726361596e-16
7.129178610882770584e-18
3.532056334941780535e-18
1.026521756413993008e-16
7.942767645687858399e-18
5.795590575210122633e-17
1.543965101302908595e-17
2.049030208031874181e-16
4.841076395299419645e-18
6.350966488344171568e-17
3.034779952596131366e-18
2.568615910921980653e-15
7.402191152667668922e-18
1.429143553569273397e-17
1.302388029517216117e-17
1.014786832838441527e-17
1.339694464246920296e-17
1.945759706581521489e-18
1.039311457060899525e-18
3.656761418710216388e-18
3.185064673686327858e-18
3.601760662764926960e-16
2.582554203310008948e-18
5.155717370583993352e-17
5.504248111926882443e-18
9.475528723171597028e-17
9.622052446873613733e-18
1.030924347327226423e-16
1.701988309974755151e-16
4.360180514020318943e-18
6.266990648980147401e-18
1.477113268501699579e-16
2.361665023356139222e-18
1.031471583501482892e-16
7.654252896821339462e-19
1.113016461493273705e-18
7.295290379998158061e-19
1.715156731664495211e-17
1.518402923968843571e-16
1.200831473375172986e-17
2.036979239744159794e-17
5.310250844441646324e-16
5.912829982311750975e-19
9.581354324894977064e-17
4.069008651391000478e-16
1.467550459893124059e-17
1.093256981278850594e-17
1.088974713333472136e-16
3.768713393559602203e-18
1.003983607833448884e-18
1.602389900320507900e-19
1.005900862500724104e-16
4.625838375972426019e-16
1.162761516442619394e-18
5.532992972079376339e-19
9.126275171169080466e-17
5.080080163069701616e-16
9.553109603782797244e-19
3.857642232055242685e-16
2.141399425818148526e-19
5.404815370538487692e-19
1.170821177074455046e-16
1.043730583647958606e-17
1.174702417230139558e-18
1.757041787560384466e-16
1.601478439370424387e-16
5.017201264902001130e-18
9.218464471333987528e-18
1.164997173136072022e-16
4.185185727732466070e-17
1.693517423346939940e-17
1.157969942853918866e-15
1.998903184009705046e-17
3.679081143815847433e-19
3.587097179285719130e-17
3.225334555847596718e-18
5.122133117920141016e-19
3.533721561128566597e-17
4.612971763882753110e-17
1.078582464779899204e-18
2.483229850100491898e-19
7.382975269473817486e-19
1.802054576781009200e-17
1.546069240654029696e-17
2.834271868911553573e-17
3.782408839921894784e-18
5.486659225982118578e-17
4.549459454798174290e-19
8.569772818547865995e-19
5.105196766587223762e-17
4.388183737887267558e-17
4.281343053729442110e-18
3.371018501153654295e-17
1.244889768115644546e-17
3.342272926458656362e-17
1.753997956222275424e-17
1.507680066542781142e-17
6.296007295918169968e-17
1.108723349292626312e-18
