9.889417977595320550e-20
7.824835174739577064e-20
3.381207953421696304e-19
1.034380306411369314e-20
1.318025930295607689e-19
8.665604611527619377e-21
1.067101811129290314e-20
1.157303830184146501e-19
1.764869931073513854e-19
4.018993926491771093e-19
1.869293781707611688e-19
6.565766178116009954e-19
5.497640800798920694e-19
1.391201463334762209e-18
3.250276827023052917e-19
1.412213853923564565e-19
2.052157137811061171e-19
1.121404796982659198e-19
1.369776473271229940e-19
1.913594886438540199e-19
6.449844593752305044e-19
1.110080311061548492e-19
2.460786424794847204e-19
1.194976329595447582e-19
2.000583878831577963e-19
1.337187219693659526e-19
1.351544101715324030e-19
7.909394107301066150e-21
1.539644446874566944e-19
2.320589772989046512e-19
1.178230587793064793e-19
3.655617438254810160e-19
6.840710460740780905e-19
5.461929344884259559e-19
5.249898397603305772e-19
1.455883004102961200e-18
8.801412799674176731e-19
5.133174409167203500e-20
2.720804265828418897e-19
2.016831906603587162e-19
1.769643312544951082e-20
6.855813394795605132e-20
3.140434378356684076e-19
4.105161925306030621e-19
2.998227469950460431e-19
1.485152564425847033e-20
4.736738259366698272e-19
1.243824425157627880e-20
5.125169465822292507e-19
2.252262807452367667e-19
1.034730948301005934e-19
5.586853025087584783e-19
3.494979250317664962e-20
8.037746501918161148e-18
4.127595754922245867e-19
6.344325185342616606e-20
1.231151216744537358e-18
7.865692525488376135e-19
1.614048939090484690e-18
1.059349754849338293e-18
3.894503960184793749e-20
3.333832995192826378e-19
3.545309156610996241e-19
3.255887369441002785e-19
1.058596175914347469e-19
6.831885454739562467e-20
5.300125545947832471e-20
4.422478429193779419e-19
1.392645113732786966e-19
4.244998645005182202e-19
1.412722337975790927e-19
7.042276710256885335e-20
5.642391912846991329e-19
1.148704370240229756e-19
2.676839322383594612e-19
3.372556526429683307e-19
1.021210676982276716e-19
1.042553365226583657e-19
1.144894383342833872e-19
8.139503891137527953e-18
2.994290541411201790e-20
4.005105985516807129e-19
1.561209340407620259e-18
2.615279283260321897e-19
1.262044985675934502e-19
3.787954670279527609e-19
7.234822547204365903e-20
1.109211835332638374e-19
4.152184287813721171e-19
6.724336045506525390e-20
5.381613896263512559e-19
1.112749034952982569e-19
3.243035605924136466e-19
1.946615919931220547e-19
7.738393791388003292e-20
6.440057068406087087e-20
5.504564592573718610e-20
3.296711955737791497e-19
5.207891373839736347e-20
8.589274835585787256e-20
6.547706683639916907e-19
1.143206818620626315e-19
7.956898003336800665e-20
1.725085535511058042e-19
1.750173931291527983e-19
5.716486974930101315e-20
5.795975178631675963e-20
5.591425760986677058e-20
5.423316360804452741e-20
6.460519241947341065e-19
5.362909420697890786e-20
1.187233649927222948e-18
7.139511715785204125e-20
3.727784486068694142e-19
8.902508813009445775e-20
3.875071535049050215e-20
2.654183740333460862e-19
4.608907346496179286e-20
1.709038949312368794e-19
7.659242315350145730e-20
4.408946063624381197e-20
9.488338593392393026e-20
2.749851906023086484e-19
9.381232147323154430e-20
5.375781789619850088e-20
5.114041554441565918e-20
2.439408638156714838e-19
7.569691016950792831e-20
1.364775674854064317e-19
7.887409547954443624e-20
8.152230365161449513e-19
4.234035394689029260e-20
4.784349553175286001e-20
2.464741738730912816e-19
4.887394032731625192e-19
7.046226019926872630e-20
1.149329751041621626e-19
1.148764199025387353e-19
6.830452393280177865e-20
7.872822160477684584e-20
1.179222529115246989e-19
8.658240961795783753e-20
7.082126692821711105e-20
5.877882103078673060e-19
1.167021938733407820e-19
3.278048128578342793e-20
9.848025113195445129e-20
3.721349887383345612e-19
2.776133034092453339e-19
3.210869250443349923e-19
3.993599031469045106e-20
4.381103542092839452e-20
1.188943273862775411e-18
9.516552288353832823e-20
7.964433789222552915e-19
9.780074200738516135e-20
1.060259080885530144e-19
3.166809840215461223e-20
2.409330307215192950e-19
4.394197795673483932e-19
2.335590031253013620e-19
3.470276740423109057e-20
2.496588636138862386e-19
4.732919956321875692e-20
9.880989521741039831e-20
3.943042115437380369e-20
2.823318316206550254e-19
1.017509915535872542e-17
2.904191249693032436e-19
7.470962061415437291e-19
2.003695267625506383e-19
4.320982835350957219e-19
1.580014993061034855e-19
2.021644248724356122e-18
1.382200320290649844e-19
2.817172174372113825e-20
6.139681191663390612e-19
5.177590999981266149e-20
4.642184493707363924e-19
5.633147002478176893e-20
1.621550820168859280e-19
5.152172374089055959e-19
8.365640343279220287e-20
1.407303574286449998e-19
1.849388625697201263e-20
2.202505423730903089e-19
5.971424859147048166e-20
1.802331754102154911e-20
5.691382152777849529e-20
2.436360807841993525e-20
7.354712780072357412e-20
5.609253039243985479e-19
2.893506053691250740e-20
2.457627807742821038e-19
4.612862995283200769e-20
4.640936077725270906e-20
1.883170702203634633e-19
6.989829489022381330e-19
5.106757426732752312e-19
5.274684416699441300e-20
1.204743909842256687e-19
1.405873467476118211e-19
2.562972962314838095e-19
4.872298262955429671e-20
1.242365141760845716e-19
1.882885003085086298e-20
4.316535163435918331e-20
1.948737210454781936e-19
2.351102921510949789e-19
1.775132575007597448e-19
1.036050084106635268e-19
1.857486554432587947e-19
4.216538086445581014e-20
5.671125455752487076e-20
4.875412643894089658e-19
1.902221163336535366e-20
8.510611700031636024e-20
7.757106996515256806e-20
3.928903913289753543e-20
4.306074665719361264e-19
5.642915633760876026e-20
7.091854602633060820e-20
1.778248268627879018e-19
2.266950756081742717e-19
2.098913230603241583e-19
3.255603431470608886e-19
1.406770874465090160e-19
2.129401308380263232e-19
3.114065126191124536e-19
5.987939639489117389e-20
9.078746217803369081e-20
2.153563762490460652e-19
6.498936305161883968e-19
4.366837446347322209e-19
1.319345593576037602e-19
1.961844236337092343e-19
3.877625472448505734e-20
2.497187870931467827e-19
3.530257531200209809e-20
6.393908552752015253e-19
1.711093291189978372e-19
1.004748960283764557e-19
8.636343024098042170e-20
4.677109597603886185e-19
1.322030156331094205e-19
4.404689800058746988e-19
1.310756852255530701e-19
2.225689956489937563e-19
1.913131295165043225e-19
1.239111257359346954e-19
6.740622777933472059e-19
5.085986021830499923e-20
4.024200656905559252e-20
5.828223933712182855e-20
1.427891578392392221e-20
1.033738881526898464e-19
1.196227709459100794e-20
1.473061387532659012e-20
5.951847840451635505e-20
9.747413025739167340e-20
2.578825139708007921e-19
1.201667923398515371e-19
2.471518795444143010e-19
1.733906246574920102e-20
1.237673478645093876e-18
9.188247192456269426e-20
1.494358696198269628e-19
3.541935352686443051e-19
8.795272641652537943e-20
8.805552483314496913e-20
1.608844740876700348e-19
2.034222721302450974e-20
2.120869483668098066e-19
1.186491147847800019e-19
2.283067995973278317e-19
1.104926602026998063e-19
1.414967955910278155e-19
1.430159940778413685e-19
1.091837998654837708e-20
2.383695877461226349e-19
1.118894023347509951e-19
2.251074335319950181e-19
2.538048180140000329e-19
2.298003245601456398e-19
1.722643175972754943e-20
1.655770530545606082e-20
1.533557061996913238e-19
8.547143139207678696e-19
3.277879202689658507e-20
1.502705807055755096e-19
3.853268274178507239e-19
2.442872091704885075e-20
4.377900759457619010e-20
2.640303530017725582e-19
2.531793253974964083e-19
2.520743826797835325e-19
2.050151985906303429e-20
2.921307901883972718e-19
1.717014922531909308e-20
3.558339256049212172e-19
4.000643406466313771e-19
9.787232800672344569e-20
9.426044159741525396e-20
6.304986516823971048e-20
2.410159867984131333e-18
2.371107844406914208e-19
3.071150734874890022e-20
4.468210138701375800e-19
4.497472475719164180e-19
5.857858673993370765e-19
9.794146643824492936e-19
7.025734117434480435e-20
1.213098713174878750e-20
1.290049616130563049e-20
5.783358981754448029e-19
5.279641801822696449e-20
3.307168126151401471e-20
2.565676252373251276e-20
2.540503944136670315e-19
9.222832065904421098e-20
9.554172292153559191e-20
9.355794057237838375e-20
3.409013986840508886e-20
9.519748434089250993e-20
5.729047345007086013e-20
9.740350947518387117e-21
1.227189240799013480e-20
5.093185391498648614e-20
9.861222870883614848e-20
7.582095773463632383e-20
7.323228350530469641e-19
5.401737789812256149e-20
4.953749955859086333e-19
5.666088217733603527e-19
1.656522175906637785e-19
6.294322248425075758e-20
1.378342269305869438e-20
4.254283732980830854e-20
1.347971957054623706e-19
1.510876346738069095e-20
3.954102988268587739e-20
1.958235131086317034e-20
1.352270546145404366e-19
1.921410516866463429e-19
1.841249960982074140e-19
1.396015970971496328e-19
1.161794393491326023e-19
9.930303744724504819e-20
1.199591292359397346e-20
3.062389908017703428e-20
1.644856048815217662e-19
6.548842123409794321e-19
4.003436944731405838e-20
8.653972916179424354e-20
1.477332798846034142e-19
1.498818058094896381e-19
3.966945036753221823e-19
9.345502379515658969e-20
3.880159050164094304e-19
2.781954427552262780e-20
1.612678754057365733e-18
2.750967971423890432e-20
1.733570499251538865e-18
7.712079728538578521e-20
2.010446504985480919e-19
9.682425251841011016e-20
2.689098367658693562e-19
1.391817276738460543e-19
2.364193667813482715e-20
5.984944769589067413e-20
1.466753747306883002e-19
3.059579560158318633e-19
7.721829616758307115e-20
3.540722255660871617e-19
1.020308779744064602e-19
3.730513334942315407e-19
8.245944132434783066e-20
2.242110757014637013e-18
8.232844133111529569e-20
4.779356866130327727e-20
6.418956495640887521e-20
3.245495855586777517e-19
2.171898655552688891e-20
3.320090082824610833e-19
3.173613062458363114e-19
1.070511534786361180e-19
5.734381865855320217e-20
1.241502644335885078e-19
3.546208847950271516e-19
3.503761538788803160e-20
1.269423625302991762e-19
3.640233017357771286e-19
1.396065528527422090e-19
3.632860854655910742e-20
3.170024333491884952e-19
9.497494720723727189e-20
2.106348650919582408e-19
3.040062862411554434e-19
1.810434405057696440e-20
4.992904684217400659e-19
1.562085892770454920e-20
6.936509234412769195e-20
1.264675264755337199e-19
1.073931761608519413e-19
1.035863843146642204e-19
9.748322224457650211e-20
2.012009489818619277e-20
1.154077666973226606e-19
2.398854793114936160e-20
2.052630492966713287e-18
4.378508391229502915e-19
2.683610005606525305e-19
2.628730619212943383e-20
2.030625722379401706e-19
1.366232672046791228e-19
1.075532343011256780e-19
6.848696584181073723e-20
8.645403134046878401e-19
1.027430721749158523e-17
8.893047584412442015e-19
7.202909162066045372e-19
3.348106022648603905e-19
2.102155461195758528e-20
3.123848139026408341e-19
1.725279871782766991e-19
3.016678625684106046e-19
2.134004665421517146e-20
5.318192419220397502e-19
3.922019197164300529e-20
5.333903890872948588e-19
4.267102342430618789e-20
3.335941600684848115e-20
2.506528654685929537e-20
9.105886348122789024e-20
2.895180638104144927e-20
4.458941708431268690e-20
6.434031507301371382e-20
2.581068154656657104e-20
7.444773266578796133e-20
2.460023457887817763e-20
1.778145038426894323e-19
5.345575743775746123e-20
5.849564704040788288e-20
2.111786323465974454e-19
1.298772904411673493e-19
1.993848044605597568e-20
3.373139926377632552e-20
9.951918165551334981e-20
5.571421265245766496e-18
5.325541170369498126e-20
3.833762910548775373e-20
2.663256261478691627e-19
4.334430767642437090e-19
7.615870446629294413e-19
3.541299325986617930e-20
1.165495835000642624e-19
7.777509275473552991e-20
1.865764321179373873e-20
5.692715430538018798e-20
1.242478116629893222e-19
2.234617394241826375e-19
9.719461833635368875e-20
4.410370860710641944e-19
1.822541928355795359e-20
4.121905447935294041e-20
5.084285112443488006e-20
7.857379881198968738e-20
6.185709874578628427e-20
5.638045188494399141e-20
9.472726977966952491e-20
4.490555551929813568e-20
4.101401895358376161e-20
8.028204268091735338e-20
3.306178613720918214e-19
4.416521954034315547e-19
3.902369628303290841e-19
4.340560908160163423e-19
5.089047547619520519e-19
5.375243705312533607e-19
5.960551724029761456e-20
6.778537528529414323e-20
7.396114645446074145e-20
4.097162232579911447e-19
1.379382398852897151e-19
6.455941757483057796e-19
1.281001532530729677e-19
1.216502206013980569e-18
1.045160804297270232e-19
6.303646631276578027e-19
1.413702580095824001e-19
3.433253436499450858e-19
3.255360686872395916e-19
8.185313612554759216e-20
7.035705326619869161e-20
5.177669959617753630e-19
4.782494752398067659e-19
8.957428608069592715e-19
4.741713142897424222e-19
1.380107906542284444e-18
1.186296239964501466e-18
1.009457550418254700e-19
1.290205217036925261e-19
6.761591453913206772e-20
5.349995193414091653e-20
6.788436834706840625e-20
1.498384414592923684e-20
1.482928106443990048e-19
1.255283652681558318e-20
1.545784188532507589e-20
7.912716102689015313e-20
1.610197295195902299e-19
2.520524576387905712e-19
1.292669957992823730e-19
3.295184771660535928e-18
9.197580772143044474e-21
1.175932114456027895e-18
1.118373344484741860e-19
1.275946202872870528e-19
3.562779085184771289e-19
1.261707113587472328e-19
9.472394941289324001e-20
3.167053193416672268e-20
1.079062251760536018e-20
1.191171953967212063e-19
8.293150239863164739e-20
1.282269647776734314e-19
1.825253348017379061e-19
1.208159055201144647e-19
1.221130609792356774e-19
1.145740380573385222e-20
2.426021053032416856e-19
7.820670432255232513e-20
1.264300625369425545e-19
2.970889294312245836e-19
1.886691117780668207e-18
9.137835326384149777e-21
8.783106482781430065e-21
1.135179939769930505e-18
4.948990938269186286e-19
4.000220581753754118e-20
2.482353850818654613e-19
2.164161979159015735e-19
2.563472972629832532e-20
5.342652257742712558e-20
5.197506952582177517e-20
2.465381580861921092e-19
4.962150531750583905e-20
2.151364872315666180e-20
2.844678838615127803e-19
1.801781338637659695e-20
4.165181766070494715e-19
3.612478941914572916e-19
1.942734952571056449e-19
4.653164670111676418e-19
4.623242812809717367e-20
2.996106952358937472e-19
1.375015780420070229e-19
7.856879068251509485e-20
1.010786856916348958e-18
2.208196703080315366e-19
1.325149528232937836e-18
7.525170070020450695e-19
5.151743731167119281e-20
1.161711640368390175e-19
1.235402889670368718e-19
5.222225630345335400e-19
1.425902366490561703e-19
8.460678836268720992e-20
6.563731247141861738e-20
1.473249317464559499e-19
1.434287439510133927e-19
3.917243950759444368e-19
1.454965005006179631e-19
8.721229580962014926e-20
4.699421764969708017e-19
1.547275833023716657e-19
9.327747984655724429e-20
1.175205290787859695e-19
1.375545041749966139e-19
1.957421748979214570e-19
1.179128564342487170e-19
2.015649639348071513e-19
3.960919717559075366e-20
9.276511050806932810e-19
1.281767715221703376e-18
2.578965609544784706e-19
1.699942785206548832e-19
1.319955450676980073e-19
6.399558646811285703e-20
3.232880568705193368e-19
1.446875361502309077e-19
5.948008068382085840e-20
1.875283949817654827e-19
3.243190000642327947e-19
2.034085837784027216e-19
3.654823307538232922e-19
1.023653387226067961e-19
8.519062753487294422e-20
7.281570752659044573e-20
1.148776396251584012e-19
4.606637696454421840e-20
6.964607864530357818e-20
8.174905894372938695e-19
2.261050395732168532e-19
1.025366406130576412e-19
3.108634574495654028e-19
3.153844306382190952e-19
1.739744370982886731e-19
1.746010915690900655e-20
1.701683487797017471e-19
7.225102439689130992e-20
4.229856571623678116e-19
7.144626527663724411e-20
2.782244124464430607e-19
8.223606801435525054e-20
1.099742804492468199e-19
1.147222631647817398e-19
1.179331627942706192e-19
2.652277940588495042e-19
6.140122666296260378e-20
3.380161078226356192e-19
6.210491605743685650e-20
1.341809948976827495e-19
8.721669816301188362e-20
2.679810375134176481e-19
1.208913358942584169e-19
1.636054826878666964e-19
1.540581541872625316e-20
4.043638336483311582e-19
9.754689415793430564e-20
2.699272370888868881e-19
7.250097696882989917e-20
5.382640005360956080e-19
5.640707166004270179e-20
1.456059506556122527e-19
2.401962254407271358e-19
4.086953244208631588e-19
6.476882774780946066e-20
1.323849071759465922e-19
3.511898797979367572e-19
9.099730675410749044e-20
2.371651535045480490e-20
3.605013270837977154e-19
2.608255343416853164e-20
9.435018620028239267e-20
1.734048353029360929e-19
1.072725210828860639e-19
4.221668552084638680e-20
3.010649843270235029e-19
2.105814144749891468e-19
7.185500800034256852e-20
1.816946562173545708e-19
3.269070999808466028e-20
5.495653025780333123e-20
6.497028720546343527e-19
5.677521854961512285e-20
6.225501802370618547e-19
1.122271673664067803e-19
6.325446360459479149e-20
4.120108218478123808e-20
2.318219981527024606e-18
3.717966055498775188e-19
1.555065591011147741e-19
4.514927147516352766e-20
2.922218564256837658e-19
5.936971274208036380e-20
5.894943069559372028e-20
3.227686237157875267e-20
2.212200034921082954e-19
1.039955994387314517e-17
2.275567705954143757e-19
2.905515648172107065e-19
1.563991036488948256e-19
2.445130678185598852e-19
2.386079258684098506e-19
7.949467836314914714e-19
9.969752546911924299e-20
3.665219831358305673e-20
2.176874670485514020e-19
6.736190774716474534e-20
3.090825563002154642e-19
7.328881881719396288e-20
1.860743094101284325e-19
2.915479003554584278e-19
4.990894227297027024e-20
1.614892592071135886e-19
2.119460213914463362e-20
9.512452113199671623e-20
1.940458788122043048e-20
6.450552384253884154e-19
1.849456834075655753e-20
6.695969934507700249e-20
2.765163268358225226e-20
3.474275741367922832e-19
7.952364640930865413e-20
1.106616442619338956e-19
1.498984036262128256e-20
1.744860249022325094e-20
8.479508804189227255e-20
2.757202010567626561e-18
3.163038522351877172e-19
1.983131637819766879e-20
5.679210888262377613e-20
3.999778064724871935e-19
3.209560629814796849e-19
1.831845864289149210e-20
2.483344017466836352e-19
6.738852776844511141e-19
1.402690109931902441e-20
8.416446650224585310e-20
1.058650599182453497e-19
1.718657657569620782e-19
2.070944114317003362e-19
5.173109130826185384e-19
1.370195318251620141e-20
2.132182216957239404e-20
3.019747506367165439e-19
6.808056969873029751e-19
3.199748456248471540e-20
2.916452073234850636e-20
4.502653154023339442e-20
2.667109265165925491e-19
2.121576124522252200e-20
1.470464316311814677e-20
6.165035553480084007e-20
3.794529186672478570e-19
7.276753712417984176e-20
3.413363047046686046e-20
1.114182482483563525e-19
4.658270535038744739e-19
2.305660563693005056e-19
1.241572488644737765e-20
2.937064736933333749e-20
2.242002985161280981e-19
6.270225653090617278e-19
2.622681808027339162e-19
9.587345084531241658e-20
6.963520585502379764e-19
9.392454068376432680e-20
5.462839077742721915e-19
1.043760659427757667e-19
7.418687605082978848e-19
1.781361821532963087e-19
3.250462861196680187e-20
2.793942901762911086e-20
2.740365738879543410e-19
1.047066631983837852e-19
8.453861861392461598e-20
1.038138015285343876e-19
7.900034845733081369e-19
6.790615131364432749e-19
4.008648211787796713e-20
4.990771703230633622e-19
5.825904434982614653e-20
4.609648621465978700e-20
3.090231596338375953e-19
2.094524438728944256e-20
1.762395758099364492e-19
1.754704775671818114e-20
2.160782458993698481e-20
6.817733391557628188e-20
3.141904485556830556e-19
5.127091019472531104e-19
4.242557735031593201e-19
1.314077889270081645e-18
6.379417103920486489e-19
6.923359708369912109e-19
8.919958265289996613e-19
1.324914901245389542e-19
5.240250696533622413e-19
1.499484199731392635e-19
3.108850962224054643e-19
2.582907814870761775e-20
7.484346542435639509e-19
2.507043107904312466e-19
4.604108540131402970e-19
2.698775161912531866e-19
3.561533545313600011e-19
1.254526195310153813e-19
1.267995576645766617e-19
1.601579143628084592e-20
3.212343738838467490e-19
4.341801907027018135e-19
2.660956009411532708e-19
1.839474532004002851e-19
1.978729054973103202e-18
6.337977824614567588e-19
6.091938859782961351e-19
2.116737233894517139e-18
3.356574386447429559e-19
7.745890814890916400e-20
4.843703763443169336e-19
4.554881733211521706e-19
3.583364013201445029e-20
1.034532976485572203e-19
4.238855650917198533e-20
1.043230789123701352e-19
4.046909415246265381e-20
3.007296564087803155e-20
1.203731127322865519e-19
2.518629405290178380e-20
2.578940182834322651e-19
4.514749972084875541e-20
2.284226299368884207e-20
1.841634502447114415e-19
2.564363098664773683e-20
4.833251370518449589e-18
1.123415424533564177e-19
3.091295771587564315e-20
7.308794522286674264e-19
2.251942900237184632e-19
9.581887167297648760e-19
1.536598495094169107e-18
2.857505446475452105e-20
2.657967125918732138e-19
2.826570857951939410e-19
6.526555143412683896e-20
1.958095651877346657e-19
3.328861305375534709e-20
2.582505658273016374e-20
1.203674191228267459e-19
4.423674894353626429e-19
3.113390698899978541e-19
4.487449298870602659e-19
3.431375218133778115e-20
1.859942185048754782e-19
2.124769656112862602e-19
2.134165367767815308e-19
2.688840259988575068e-19
1.888943330560006026e-19
2.301494721170101042e-20
3.636705784078104663e-19
7.288345264384134253e-18
2.196993922175109920e-20
1.639422665026074760e-18
9.268202086081920137e-19
2.869008996393497369e-19
2.334416895839615599e-19
3.020024999029975472e-19
6.924106498454119982e-20
9.093246186291887369e-20
3.310414574958884472e-19
6.435544010470614979e-20
4.290602691041070410e-19
9.122243917773977633e-20
1.911232799295059084e-19
4.297263251261704177e-20
5.677873904335400225e-20
4.725248282379653627e-20
4.038851536566319551e-20
2.628371611478245192e-19
4.984226533487127075e-20
1.433404330353363246e-19
1.083469505425675471e-19
1.447186812658569879e-19
7.351314886370977056e-20
8.574939803476368431e-20
8.699647523270447347e-20
1.175056072725062458e-19
6.270284072078312272e-20
1.149349036296735247e-19
5.447068275206159234e-20
7.933258110679118720e-19
5.386396777331765174e-20
5.793214717550750391e-19
2.644990197642980285e-20
1.628149399909842745e-19
8.224957205142015186e-20
7.965427647211773782e-20
9.779427224656221857e-20
4.629092481475669668e-20
2.163474350816902800e-19
1.278197672353307514e-19
9.062836789621905270e-20
1.314209140495399019e-19
3.469316859015986561e-19
8.667245892582506679e-20
1.105022204238442850e-19
5.532544966890599410e-20
3.374485155605037463e-19
6.993577426127992790e-20
1.727671079909328111e-19
1.092467940590880929e-19
5.158104688717132109e-19
4.252578743366826730e-20
9.834499791835589959e-20
3.109611120718930504e-19
3.863680163484316347e-19
9.759574397812044835e-20
4.257946546460983745e-20
5.908355625978678042e-19
6.860366989770028321e-20
8.517088129905085196e-20
6.065009747074277397e-19
9.366781037143932923e-20
7.113143520127926846e-20
2.567227331578103483e-19
1.616416703457622191e-19
1.006391746316783423e-19
5.065063363890796664e-19
6.663586121658322042e-20
2.147966026779421849e-19
5.749500698188324901e-20
4.882807384960457577e-20
1.177882793145372822e-19
8.045267769552651128e-19
1.937534606294822803e-19
6.955034846475596139e-19
1.718525081162006783e-19
2.158648004664523152e-19
3.912858797122671060e-20
3.719271842888258771e-19
4.007677135558743421e-19
1.666486362015908702e-19
4.287817569523172682e-20
3.643634910520276609e-19
1.272470491583692377e-19
2.011732669849219219e-19
4.820993547112794929e-20
1.478895979335524747e-19
1.376174473608978362e-17
1.521258420539444957e-19
1.264706394829127050e-19
2.137670496438612381e-19
7.737310955679666540e-20
4.956442762101892537e-20
1.390261425726084858e-18
8.465510562104064614e-20
3.480852176697330450e-20
2.385883122414418834e-19
6.397347335134258688e-20
3.312283853418696247e-19
6.960224931798338909e-20
2.849340094606387622e-19
9.225669546625632674e-20
1.703213220270494550e-19
2.472871309133376519e-19
4.723577652676108829e-20
8.209000953512837360e-19
1.292855619853832391e-19
1.254426607421135337e-19
1.232224397780618931e-19
4.515955926172602250e-20
3.967088491698632689e-20
5.089482128052444978e-20
5.363304880181880963e-20
2.505039298179941096e-19
9.987173895242691066e-20
2.503293419498005427e-20
1.919500015152372208e-19
1.169028950634800553e-18
4.633549328906446320e-20
2.845133518133748862e-20
1.013818235995482396e-19
3.766576525463013754e-19
3.044201141274136800e-19
2.628088811226638495e-20
1.056589399390537490e-19
1.310491834374173317e-19
9.345603228677277207e-20
7.263176492737567691e-19
2.396459380014852632e-19
1.814867980432982827e-19
8.811254431633690153e-20
1.631327711600444546e-19
9.129102500617519827e-20
3.058971465405550642e-20
4.423641676418994043e-20
1.323949841674745794e-19
4.590573519606290551e-20
4.184137547577601858e-20
1.003492855231045814e-19
3.907060334042603374e-20
3.043755254586303975e-20
2.195800743590426489e-19
1.924437248973348577e-19
9.737451828469507594e-20
2.271463931441137534e-19
8.691877488963621921e-20
8.981606201825498814e-20
1.272411034529522065e-19
2.146417174575749776e-19
1.854003367198621760e-19
4.232955497281365971e-20
1.298861125934084773e-19
1.071285791083652398e-18
1.138776719950040797e-18
1.527018188235302933e-19
7.502582348316564930e-20
1.326620029138494696e-19
1.492179698472816704e-19
6.831908905571198008e-20
2.346990872065606661e-19
1.031997564912184994e-19
4.684631041322293198e-20
4.026685491943226972e-20
1.066988170452588797e-18
8.440574415232066764e-20
1.904953315090943580e-18
8.368599383876200042e-20
8.511594280065838777e-20
7.316291894771453080e-20
5.777342688902156037e-20
4.646077686753205914e-19
9.925278735876107377e-20
7.853209394883189842e-20
2.639233660930993021e-19
2.812548147364068055e-20
1.246480081040624606e-19
2.356234940367405815e-20
2.901520072779633293e-20
1.161500416171880255e-19
1.898039047560402897e-19
3.102002949408665748e-19
8.905050339153671526e-19
2.339186148764034057e-18
6.337870617750412661e-19
5.241316461055568781e-19
3.278877216442883681e-19
6.930416085488744170e-20
3.347830912205565680e-19
1.060532050313152816e-19
6.525420759023654169e-19
3.592758561714418584e-20
7.435604111105003674e-19
2.151641615402348085e-19
1.403302170228634052e-19
2.316193499296959058e-19
2.151538905551228991e-19
6.562224121316769382e-20
6.632680281921606057e-20
2.150616326062870132e-20
3.371166083588043232e-19
1.323352824053956825e-19
2.283735636038109993e-19
1.895050732024308501e-19
4.237341093825225278e-19
6.296701215208558521e-19
6.052264599664223720e-19
2.192833991899974259e-18
5.573546457613125818e-19
4.169339983648158168e-20
2.926103871105127654e-19
3.909176136427225941e-19
4.811776664098766081e-20
5.568526340407175736e-20
5.896139554042258097e-20
1.394930615792568782e-19
5.629147260463184696e-20
4.038227591668518135e-20
1.609539730030013518e-19
3.382040494139152353e-20
2.656857921268811048e-19
1.050261485525443548e-19
1.430396176142238997e-19
3.967322177221533052e-20
2.822148894822077635e-20
6.216661374475189481e-19
3.681014623247182447e-19
1.489836747589089627e-19
4.504449317912389102e-19
5.765658406149164861e-19
5.905368523282006223e-19
7.608018377470049609e-19
3.144759742455268527e-20
1.169938044799516654e-19
1.244151122409588519e-19
1.518265583402609425e-19
7.556962005695557571e-20
1.604330438374391335e-19
1.244627533190099155e-19
3.943992758846169231e-19
3.074385167110965070e-19
6.740279217683671381e-20
3.118707385169635485e-19
1.653736579245803252e-19
4.006761314087454083e-20
8.200214094089495758e-20
9.393800372087290097e-20
1.183527247524520184e-19
7.290079504680088597e-20
1.441209765198330162e-19
2.527453889974455950e-19
2.594371388379553530e-19
2.417849474056689552e-20
1.082194596348114161e-18
5.712042722999449647e-19
4.533462008281042945e-19
9.009314621785915929e-20
1.329302423704551474e-19
1.034122790690858995e-19
2.762646400271119259e-19
1.457121089849639503e-19
9.611554549612397436e-20
1.888563358974218417e-19
2.771456288055287768e-19
3.620475102879852500e-19
2.690971960256137063e-19
6.248649254234704571e-20
5.200259754486558174e-20
4.444862120425085667e-20
1.156911202608090927e-19
7.443996208602362169e-20
3.218001665048627850e-19
5.324967412924695552e-20
1.339034024649395606e-19
8.422520845195772828e-20
1.166576808238258860e-19
1.183542657218453319e-19
3.382414218136559869e-19
7.067799972756595166e-21
3.308416178775184183e-19
7.415161263254365798e-20
7.814539436196685849e-19
7.332568404473869564e-20
3.249765345087054671e-18
2.006402308530525781e-20
1.494154144573470780e-19
9.423467037112510367e-20
2.292858728433722636e-19
7.480278930859326006e-20
6.301640720918160750e-20
2.001791159137356526e-19
2.869561749461320302e-19
2.608749380170272567e-19
7.693083750666502967e-20
5.159571800128117492e-19
9.930204368752073545e-20
3.180820815048228632e-19
6.236228010847257733e-21
1.052270584476160823e-17
8.012655227605275743e-20
1.598556827056401210e-19
6.395060803424085021e-20
2.463743412729880255e-19
5.789087922816464153e-20
2.830873580953682752e-19
4.624617035521260837e-19
2.939045973864127534e-19
5.713034622855092397e-20
3.229937785036763211e-20
5.291290523966963305e-20
9.339102244376796781e-20
9.600374490299124099e-21
5.431583783033611832e-20
1.055813963101669298e-20
9.683210054572892687e-20
2.355946793182572991e-19
9.462138629615834715e-20
7.997911860519287506e-19
4.536071197679144364e-20
1.437970336842402855e-19
6.369961706297899712e-19
1.240715030121355606e-19
6.758238204998676664e-20
1.032281163266444061e-19
1.298206360916519148e-18
1.463639509644471998e-19
7.038750762308538951e-19
1.361497575510249453e-19
1.630671522860754222e-19
6.170943890329508287e-20
1.831633458161119324e-19
3.313669989992651868e-19
1.448608394916394187e-19
6.762288905736606684e-20
1.335563864648174705e-19
1.115176592202843720e-19
1.519689717472755138e-19
6.672682374591315231e-20
3.238839881473052700e-19
1.042369237405422349e-17
3.331615280125119456e-19
5.786814867381367571e-19
4.853718114018502725e-19
1.669675072560517184e-19
5.480605865885253389e-20
2.043623478292818307e-18
2.808517765571133029e-19
5.489629088769250449e-20
6.055964154578861341e-19
1.008921443347086972e-19
2.879232801283825739e-19
1.097692499146259565e-19
2.257383190466837153e-19
1.990855809972855284e-19
1.286630006213857394e-19
1.959126653919684014e-19
4.010092587780085294e-20
7.662887254736851793e-20
9.757174749136119620e-20
3.311786491263168901e-20
9.299591226322555473e-20
9.757575004412577165e-20
3.617128536163541152e-20
1.281494507236776201e-18
1.158843232649991932e-19
1.152424312249565602e-19
7.537315029570784352e-20
2.282463343332217354e-20
8.830514101843439820e-20
7.732345978286772242e-18
1.166693951291360245e-18
2.594147738113707020e-20
2.332969599631993133e-19
6.826904244498112437e-19
3.213797491516128816e-19
2.396249807523234937e-20
2.768652499716400681e-19
3.459803170879345175e-20
7.053121975724115416e-20
6.779984908064343189e-20
1.102472945176628277e-19
2.393343925111783072e-19
2.308872455265169224e-19
5.289800620773982426e-19
6.889728987013348570e-20
2.789121795992874519e-20
1.113840734221006129e-18
3.495333385651359340e-20
4.185612322455511968e-20
3.815030432078046369e-20
8.519176684588782074e-20
9.837693171022547473e-19
2.775247895654732637e-20
1.527176354425976590e-19
2.017359031945383120e-19
2.839414853859045281e-19
2.381141957356921694e-19
8.106657173399622921e-20
1.892309755034281201e-19
2.371067240464884497e-19
1.591288377280483394e-19
1.289456755890413190e-19
3.049935268297318547e-20
1.890998603231610376e-19
1.318650838688029247e-19
4.122680909049045236e-19
1.903379986775691070e-19
7.900202901940807757e-19
1.813159852008399606e-19
2.780593930674207330e-19
5.781022769080417109e-19
3.313189284596140830e-19
1.502474679411104952e-19
3.375377190019014659e-20
2.901313303224321224e-20
4.318338455974467376e-19
1.778321265164179612e-19
1.790250218104752712e-19
1.763157044990961666e-19
8.962690272451193432e-19
7.704039459359057287e-19
4.162699379957912474e-20
3.444460615785872753e-19
8.251253106463664923e-20
6.528664850591677863e-20
5.443375409328551374e-20
4.043816472005691893e-20
7.616223108181129145e-20
3.387739929964632106e-20
4.171738242119737206e-20
9.655984655075935544e-20
1.284514491345884140e-19
1.760122927206210862e-19
8.304940903709132052e-20
3.532544377282346184e-19
1.331199730036646423e-20
7.375953639504122745e-19
6.193297418334597257e-20
1.353686991225342763e-19
1.757195020556085096e-19
6.480046357273836350e-20
6.085674051414598622e-20
6.186655435162913454e-20
1.561766527331829377e-20
2.191626507301189941e-19
9.426160598035214964e-20
2.359236330418669550e-19
1.456072732764507236e-19
1.281769711508629163e-19
1.295531596348725928e-19
3.092106256900247063e-20
1.005747348909826581e-19
8.889130589289744461e-20
2.326175288570784888e-19
2.153210717430576302e-19
3.276436668129478248e-19
1.322552551693204377e-20
1.271211340070429108e-20
1.796388973842242091e-19
3.396796027696188328e-19
2.441289519620576984e-20
1.980266333534537935e-19
3.981822056690938731e-19
6.918260849021074106e-20
3.260560435916350046e-20
1.015302954315076004e-19
1.867142237849223767e-19
9.693274372898224043e-20
5.806069939887715610e-20
2.154400784821824692e-19
4.862619355337261072e-20
3.018797784191968197e-19
3.022081230227611624e-19
1.468371120982442113e-19
9.302584015705426477e-20
9.408203726957968230e-21
1.018655795369946842e-17
1.992169455083834352e-19
2.429010861077795777e-20
1.633706268794593976e-19
2.879735815546849213e-19
2.141801781998797599e-19
2.039861978218959039e-19
1.048369219059966277e-20
3.409395861089282935e-21
3.625665227460588364e-21
4.368742437323657900e-19
3.495215185815595557e-20
2.615679916524600217e-20
2.029224880516253633e-20
2.134493532197404724e-19
7.004097365991535863e-20
1.995675701394741257e-19
7.105072720049906295e-20
2.696231059443291852e-20
9.395060973162683589e-20
3.792729513129531103e-20
2.737511122991228880e-21
3.448997079061537857e-21
3.371777782044704903e-20
1.479471795151571649e-19
5.758072645813097386e-20
7.803096201409627408e-19
8.060389894657718242e-21
2.592297636261976530e-19
2.071684982019427881e-19
5.176996391658056523e-19
4.166951382860288402e-20
3.873810413859027034e-21
5.714880124257040402e-20
3.699722906344657032e-19
4.246295464039283411e-21
5.311640218478869820e-20
5.503590662867002986e-21
3.711521066121557064e-19
4.101041947747752303e-19
2.762413364715728954e-19
2.083113520693596837e-20
1.733611691894641044e-20
1.481784623196993176e-20
3.371433456115776335e-21
4.113780912725624067e-20
1.099567643855566240e-19
9.108538943445267420e-20
1.613830933188951565e-19
4.290709800925096654e-20
6.043646619968724506e-20
6.131541043310556598e-20
5.669492082932468235e-20
1.347666994981636227e-20
5.545458989628193331e-20
5.842942051836050022e-20
2.365294205656670355e-19
5.777861162747175109e-20
1.581328983504184801e-18
3.031564729602824175e-20
1.844535811256277132e-19
4.800624791317234784e-20
3.843214807469418438e-20
1.591060147460568851e-19
4.965518652477124808e-20
2.412599258070311156e-19
9.805082719575177574e-20
4.372700385991899049e-20
5.807922969534107256e-20
2.981713939605191870e-19
5.058773494695109537e-20
5.331587814244032753e-20
1.189105336284845661e-20
6.589742358557955109e-18
4.081910742450718446e-20
1.926613072165573897e-19
4.827975586325296834e-20
8.899848197088265421e-19
4.561641219270744144e-20
4.745017706270626271e-20
2.672563851094530199e-19
4.657126708436204163e-19
4.313077315575709007e-20
4.880260267991965556e-20
2.458316198926247829e-19
7.358954349445576884e-20
1.830570741943821585e-20
2.523495986314892943e-19
2.013194539174147661e-20
7.630101789558992845e-20
2.908420289313680931e-19
7.143477709195715637e-20
1.113265720805110597e-19
2.107443780345907389e-19
6.078812291164590274e-20
5.420305482655472021e-19
5.244943919702627889e-20
8.390476022880003658e-20
2.065201237041129673e-19
9.513410827064806287e-19
1.949675833724287707e-19
5.846344070375576871e-19
1.025938621775165013e-19
2.172174801181933096e-19
5.329888574798731843e-20
3.767726400098900282e-19
9.688748434901868558e-20
7.866290117097948141e-20
5.840637513275016833e-20
2.963726960893545359e-19
2.231043401440225656e-19
2.024338846684736329e-19
8.284256898623646025e-20
1.842195795773203708e-19
4.874653063062283575e-19
1.894964829008125387e-19
4.195459334405085633e-19
3.954216182424216843e-19
7.058310657241583547e-20
6.210195168501843687e-20
8.789281500652233975e-19
2.231938639530993097e-19
4.741432085610982558e-20
4.184077969926492789e-19
8.714126994724446353e-20
1.563492287428736683e-19
9.480848981645003005e-20
1.701021464087444752e-19
8.416055920996212332e-20
1.713886113028624548e-19
1.476274167034090501e-19
3.818137436812740106e-20
3.619135705274742351e-19
2.456494692725656417e-19
6.736929877517256116e-19
2.341292134180748007e-19
5.231992908539183843e-20
7.972507501042531921e-20
4.632789155618816963e-19
6.213695075458419687e-20
3.791682283839920533e-19
1.897616353461461909e-19
5.030773980973867203e-20
2.905397215353748616e-19
8.129118884648150760e-19
4.217768437512320951e-19
5.717757081107205021e-20
3.088959025619302692e-19
1.592391275984248896e-19
3.361717850608752774e-19
5.281570553506611812e-20
1.516531879311627631e-19
7.038029599346497403e-19
1.775714501992184645e-19
3.202146220646987655e-19
3.627333344329688634e-19
2.809660781427817833e-19
1.264686949349117989e-19
1.749284053518514091e-19
1.734578207940252922e-19
6.147499105314550927e-20
4.026696365411852003e-19
7.110306168528598758e-19
9.225501749137712106e-20
8.408702768607542400e-20
8.111380652250054194e-20
3.556469261603915305e-19
6.116919662696383598e-20
7.192940338258975471e-20
1.067798436863599083e-19
4.922766986834625473e-19
1.260350596871281282e-19
3.111918221470548604e-19
8.343736442019500520e-20
3.590371541619814220e-19
2.257039692224433928e-19
6.073290414040609153e-20
4.057356165412271763e-20
9.319446344668731595e-20
6.585712748574997572e-19
4.358832882361120722e-19
6.609592272222729188e-20
1.080399372527800791e-18
3.836898989378309235e-20
4.210494391350966122e-19
4.543607187245628993e-20
2.574620300767255251e-19
7.404676098155850981e-20
4.490294464564525065e-20
3.859643036031155601e-20
3.726437364130632656e-19
7.841128497220827930e-20
2.678660835384393805e-19
7.774265101237448976e-20
1.225700791069349015e-18
1.053572864030638235e-18
5.537676215488540353e-20
4.885528254419113860e-19
8.441878560066681353e-20
6.679494025567671193e-20
1.057300476123450585e-19
1.994786103483001593e-20
9.943704385141261633e-20
1.671148179273269721e-20
2.057889009147184153e-20
9.879063068876560780e-20
3.533467294563118673e-20
4.204487114172841392e-19
4.508162247869914697e-19
5.942983985739082133e-19
2.230877007469388866e-19
1.285648189378148384e-18
1.426643133070689953e-19
1.256765012916850516e-19
3.440341556826186243e-19
8.460317464902991102e-20
3.303479980113498864e-19
9.558965365437295019e-20
2.617269939473267926e-19
6.282405618464118573e-20
1.175017587558418618e-19
6.762867453979952919e-20
4.005393021559261577e-20
1.189996903628668505e-19
1.202773457950999731e-19
1.525314176461131404e-20
1.677015257161795141e-19
1.108074138127469683e-19
6.668096344776105123e-20
3.667947031879938997e-19
5.516854903210571320e-19
2.216385724973869681e-19
2.130346097740986393e-19
2.035624344888206767e-19
2.428554745527711182e-19
6.382153627138630882e-20
5.447354912078262589e-20
1.141408957107570573e-19
3.412729211979414767e-20
8.523936815090379957e-20
1.568738695315498601e-19
3.267398178511921897e-19
1.497702191099561018e-19
2.864093292095823872e-20
3.770085137284479548e-19
2.398695782487616661e-20
5.142455535232151340e-19
1.782233154782420323e-19
1.020778939183314212e-19
5.107486278481915956e-19
7.052116639700861636e-20
1.545005812819438993e-18
4.097804298944863708e-19
9.202728068551053851e-20
9.561563395492513984e-19
8.318453221825752435e-19
1.253528489810468061e-18
8.209499404869258903e-19
7.858271598752351803e-20
6.776762495690907526e-20
7.206635174225749633e-20
2.576409111252359317e-19
2.245951873917414389e-19
9.909956094418310353e-20
7.688069684893475985e-20
4.390558619392365633e-19
4.114819100609305158e-19
3.461666751207243856e-19
4.174140850987326031e-19
1.021513804142820149e-19
5.158259782971752066e-19
2.437128332425406258e-19
5.441275658701871056e-20
6.855476748793876767e-20
2.166633590615095422e-19
1.028495880929628463e-19
3.382795250781521309e-19
5.329818075822031907e-18
6.041834482784130809e-20
1.358278945353980740e-18
1.212491355969636689e-18
5.406646040755977385e-19
2.677595446723132635e-19
7.699866544587599759e-20
1.132064291137601784e-19
1.648090554705489816e-19
8.440244846525581226e-20
1.052186238025807755e-19
1.093933597485987884e-19
1.653346201191296760e-19
5.133648484981363320e-19
1.920368320873598290e-19
1.561441476822608600e-19
1.299465042849700003e-19
1.110702776105725640e-19
6.701305666166902852e-20
8.149015152729188688e-20
1.369682737651301934e-19
4.165925258180928833e-19
5.874117548208843357e-20
4.948832085032673077e-20
1.023851415524378369e-19
1.038741569667059363e-19
2.897405954709072461e-19
1.879746823398051650e-20
2.834018579285680176e-19
4.445575546886489093e-20
9.695683509384287708e-19
4.396059052193177042e-20
2.742202542583165093e-19
6.786394455845247581e-20
1.317921118347127375e-19
5.536959407124636638e-20
1.964083079313274090e-19
1.189422213944042929e-19
3.777991994995783184e-20
8.781521872692446937e-20
1.221375748667376802e-19
2.234677807324593760e-19
9.489519701674655566e-20
2.534971758372768691e-19
5.834703753691865036e-20
2.724719261457178294e-19
1.658582562970299328e-20
8.390597470159352867e-19
4.708006783894918152e-20
7.012600529011722578e-20
7.888391372606895177e-20
6.895801113704896540e-19
3.470703710245926296e-20
2.424951363586291412e-19
2.272140796266209713e-19
1.490882061780599580e-18
7.047103134063247360e-20
1.092484382813143976e-19
3.809675033196912224e-19
5.599026520598098606e-20
2.553308458237650090e-20
3.910684744149529856e-19
2.808034962632960184e-20
5.805327801472808780e-20
2.078066740111250539e-19
1.167167209611323128e-19
1.201699633734968517e-19
3.265924846184073507e-19
1.103510069355660592e-19
2.625310674103620140e-19
9.521347512260123897e-20
3.192031287666154801e-20
3.514821570139573805e-20
4.445718127189583180e-19
1.051207796207710834e-19
6.170421622483533478e-19
1.363875068878445650e-19
1.171172687393164547e-19
7.403743124279151601e-20
2.043072637292069445e-19
1.400282823222805765e-19
1.698674368776364995e-19
8.113223986478840383e-20
6.729644360106918846e-19
3.797072813366451914e-20
1.091463894147052918e-19
3.151621808269385733e-20
8.140849086415088883e-20
1.936684172498712331e-19
8.374040768312928649e-20
7.261218991047807203e-19
3.230583054625806976e-19
1.281322157985938101e-19
1.277416475020902710e-19
1.010508067808892287e-18
1.490846061489831007e-19
6.586318777668861426e-20
5.161255064494697116e-19
1.210478547831991587e-19
3.376260263605120270e-19
1.316983825742224283e-19
2.261325109763147493e-19
1.527798854157477799e-19
9.240769222575239517e-20
1.962547747508764500e-19
3.436022180683323067e-20
3.378435856668059591e-19
2.914882738901980973e-19
1.504537863062854337e-19
2.778183095147691943e-19
3.650712224501001145e-20
5.188674522003521155e-20
3.745586939826935377e-20
4.335711643315563415e-20
3.221872328778713804e-19
2.251716305409774860e-19
3.274132859407671705e-20
2.468777231719697300e-19
5.420486379202588752e-18
3.410044757940254593e-20
3.721235820206718816e-20
1.333615986099851684e-19
5.217487124290830317e-19
9.068744403527403717e-20
3.437356510929619650e-20
1.577051805654372578e-19
1.571781539379216010e-19
2.107067263936078038e-19
2.989179321007712559e-19
3.082221571981664082e-19
2.519594767662404156e-19
1.315156551779100039e-19
1.874346634478977653e-19
2.058254834652411297e-19
4.000920911973310696e-20
3.255563940060332681e-20
1.587922843641508043e-19
6.004149368588153349e-20
5.472559519432030897e-20
7.299602043755395996e-20
2.875387670514489410e-20
3.981019171549800275e-20
2.893599051870152174e-20
2.188055610548417031e-19
3.135883445872385999e-19
2.582619621398212566e-19
3.069702107196197121e-19
5.901633597192423527e-19
3.851107906205010764e-19
1.016486549115996592e-19
2.443182698225264146e-20
2.808673495298507004e-20
3.934564327718291313e-19
3.534404852756153341e-19
5.458393968847599372e-19
1.625153448869048761e-19
5.187097590395319207e-19
5.765920332630477896e-20
4.516264696173516022e-19
3.050565680482758848e-19
1.899151950718125440e-19
3.126170091722074236e-19
3.108371691945413864e-20
2.671808107216770293e-20
5.868869437611192429e-19
5.546132443260694078e-19
2.956668844452601176e-19
5.498839091307405931e-19
5.884703176961248419e-19
5.058301035044727378e-19
3.833413626483413929e-20
2.200259823986006629e-19
1.933203966302560278e-19
1.529615031920060939e-19
1.818116576819346993e-19
5.282265643136310450e-20
5.573200161146651994e-20
4.425260731740673435e-20
5.449364416277953710e-20
2.262321564118118634e-19
8.322997924238125920e-20
3.600656037560793326e-19
9.278840922117662078e-19
2.248924327327538008e-18
6.984670693783389828e-19
1.610239640865021946e-19
1.808755412428027268e-19
4.887681820131708675e-20
2.193927912231435389e-19
4.741798512152699494e-20
6.799326097758950120e-19
6.621432511421573934e-20
8.194431419908743337e-19
1.405984103558242888e-20
6.075419694221198108e-20
1.513510064810456182e-20
9.434607716757495653e-20
4.628014125233820593e-20
4.677703392235514539e-20
4.039087025541857687e-20
3.386605812630084534e-19
5.729289087004509904e-20
1.492300566234693845e-20
1.771827258834944310e-19
7.866170751501919818e-20
6.939299821331479182e-19
6.669917663182263442e-19
1.723260632217237646e-18
1.033630280345233675e-18
4.895551096625842159e-20
1.283111455299924233e-19
2.554440045443239903e-20
9.037030203033099637e-20
6.538446214337639633e-20
1.086654988482840832e-19
2.994057114721739882e-19
1.037448468683752624e-19
7.584222473356472000e-20
3.454690739141595406e-19
6.351833060219772913e-20
2.484098820260642890e-19
2.438174688619419324e-19
1.508565835731673234e-19
9.803303217428515638e-20
4.068757968354739691e-20
4.603109943781244725e-18
2.360943810632815906e-19
2.428297672232566703e-20
2.101424747237138080e-19
2.785835132896098735e-19
2.754984389996711304e-19
8.381573601217405175e-19
4.533873561438382642e-20
3.646213539147328233e-20
3.877505041775595725e-20
3.524642926615752462e-19
1.026728062638512129e-19
2.614911919242665761e-20
2.028629073979392406e-20
2.529613773977459989e-19
1.084783111032173677e-19
3.339342121120364700e-19
1.100422008236095282e-19
2.695439411309252196e-20
9.900757822842166389e-20
1.114123628476461361e-19
2.927659481884923137e-20
3.688565469817823401e-20
9.904680214983990977e-20
1.519970376154629880e-19
8.918008462593812887e-20
1.582227019713835144e-18
3.485870051682966898e-20
4.552949907130543266e-19
2.664793649171284484e-19
3.755604723259279955e-19
1.224052223678519365e-19
4.142886468627893931e-20
5.634229026580724856e-20
6.292552692012909938e-19
4.541244444185372693e-20
5.236679833524685039e-20
5.885871751618624792e-20
6.312619206166636677e-19
1.863651831832607058e-19
2.838030772077940624e-19
9.008823556853511044e-20
7.497335931638008890e-20
6.408261521530363054e-20
3.605614253927208432e-20
4.055725286186261558e-20
9.703334010334295371e-20
7.898358451362202465e-19
1.038528156038099247e-19
1.426729888358974763e-20
1.016812986187038460e-19
1.031600778506347735e-19
1.134535469594316979e-19
8.189686212432568950e-20
1.109714913943340314e-19
3.043478174849133893e-20
9.212482208520597646e-19
3.009578768730676526e-20
1.411997910017702903e-18
8.835598462249963160e-20
2.210780161258110637e-19
1.596284808423215248e-20
7.690748046849598427e-20
2.203604379996570103e-19
2.586444895662046259e-20
1.552549407261420767e-19
8.652672999124027342e-20
8.750314160859802477e-20
2.113712576323037680e-20
4.199411623599989406e-19
1.682123396404845239e-20
1.066916647211911323e-19
7.226117144639841229e-20
3.554599991059161860e-19
1.357300849526654920e-20
1.239808879658368805e-19
1.757074391056468849e-20
5.502120371187201294e-19
2.376072767653092026e-20
9.495367156122171502e-20
3.764008194087750178e-19
5.835820037285104743e-19
1.569684345403321604e-20
1.422368445515550935e-19
7.188124595406753007e-20
3.833140351821715051e-20
1.112426142511867532e-19
7.378710506631789832e-20
1.223405457120643113e-19
3.974375932943397604e-20
3.485905688020247884e-19
2.599769100212695691e-20
8.053447710957198927e-20
6.162172497402049522e-20
1.453076824929476012e-19
4.567974341733751486e-19
1.253749267575195284e-19
5.570641464180235154e-20
7.611942440614510195e-20
3.570613304035045381e-19
8.400219750640613149e-20
2.896213136143520975e-19
7.561435974636422912e-20
9.358861278942555246e-20
5.112425757255265056e-20
3.333102023630505787e-18
9.621682859122858904e-20
2.866087554302719471e-19
5.602335816708135531e-20
3.996368895382542090e-19
8.223205395037937912e-20
8.721906928203141260e-20
5.500119999574812227e-20
2.376277589384240498e-19
2.762717520284631295e-19
2.444345202705972990e-19
8.491614595920845345e-19
2.798209855447742499e-19
1.687215717138978135e-19
2.451192687540578102e-19
5.477126275378462104e-19
1.945871950238453878e-19
4.547978664201345050e-20
4.477407116320887362e-19
8.358585113855918953e-20
5.696593590551433059e-19
9.094024359831873035e-20
1.253697308901807746e-19
2.011770594378266527e-19
7.384314729649384911e-20
1.088052672753786792e-19
2.711622649709625730e-20
1.176592058346097035e-19
1.199047715008901732e-19
5.498030556413226722e-20
1.142815814734297021e-19
4.449129565240794363e-20
5.497950443477091098e-20
5.334525472541712366e-19
5.283939591067227819e-20
1.618134202181278600e-19
9.262517681472575703e-20
3.469290688796761515e-20
1.239904151548532282e-19
7.315932451279037058e-19
4.856640872573136357e-19
3.943043650401945718e-20
2.603500179156403537e-19
1.695090825170075165e-19
4.221692272333367102e-19
3.642243442619633744e-20
2.122616727913542897e-19
5.743759026390246596e-20
8.667498539390047392e-20
1.041027504822508307e-19
1.547996827737438376e-19
3.769190381667940421e-19
1.770121492916383320e-19
6.830032860237691695e-19
8.466706819656355060e-20
4.239399640316493282e-20
4.636626794342357281e-19
5.802744171419313203e-20
6.362032450435234586e-20
5.798756678458828156e-20
5.760663114164607768e-20
4.095173605154828382e-19
4.218311637566779534e-20
2.012871355741889775e-19
1.472207064643238323e-19
1.369182543484956325e-19
1.737684743284792450e-19
3.035030284850917599e-19
3.195156879612633143e-19
2.829375086775551236e-19
8.878329885720706588e-20
1.699548687273415648e-19
3.876174995068779544e-20
5.512214505136716971e-19
3.496847069362145198e-19
5.667289715102271004e-19
8.029599712248163215e-20
4.370630104688662095e-19
1.056584068693983468e-19
3.318059926611929067e-19
7.256316348981183682e-19
4.012154094219317196e-19
4.379676805311802117e-19
4.289780441858876768e-20
3.687290742107061752e-20
5.522973687696798687e-19
3.002687804908443296e-19
3.441917173517950483e-19
2.977083084390824369e-19
4.958430107428113191e-19
4.262106582162805269e-19
5.290391378564910103e-20
1.921779739105659461e-19
2.296089221491414108e-19
1.816741869478056719e-19
1.748681514918716742e-19
1.338989490922171478e-20
3.258808666495777010e-20
1.121749267208980650e-20
1.381346978466055878e-20
2.686986086033218500e-19
1.298368684890240978e-19
2.741341996367325106e-19
3.740371191405417549e-19
3.206793945676210796e-18
3.138065217368596574e-19
4.606542041167518709e-19
9.064442642355163977e-20
1.067491542007694522e-19
1.460264839818467582e-19
2.772664472722040469e-20
2.740859949048934920e-19
1.757537989811163475e-19
3.681585194533931542e-19
6.468727586692951227e-20
3.773042933560987114e-20
6.963438835616441804e-20
1.471777276068837366e-19
1.010778957548044865e-19
1.021631315415199937e-19
1.023858973686429197e-20
1.779228058075147940e-19
3.558084015925994531e-20
6.865857029257648036e-20
1.324397913738878796e-19
1.782128121700288316e-18
3.117681041368751810e-19
2.996653319701056374e-19
1.142186381318224538e-18
1.246517081915059338e-18
2.884733048895650472e-20
2.001624592424569365e-19
1.175260570065710152e-19
2.290776210153438569e-20
3.852818918778341014e-20
2.884326648020716349e-19
2.874806023738297267e-19
2.753716953299658795e-19
1.922507286591208091e-20
3.317092949965380628e-19
1.610111700228015563e-20
1.856803635156659241e-19
1.098726962993678753e-19
1.560312160367321047e-19
5.317883516267569446e-20
2.553788249598383960e-20
2.569225723981374699e-18
4.691071932195458146e-20
1.286135001736537322e-20
4.113595536146932242e-20
6.342898775380852606e-20
5.392956137851186264e-20
1.956728610788734535e-19
2.845721745166368267e-20
2.931511017579553695e-19
3.117466552258921856e-19
1.588327627414809446e-19
1.558200921349691558e-19
1.384974249348934400e-20
1.074452645332584997e-20
5.026210332053611412e-20
1.665724038881391181e-19
1.940536972713546834e-19
1.689738136030607778e-19
1.427625209045239762e-20
5.370748579014228023e-20
1.690835701839496376e-19
2.353802358178358023e-19
2.965561451006817280e-19
1.503171326300609976e-19
1.572107895550933080e-19
1.369392731507015355e-19
9.905146827897202986e-19
2.187934019878425942e-20
1.032721282219983410e-18
5.216405333760295241e-20
1.162089103467716520e-19
1.857667450731557464e-19
3.330829968396207039e-19
3.076064296400810839e-20
5.806687652328830505e-19
3.651104900664830348e-19
2.859018295421157722e-20
4.732168783500575497e-19
5.825204776565179691e-19
7.317245079282663612e-20
2.935379961738363053e-19
5.654459646195291028e-20
4.705762435225547270e-20
4.022196233180004859e-20
2.898869689623607880e-19
2.214264221420666412e-20
4.837634095497840467e-20
4.758453993526067686e-20
1.876576921859178167e-19
2.784750156671639917e-19
2.491370291455847041e-19
2.527602978253738857e-19
1.568518891722939544e-20
1.728524014042812922e-20
1.534203957121959474e-20
9.275158936920979103e-20
2.574436062030697835e-19
9.171848723555809817e-20
2.101207589703640579e-18
1.905012342779697154e-20
2.257803497241861534e-19
3.115694432855891622e-19
1.063261918755017526e-20
1.818031580680514508e-19
7.882326111979565040e-20
2.805391814149367141e-19
4.313823050219207439e-20
1.209749138537464748e-20
1.112000456708552359e-19
3.984746632862683755e-19
3.283237724182921468e-19
1.475034462910151420e-20
1.525152086271008398e-20
2.054012975507179122e-18
2.649235699209602194e-19
2.240282767064064383e-19
9.243771112553440712e-20
4.275302995445806584e-19
7.241206047670905422e-20
1.312754265280805600e-20
3.571600100635336611e-19
2.448919015405519588e-19
8.257933119805514491e-20
3.066718634017118686e-20
6.338516697173895464e-20
1.168169572710469463e-19
2.347898626765128506e-20
6.506576107457070173e-20
2.582132766373636756e-20
1.211211854836150565e-19
3.560050968156173725e-19
1.367709337190157533e-19
1.529437067920874123e-19
5.433828079525473198e-20
1.258805783517635768e-19
2.087210529086649131e-19
1.086127589421331331e-19
4.440780383058797817e-20
1.298227989175000971e-19
7.456888265807366928e-19
1.004097003351920529e-19
7.907317507585351764e-19
1.694367191249757192e-19
1.118685563464682840e-19
6.178088589912943115e-20
1.263521868829986414e-18
1.021239646057417495e-19
6.642723284132724766e-20
6.770118262733930092e-20
2.173248404798351325e-19
1.402479785923266410e-19
1.042548989204154965e-19
4.384562380407022493e-20
1.925784883782489818e-18
6.098836323018361951e-19
1.980948296254076411e-18
5.744174386270357741e-19
6.179358365593151997e-19
1.461641164691672936e-19
2.007219925953876543e-19
7.334540816469163044e-19
1.341543491467559062e-19
5.495984964201045859e-20
1.849644679649746718e-19
1.010089569446450805e-19
1.320297938120848374e-19
1.098963404097041231e-19
2.809285954528370931e-19
1.742804245355012527e-19
8.826636102326930918e-20
2.438109318454051260e-19
6.220990006870043238e-20
1.615972834795321921e-19
7.538131370772806087e-20
5.816836448012889724e-20
7.184614620611587362e-20
3.181995909312994768e-19
5.047419300416282064e-20
7.971996897499700566e-20
3.779047995183057429e-19
2.605560007774616056e-19
5.823127322879536354e-20
3.184998657483710309e-20
1.996524556735536182e-19
6.737420014882494924e-19
7.257838802665974185e-20
3.619929795299463915e-20
2.146153261985864328e-19
1.347624905643218612e-19
4.773224755327401876e-19
3.343778747752024426e-20
9.639769581871744918e-21
6.076813599069163563e-20
5.449052763126981834e-20
1.429783718269057540e-19
2.492623059989445103e-19
2.390594362387601970e-19
8.038928130189149161e-21
1.778073634951649676e-19
5.322819724810849706e-20
3.892000807700542290e-20
6.929046380905020821e-20
6.139219025517018801e-20
5.840693856798845621e-20
5.323575881262396065e-20
1.321608213812531819e-19
6.119890408820559394e-20
3.872640867450083695e-20
1.065727795210011581e-19
3.054480038526263069e-19
1.496709042012505278e-19
3.605283175910636647e-19
1.454233368144913579e-19
3.318753184932565754e-19
4.628715896395720842e-19
5.158471791789040683e-20
8.998370761117877268e-20
2.948697977570177908e-20
1.888102530191867374e-19
2.910853469420993310e-19
6.065015094824231130e-19
1.887897401781692209e-19
6.074465394237562693e-19
2.265010431547455995e-19
5.428179812315114642e-19
7.300764147726177808e-20
4.220938961106593614e-19
1.500173632543856123e-19
3.263337421355198782e-20
2.805009259849336011e-20
7.332660544999737677e-19
3.118838946370005731e-19
6.983290780343360359e-19
3.092243774061141150e-19
6.891411850434576509e-19
5.923635338558059994e-19
4.024525822073281417e-20
1.116589122257378603e-19
1.838502977230212963e-19
1.454684471592378001e-19
1.164462454068014702e-19
5.548289314751806480e-20
4.980095465051273481e-20
4.648124212535731860e-20
5.723803459659512070e-20
2.151498240011540053e-19
2.442907349237617618e-19
2.260491078041581597e-19
6.139340250123257439e-20
2.994165638811048983e-19
1.197260535725120958e-20
3.698470144926413890e-19
2.706916610250997269e-19
1.106756884899739893e-19
1.593953241172679455e-19
4.237172285895402178e-20
4.498770561545326148e-20
6.566653176261110638e-20
1.404628762311541136e-20
1.811635014707395567e-19
1.353939014725903314e-19
1.950184089267749581e-19
2.769179175369146232e-19
1.047958251991487897e-19
1.059209790120096638e-19
4.242502157059456693e-20
1.020668025910663088e-19
1.276802000842367575e-19
1.922855280807555884e-19
2.255793431080537489e-19
1.548250476891253878e-19
1.189483396696012561e-20
1.143307901655483024e-20
1.420551404283173183e-18
5.648728461743419246e-19
2.538246792184509628e-20
3.766097784206875533e-19
3.291440506036979594e-19
9.492150054537506453e-20
3.390055542643989826e-20
1.077665055003155807e-19
1.486626976302588277e-19
1.028865622406952332e-19
7.966176514485153924e-20
1.715343512432615693e-19
6.671721923507809631e-20
3.162618575234871848e-19
1.250682842140858631e-19
8.656949861767718970e-20
1.742467760701516038e-19
4.082255412988651152e-20
1.087905443443904361e-17
1.434306061119486553e-19
1.615901200024443586e-20
5.697771622415991362e-19
1.180710684914126506e-19
7.469823460564244193e-19
9.593862732456335829e-19
4.548913951613630012e-20
4.362073865688728429e-20
4.638774779702259916e-20
1.807996143003006861e-19
1.155521432192213742e-19
1.740082921702755211e-20
1.349943292592275475e-20
1.536775399722329889e-19
1.085175394860516316e-19
2.185451812881592178e-19
1.100819947468172780e-19
1.793669626723858941e-20
1.759789627045857869e-19
1.253879948998319890e-19
3.502446243604381466e-20
4.412740741875698569e-20
1.114712910253223957e-19
8.722395155767880131e-20
8.921233430299633040e-20
8.580172003160732794e-18
3.497433860193963075e-20
5.616117872396208822e-19
7.225281635140618294e-19
1.833529114110983959e-19
1.377598051570023021e-19
4.956258485492669182e-20
3.831487791214520437e-20
1.243834258527730412e-19
5.432825997436650618e-20
3.561139377542375924e-20
7.041443697380140022e-20
1.247800759719731616e-19
1.320483298239067391e-19
1.628612389204513410e-19
9.038708867830774463e-20
7.522207127572070303e-20
6.429519889749662234e-20
4.313503731459622812e-20
2.758045838256092736e-20
1.447603159735606037e-19
7.721819759868782709e-20
2.717701172609521824e-19
1.023264209042488847e-19
1.341987455722161453e-19
1.361504350234646649e-19
4.960533065711350188e-20
7.389158008560460835e-20
4.852010070780204024e-20
5.505911669406011371e-20
9.298761012626247977e-19
5.444584751645949352e-20
2.160594534872712077e-19
2.516033303142949170e-20
2.362296530589831127e-19
1.144870606009737862e-19
3.362628230573917552e-20
7.960477405755052073e-20
4.679099476048324840e-20
4.062831922386296126e-19
1.290859075895943631e-19
3.825902661802977955e-20
1.201941518515701547e-19
1.580822580677881362e-19
1.206434855523969168e-19
4.664883072139741408e-20
6.519776214264939674e-20
3.320223600755121287e-19
9.734690438293808999e-20
3.244428209739964978e-19
9.991427809949187926e-20
9.227990121646763119e-19
4.298518348805761286e-20
4.151662421436404269e-20
1.416919721236935233e-19
4.029408093014591217e-19
8.925853055131936984e-20
4.050349722825093683e-20
5.300614870398236333e-19
6.934477916738261755e-20
1.003688337581866452e-19
5.441155355154618508e-19
1.103819608799694524e-19
7.189985132350816719e-20
3.724813103120721943e-19
1.478332700056883829e-19
9.358265258646620255e-20
4.544064691722319598e-19
3.525878895512614304e-19
2.427246194523237749e-19
3.042212226474897720e-19
3.707354160633003274e-20
3.237154407894428166e-20
1.207198230352266780e-18
8.705344433223679866e-20
9.525632752609444201e-19
2.145345323370132422e-19
9.698807097247924244e-20
4.314505547297365876e-20
3.850368960441359322e-19
6.570089790755981360e-20
7.043091345335710755e-20
4.727953051388093435e-20
4.053002829167570990e-19
3.497108103384374131e-20
9.038716388191925823e-20
3.660420957894818254e-20
5.093595460046867455e-19
2.987825262979919743e-19
5.239499662376037595e-19
3.452160794340872031e-19
3.781162053730576120e-19
4.094014980609315573e-19
3.364890901624637330e-20
1.184852331368118829e-18
1.701608621687619078e-19
3.838154353212639135e-20
1.241565133437725030e-19
7.054021623709593974e-20
1.399874506808943788e-19
7.674677425304244416e-20
3.557014391969876547e-19
4.881544705439414039e-19
7.652538270802095500e-20
3.087044208140379108e-19
1.147641117645285428e-20
2.027223888998264283e-19
3.427625315140418784e-19
1.016284636303505414e-18
3.266879514546270878e-19
1.433185184635211508e-20
7.852347291486845920e-20
1.650980464777627579e-20
1.702100113601690885e-20
2.657292004860432485e-19
2.647804561031619268e-19
4.954951053782939524e-20
2.036164481451368363e-19
2.770272885953277582e-18
1.503080123308214670e-20
5.631580067292622599e-20
9.714018830890570605e-20
5.255241018885882605e-19
4.076198178875809780e-19
5.201967665154518664e-20
4.987096236558377485e-20
1.061706367990445530e-18
2.477711023563007285e-19
1.793651259083771988e-19
2.542112754523667754e-19
7.236868856886060065e-20
4.158907314488100617e-20
3.255326535068185027e-19
2.420312241761845186e-19
6.054845096442089888e-20
1.434988041452986031e-20
1.072609489762524054e-18
9.086456633998061980e-20
8.281968301862117508e-20
2.438087709374160042e-20
1.267413879038461967e-20
6.024726541722970338e-20
3.958384883574212168e-20
1.797557274581607561e-19
4.693927876976193165e-20
2.121704158496205196e-19
2.731986002800312810e-19
1.287262259518236569e-19
5.887330558839376833e-20
7.143750128271351923e-20
3.342224436455483312e-20
3.191210895669795695e-20
1.346823880357080381e-19
3.518348458733461545e-19
9.972531037226586261e-19
1.948730777608724590e-19
8.852364639376228065e-20
5.677449718628800621e-20
6.904180252843371788e-20
6.733493508413832997e-20
5.229744168558117008e-19
1.070105908277538924e-19
3.531727567384556457e-20
3.035704633223189411e-20
7.915174912488574584e-19
1.209720471954684523e-19
1.503417256704032217e-18
1.199404862540277092e-19
1.004290692610368001e-19
8.632558851574888425e-20
4.355519198981370721e-20
1.546317205426861899e-19
