2.333105099723006040e-18
1.846030058799879605e-18
5.610469107004508276e-17
1.084248467756362732e-16
1.645108513246037081e-17
9.083379163345911965e-17
1.118547497942057544e-16
2.730303718832353814e-18
1.381268488438139191e-17
6.020995737758293659e-19
1.578121181080994963e-18
2.756290353525758439e-19
8.272355324330936361e-18
1.878726112579343084e-17
2.057718480940014163e-16
1.672201157024801185e-17
9.569110321586947951e-18
1.399693690318645249e-17
1.156411735260280462e-18
1.116042960114398450e-18
9.705145934321556430e-18
1.477292172385490816e-18
3.010620228502651826e-18
1.590271586935137987e-18
1.565749079665347080e-17
1.583362186766608127e-17
1.600362157883729941e-17
8.290711248626519452e-17
3.929799578032351904e-18
2.839098282655574582e-18
1.567986394558567736e-18
5.187584624155656937e-17
9.826388980555617470e-19
8.218619937975324251e-18
7.899574842230326331e-18
1.324900365479954205e-17
1.892254912765540840e-18
3.066437714141354664e-17
2.129426723991432108e-17
2.683994985726391094e-18
1.854958991590760307e-16
4.095501745931781567e-17
1.831557820573622964e-18
3.655753568240052655e-18
1.748620193528764069e-18
1.556752755618269439e-16
4.218188736174644220e-18
1.303790026527032494e-16
7.272984869496099283e-17
3.190726213850850372e-19
1.496166674234615714e-18
4.171503172338439678e-18
2.383908624771316687e-17
4.921939932116979614e-18
1.379349305363028780e-18
5.855327474838667534e-17
6.300179151210360578e-18
2.529005068289997744e-19
8.259584474098991900e-18
3.646781798099962246e-18
2.656422517829458634e-17
1.132162361456015443e-18
1.203979201306142781e-18
4.612536842790743583e-19
1.363929316621705553e-17
6.305308356593525355e-17
4.891610978734383160e-17
1.477892437023871776e-18
7.288694940276058571e-18
3.416270972368265570e-16
7.393773227135869164e-18
6.499483412711742280e-17
4.212972071813020776e-18
1.480027608591033210e-17
9.090487534432846580e-19
1.145312787596812339e-18
1.315760638923679748e-17
1.507477478782639626e-18
5.992040482341084821e-18
4.969224608312905014e-17
2.042391251991649960e-17
8.030705701031671775e-18
7.989188008211919058e-18
1.330494880372390021e-17
1.626059298175743742e-17
1.286381084708162666e-18
4.543353864061879959e-17
1.562154077259437357e-18
1.410072662688926747e-18
4.222776433874879674e-17
1.827584256927003584e-18
1.567135678278279701e-18
1.971350585750614654e-17
2.814704510112352721e-18
5.278321380445809305e-17
4.392732113644708544e-17
3.754637171781377741e-17
1.119556138003998046e-18
3.270473220672479771e-17
6.639673994274860658e-16
1.546037860173686748e-17
2.257888610100130525e-18
2.221853591065631501e-18
1.783285064610262289e-18
1.809219872229577985e-18
8.272666592272001206e-17
1.360098638187097443e-17
8.091683108689167539e-17
6.020235092216645973e-17
3.451051221109240834e-18
5.953179446473533188e-17
5.474226292460955539e-17
7.947059986408520704e-18
1.014393605592478217e-17
2.485902316126634830e-18
5.607845337748972244e-17
1.453682604646301673e-18
5.116187937086473829e-17
3.375434361497157381e-18
5.920741039323324042e-16
6.380446761731762446e-17
1.038277097911791592e-16
5.143299781799953853e-17
2.619579178520220633e-18
7.779611956323241599e-17
1.200074316997036670e-17
3.343584783465636448e-18
2.113731401636187429e-18
2.695497788679063486e-18
8.630927970039752851e-17
8.309074694830123152e-19
4.700055606015451978e-17
6.923715367127002916e-17
4.610032132727340346e-17
2.933043356493776377e-17
7.710449022440042398e-17
1.279330133389547216e-17
2.611991623396027083e-18
7.582247919544378471e-17
1.847456962657802986e-17
2.681245960469595242e-18
2.031765385167558873e-17
7.861622816583263336e-17
1.599471761866124009e-17
1.277033001953924960e-16
1.736347939058477775e-16
2.239185302299961801e-18
1.778125945489893852e-18
1.375388073851377713e-18
1.534209384918511613e-18
3.981256981850284218e-18
4.051197244211757776e-17
6.855768399887285806e-18
4.957425047527746750e-18
2.146851051626432786e-18
1.781259622790385291e-17
5.523171380966466950e-18
3.241428235490664895e-17
1.899467752151564707e-18
8.530959714755743468e-18
1.759623637769855851e-18
3.552045616546581333e-17
1.462601018110240061e-17
4.376521143567079534e-17
5.147270089545298826e-18
3.930856309838427470e-18
5.600069594989369088e-17
9.577905432471124622e-18
5.760481565993719249e-17
1.703463763904952276e-18
1.289566149341111959e-18
2.064641036738545223e-18
1.909931344962377101e-17
5.972350750440632416e-18
1.523522768017174632e-17
2.883552183741820068e-17
3.110736393561459238e-18
5.299588704707249683e-17
3.497402136809883590e-18
5.765878808580441590e-17
2.953354895867029836e-17
2.461797909694992725e-18
4.357884422821229034e-18
2.563143164799022556e-17
1.070508940356982232e-18
1.379869296974775508e-17
1.775037988059048808e-18
1.656852174864482138e-19
1.691793795289428526e-18
2.408730608747551760e-18
6.217810307230202372e-17
1.556455035327309024e-17
2.860691477095199853e-18
4.266103278651311446e-17
1.371198205365864179e-18
3.923533255773601459e-17
3.268924888309096724e-17
7.672782393747960469e-19
1.417022597380383209e-17
4.459315831123132962e-17
1.198042308051684566e-18
1.533356287641084002e-18
2.368878663818651457e-18
4.119131129279261803e-17
7.463546747926278300e-16
1.730903372967159865e-19
1.283113171918219054e-18
1.220883551797947402e-17
4.081190752442096990e-17
3.070586519657665246e-19
6.224102702175926289e-16
1.207395635677443667e-18
1.253388505772439446e-18
4.794474422973570017e-17
1.352829067577605448e-17
1.748678768142452821e-19
7.195028647844791907e-17
6.558001825428963760e-17
2.274225496220173814e-18
1.194849215940806139e-17
4.770625317347006621e-17
4.537034448179613814e-18
2.258333887960713020e-17
2.109526688898491105e-18
2.665570921780172189e-17
5.912309249789721608e-19
2.464977170586868264e-17
1.256163046109599055e-18
3.359119062732400944e-18
3.830801664757152726e-18
2.986231307330388272e-17
1.903322063010673180e-17
5.334710967284182037e-19
7.091768992402025140e-19
1.473102833282733486e-18
1.203334273957062950e-17
7.660098510924974482e-18
1.473125385201958120e-18
5.427642727507699197e-19
3.134160645808825651e-18
1.512266165374729557e-17
3.304875727579276776e-17
2.840713607439749177e-17
1.361092802557756216e-18
2.316492481707548282e-17
5.211711900509475933e-18
2.296739131899310765e-17
1.365169037500568632e-17
1.173455270001560088e-17
4.075753128483553939e-17
7.271060029415338989e-18
1.669519942254851063e-18
1.320979495323290059e-18
4.443979289471755479e-16
1.832988030466630396e-16
4.523425311840339150e-18
1.535600536015179525e-16
1.890972628699072874e-16
1.953746750433296635e-18
8.668381771422941807e-19
1.318376428886643573e-18
5.641994394278813309e-19
9.154893680131326175e-18
1.150652000227244041e-18
1.108806082866585567e-16
2.713718529587357957e-17
1.571398063690339814e-17
9.964463486637430934e-18
3.848627501852617626e-18
4.134326695588454133e-19
1.580440452643497869e-18
1.349947523286254633e-18
6.508521118147357877e-19
2.008715518525715030e-19
7.006275671550885968e-19
9.826120623471532492e-19
1.487914455717989890e-17
1.503889640033593601e-17
1.401595200243555443e-16
2.568386050165313599e-18
1.894274384061502021e-19
6.908093573306480370e-19
4.534388726831852700e-16
1.426754544131226530e-17
1.143177619912462067e-18
1.098799705378022621e-18
1.278291388871576042e-18
2.876031621252139284e-18
3.187380530781673583e-17
1.336357410042724321e-18
1.182490395071516627e-18
3.135921082395607459e-16
4.257031691387410931e-17
2.593688750738950064e-18
6.209904643143229818e-18
2.476239884062245290e-18
2.631785289352541598e-16
7.165294194333780655e-18
2.204136398561025279e-16
6.357205326174187969e-16
3.343483590126719330e-18
8.144168468889135632e-18
1.072891307533355614e-18
5.285897175234762078e-17
8.709780956737516048e-19
4.175109336579961040e-19
9.685939726397391554e-18
5.171041292070400388e-18
3.299089067301536791e-18
6.779275850069127148e-18
1.465706602646127367e-18
5.890148698367896002e-17
6.096131094570798067e-19
6.482829050119473911e-19
4.833364008412736903e-18
9.689109023884296871e-17
1.043030248278256706e-17
8.091750514143620303e-18
4.473386464391866888e-19
4.176016484072953744e-16
8.994484941358466710e-19
4.236220493383289573e-16
1.075150875143496737e-17
1.083556916533557878e-18
1.051385044902191174e-16
4.894775308745967877e-19
6.166939597337723197e-19
9.346927384363184920e-17
8.205737209420602243e-18
3.433105656434713241e-16
6.664926846218750611e-19
4.528642598733189461e-17
1.073283002447519066e-16
6.557340686516949727e-18
5.632685557868754688e-18
1.155123335742133927e-16
6.926522199406115805e-19
2.490308631988852233e-17
3.535155919713210847e-18
7.592539813430422690e-19
2.314593342028644760e-17
9.840632047043732048e-19
3.546429286782265028e-18
2.670710808918763110e-18
1.532143986045127751e-17
1.170374727662062511e-16
9.740109176082629078e-17
8.325246116450651898e-17
6.028252852556014975e-19
1.792615749469196233e-17
3.369251974500566847e-17
3.255507081890227484e-17
7.124889715728866581e-19
6.721596126022506913e-19
2.412327640523563556e-18
2.447410788200465616e-18
4.748289769273002426e-18
6.784659138367308051e-18
4.644410081397447166e-18
1.015134743856684438e-16
4.509042519422781332e-18
1.003827790768824590e-16
7.693614587346117481e-19
1.491945828782665598e-17
5.956521869081328927e-18
7.520401634444864868e-19
3.218753511687905440e-18
3.129782987373112862e-18
8.626939067133113797e-17
1.065136582060281255e-18
3.004434924733876607e-17
3.662206102978149674e-18
1.042371235196337633e-16
6.151387744489623301e-19
7.924803564444516994e-19
4.465289571276970268e-18
5.986400510176679812e-18
1.492868404953344394e-18
6.394502706128256445e-19
8.505789164009138006e-19
8.664961470415944389e-17
3.089487759032576598e-18
7.925254862377698270e-17
3.974027778878296975e-18
5.513599511214580029e-19
3.354082373668469677e-16
7.740852887542001245e-17
2.401757705882239143e-17
2.361164145976806201e-18
1.278522048020314305e-16
9.215777012426007911e-18
2.423768044161946852e-18
1.013517343556018022e-17
1.325630368576131841e-16
9.392102312168049809e-18
1.282068602216524510e-16
1.392582725516215753e-17
2.024158119280188181e-18
2.009105502445325877e-18
4.708972675401130987e-19
1.733504043940942589e-18
1.436686893913784495e-17
3.327547646996888016e-17
5.889941078331231419e-18
1.236454664753165368e-18
6.266020716587823993e-18
3.592423690981983850e-16
1.377560114929593224e-18
9.640170243411553302e-17
5.120342219284387209e-17
1.455966095684841197e-16
2.956242040391264178e-18
1.056396192300381029e-16
1.019786529675014893e-17
3.594760204311479859e-17
1.283804808332229359e-18
1.418499174494017085e-17
5.708061584676205846e-17
1.314320460515957407e-17
5.871566947222306251e-17
5.971961613071457389e-19
2.342948531459373349e-18
2.332839064638354161e-18
1.270808431065865637e-17
8.950660667736775573e-17
1.480636547453744885e-17
8.575828905502295409e-17
4.495731716208882922e-18
1.576124276763604981e-16
5.875783324947511454e-18
1.714801293732181399e-16
5.956291806115239157e-16
2.781586837997535099e-18
1.086920421669236526e-18
5.169317325106239685e-16
5.634795292383269931e-18
4.760346595373574505e-16
2.144050160995634417e-18
2.457366467859430028e-18
2.043500355239184506e-18
2.034055239981988907e-16
1.336487928453558179e-16
8.252733823430414105e-18
2.415714097635376039e-16
5.645489114322784132e-16
1.656256233809573606e-18
8.433442923033517226e-17
4.325886802797260199e-16
2.853919978865888593e-19
7.513426377593426109e-18
9.585081375878749970e-17
1.214735611754399315e-17
6.881463197487236843e-19
3.082419991493468386e-18
8.853870989916687767e-17
1.159202045471725715e-16
2.567195777850354713e-18
1.549859226300319993e-18
4.211869103755554378e-16
5.400787665335357561e-16
4.461122395308687585e-18
9.666975805561967862e-17
1.960147281569634222e-18
1.513955107253782133e-18
1.030548838412211155e-16
7.173055404693860782e-18
2.593559421342133279e-18
1.546536233429369969e-16
1.409610432191933560e-16
1.197075020750974636e-17
6.335404694951800564e-18
1.025422589749194650e-16
2.909272404531473223e-16
4.596028212383549571e-17
7.469308683182705589e-16
5.424813055289024097e-17
1.413956645319317165e-18
9.963871122339075713e-19
3.529456833338224548e-18
3.190116664220665303e-18
2.456416343716052707e-16
5.993743472879993718e-17
9.248526734753479763e-19
1.902794054583314652e-18
1.100161147325352025e-18
1.187523686535560622e-17
5.612390635353689638e-18
2.516897484325202596e-17
4.139058598537543229e-18
1.677924920840007525e-17
3.309236714897067674e-19
7.348327606946323864e-19
6.633303077438487059e-17
5.701671066510457978e-17
3.605117086831922386e-18
9.363669902916870288e-19
9.939724531996858470e-18
9.283823389905595947e-19
6.367193295797713635e-18
5.473033978086638554e-18
8.180551403018206840e-17
6.905241920040421895e-18
1.134520793047372357e-17
8.976704420849172192e-18
1.059390436584333810e-15
4.041537410833676284e-17
2.729001006880212330e-18
3.385830628049233358e-17
4.169387085306944866e-17
1.327666867951049935e-17
1.414079366274574605e-17
6.639402648886407147e-19
4.914223515655000612e-18
4.139705997214659805e-18
4.128408493404969542e-18
3.851773464170466844e-16
7.234534439085362693e-19
1.075583905622737969e-16
4.034740175856188880e-19
2.321892725888648260e-18
3.601032551443723386e-18
3.842747847827312396e-18
4.843458160838659961e-18
8.591921021858303437e-19
6.237166509637029699e-19
9.249008512776831434e-19
1.602942139671733818e-17
1.018441398454630369e-16
1.029376025100959060e-16
3.090363571652551492e-17
1.569705641449168189e-19
5.881820815026703106e-19
9.119397988578886835e-19
8.196827103241809292e-17
3.390518151210796915e-19
4.101591267025146594e-18
3.942368357537830223e-18
1.406962740829819760e-17
1.950891522438645074e-18
4.256837936545703848e-18
2.180009475054933137e-17
1.561009620946350546e-18
6.914361775017925119e-17
5.685387679936380400e-18
6.306401388400996217e-18
1.601127065087043413e-17
6.020831388660223831e-18
5.802797687387106378e-17
1.847459360994615245e-17
4.859878823702307996e-17
1.149193773575426565e-16
1.656760970325072361e-18
3.806391104650695007e-18
1.440873792278195217e-17
3.941832589773267202e-17
6.232641936375175353e-17
1.056267485162602767e-18
4.409204317754070854e-18
3.487964434370340898e-18
7.366409347673865368e-19
4.572748837277113862e-18
2.491350895373015036e-18
4.392438847773463562e-17
1.859708276792165767e-18
1.977675783953053470e-18
2.395025615845379334e-18
2.595131027715935464e-17
4.748050890429334386e-18
3.683502304677367350e-18
1.131729085393044570e-18
1.153718039187891695e-17
7.429612389947020110e-16
1.170350744503514997e-17
4.894269440888815506e-18
1.455197513962924838e-17
2.816029776707334608e-17
1.493218241782856983e-18
1.881309380282245366e-18
2.503481095028943806e-17
3.835166873125852928e-18
9.484722920450819134e-18
4.981788873066031016e-17
3.377127929532455149e-17
1.029564465272369617e-17
4.423049402775746875e-18
1.063504101502774251e-17
3.093882422040697081e-17
2.113030455511742802e-18
1.542367095157798827e-17
5.820701509450184063e-19
2.316208249767755447e-18
1.433538222354876643e-17
3.002019573209645440e-18
5.839263322905030759e-19
1.211075076995315892e-17
7.160877457047110324e-18
8.727792257026722020e-17
7.263455664274645838e-17
6.208355057200111147e-17
1.839001089474396806e-18
1.110252564974161547e-17
2.032763926193850469e-18
2.000873774583031615e-15
1.425491414563634298e-18
3.198789808072155268e-18
1.115059438996552728e-18
1.131276056635750681e-18
1.034333276133303930e-17
4.052314900177368794e-17
1.011704872412172448e-17
2.491940466504263611e-17
2.933580498676800058e-18
2.464184295096460018e-17
1.198232168459915188e-17
5.284138904574997033e-17
3.812093154382479889e-18
3.578939235539361455e-18
7.011501038445396129e-18
6.454489134156330028e-18
2.117730546959830083e-17
2.131040779077182823e-18
1.812659599168522264e-18
7.977486253853313089e-18
6.153486605119395920e-17
3.157334195223618018e-18
3.771393043800681475e-18
9.726865493825848506e-18
3.575534082270212753e-17
2.075814200245196615e-18
3.043126915177627860e-18
1.701770821886051906e-18
5.115233665483597916e-17
1.099866850712394076e-18
1.945481958768100331e-17
8.656736154923612484e-18
2.829975445966687628e-18
9.924274849699633953e-18
4.569699637453776103e-17
8.506489369905859428e-17
1.436330117024674356e-18
3.138500428697281402e-17
5.504363556450223419e-17
1.474412968892334123e-18
6.053497086765346595e-17
3.254141363078195267e-17
6.010818010309399081e-18
7.568505062495848073e-17
1.396401610832986360e-18
1.231324502913538854e-18
2.004845925048102288e-18
4.953739966275922431e-19
1.729828779185267988e-18
6.815002176279848317e-19
1.996027717363435315e-17
8.155866810040638300e-18
6.703270527459690888e-19
2.426743580268256012e-18
2.116628599350542708e-17
7.468254503334276839e-19
2.975773602250668015e-17
7.298703949794861955e-19
4.134827159429466233e-17
5.555847585955594685e-18
3.260934011734950305e-17
7.863244463263740382e-18
2.156315030246499197e-17
6.959972880544220265e-19
6.728727743101416390e-19
1.511819788864141636e-18
6.839288246439123702e-18
1.555125320701106187e-18
5.323041541334537332e-19
2.320083575104705850e-18
2.327893127981969177e-18
9.109729661690111496e-18
7.279850553386207563e-18
3.810014504523039345e-19
2.647227655741169780e-17
1.438229408678283467e-18
4.865255382668203945e-17
1.104272118300133594e-17
5.293330194537837491e-17
3.509401637270326936e-17
2.775689494921660847e-18
5.892590999059320258e-19
3.045722284068132911e-17
7.491676872183151325e-18
1.065612839631157070e-16
1.698700293988196726e-18
2.575358928009748801e-18
1.619036120217364458e-18
7.200770104813876418e-18
1.174542732833117227e-16
7.217449639409974684e-18
8.551882718870646060e-18
4.973303206427343612e-16
1.312228138349901168e-18
7.411544008087997787e-17
3.810820687336334476e-16
1.501436411151019887e-17
6.570886406845747494e-18
8.423635884746904430e-17
4.443587001153238550e-18
1.688058102299127229e-18
1.499411115745281509e-18
7.781027877057985292e-17
4.433106419879923261e-16
2.690461782118723518e-18
1.227931310214358011e-18
9.428350868757432795e-17
4.757737384543270002e-16
3.340559223846267734e-18
3.696916570486352327e-16
3.719763115391454456e-19
1.199484989932643849e-18
9.056749583868280148e-17
6.273214095078587624e-18
2.718091297508243447e-18
1.359139020536756749e-16
1.238804821209664757e-16
1.591557240659783712e-17
5.540644507554156149e-18
9.011698686021351548e-17
4.361699911943812358e-17
1.734949588246488704e-17
8.407114654995056803e-16
2.047806658633808726e-17
1.080126782208444630e-18
4.242533552775438854e-19
2.708781960626002514e-18
2.794240210772409218e-19
3.682759625188550112e-17
4.049807581424954308e-17
5.977758600410468778e-19
2.484060461497623088e-19
1.017854086203531453e-18
7.805067565388256586e-18
1.519542101342138574e-17
2.083116996299339146e-17
3.176638161370602078e-18
2.631051969511895869e-17
4.079390267852760043e-19
4.749570370596748639e-19
4.481940412440078409e-17
3.852462291124755704e-17
3.614101700966400823e-18
3.986972859491634494e-19
1.340767318464922445e-17
3.952974877546348453e-19
1.723903218603791033e-17
1.481811600816084737e-17
5.527373542441718365e-17
6.048338248721059854e-19
1.024691382131529803e-17
8.107697731373422034e-18
1.133418231610285701e-15
3.059667634499947540e-17
2.872265510856319581e-17
2.563261287838480102e-17
3.156456918206351065e-17
1.199139589391548733e-17
2.494319308251535475e-18
1.299140215008704520e-18
2.429993254942718545e-18
1.985771745634634207e-18
2.092780093198458528e-18
2.641495738270617789e-18
2.125233094500839617e-17
9.049848038705826098e-18
3.709949219064486058e-18
2.443785245833318133e-17
1.780644446261229572e-18
7.489652979284302249e-19
2.455254328014112199e-18
1.429423014520472758e-18
1.620615905511485460e-18
1.538741521951218245e-18
2.827457655030153811e-18
8.569057089976796453e-18
8.661059870040680538e-18
2.339576363607761412e-17
2.497292851661850184e-18
1.528285696954325523e-18
1.517178443596421977e-18
2.245058223894952663e-17
1.030492547200191133e-18
2.079185857644459041e-18
1.998472300376931145e-18
1.625691460331620602e-18
1.508255001028244667e-18
3.194927678478019796e-17
3.845356813406028283e-18
2.597024661181040558e-18
5.234554771047395358e-17
4.267111581947268476e-17
1.229140183473280693e-18
6.371499936906922088e-18
1.173481569271935806e-18
4.393039199898711427e-17
7.351750812716033762e-18
3.679197402605847614e-17
3.147567832916728229e-17
6.598674929722897468e-19
2.567852530976931967e-18
1.057205966568109238e-17
6.726420946889985279e-17
7.124958986210034581e-17
2.415309838046794621e-19
8.898334291617938339e-18
6.103025937400411768e-17
2.533840637700864680e-18
8.001115058433155289e-17
5.767477874761304236e-18
7.495344360957769174e-17
6.716050834658871397e-19
7.142072369766041673e-19
9.539092102237412172e-19
8.942936151298864636e-17
9.582169709516922019e-18
7.433775463519438760e-18
2.587863805665411540e-19
3.958905102992472518e-16
2.854571081119424801e-18
4.015979101763384558e-16
9.877257314413214140e-18
1.067715647644763568e-17
9.704162997663729017e-17
5.392528357378689739e-19
6.794059902497372590e-19
8.627106434981212764e-17
2.587265126235340362e-18
3.254618259819655095e-16
3.971510923218387648e-17
5.762797766822678792e-17
9.862119551960814099e-17
7.739180182442667691e-17
1.160345050314850740e-17
1.066165548653920282e-16
7.630884978840803767e-19
8.917500950294672484e-18
2.825369993296193788e-18
8.364630379517829674e-19
8.288285259888404487e-18
1.084133264981436194e-18
2.834379902268728742e-18
1.156946186091076924e-17
4.830842863106576979e-18
1.489327700270127475e-16
1.239450413336647416e-16
1.059405962871781939e-16
6.641270007792372320e-19
6.419145179060806274e-18
1.076340742476646677e-15
1.782917967225815387e-18
1.228533402235176361e-18
5.498371746093642529e-19
2.534589737981435610e-18
2.571450977136603651e-18
1.527707357609053696e-17
4.318284268590235960e-18
1.494285268565419869e-17
1.299266845383622362e-18
3.062198788587427388e-18
1.284795121941713925e-18
3.163911337573672064e-18
8.417735461107337655e-18
6.844350471937987038e-19
6.151807262864632905e-19
1.035596743475168817e-17
7.999637966546236443e-18
1.104158435606963434e-18
1.836598068479432192e-18
9.597963411715976827e-16
1.178272489772056272e-17
4.896858421773357093e-18
6.691808582668989202e-19
6.482614425967959303e-19
1.436655314517427433e-17
3.810210449982521816e-18
5.485856915589785671e-17
5.230804164739404893e-19
1.466639697915132295e-18
4.070631279724049616e-18
4.084850239170655722e-19
1.014350158559478979e-18
1.278597510291513060e-17
5.997988431731754246e-19
9.748389707075924250e-19
3.636502943879571563e-18
1.355100206707158301e-17
2.538962041289741094e-18
1.636375188749591586e-18
5.865636590428854770e-18
2.606280072270209827e-18
6.450811914590213817e-18
1.696668937348279130e-18
1.079200938159098515e-18
6.022910283851664395e-18
1.888107079030133344e-16
2.176579141766854144e-18
9.777238426232852105e-19
1.057023487468952538e-18
8.436034011066426960e-19
1.560552809942224232e-17
2.274886726300563712e-17
1.574528453424553462e-17
3.379318055529168540e-18
1.083653894646877595e-17
3.813452544707912226e-16
3.764969231514629712e-18
1.549164480416957307e-16
4.959838889754246853e-17
2.496081003214609906e-18
8.837178760535453314e-18
1.697616760946661539e-16
1.064946027577758776e-17
2.457567295964055742e-17
3.508729347095253198e-18
1.540797011537438253e-17
1.009747376211470073e-17
1.840525002425250390e-17
1.038671225118533531e-17
3.837007714265617257e-18
1.197011116633257679e-18
1.135267596312798401e-18
1.337433240924707834e-19
1.242457459831040235e-16
8.048214538893508023e-18
1.378126028388026832e-16
6.742378470086954669e-18
2.532813928212291319e-16
1.756464690349313259e-17
2.755666329688008804e-16
6.322760926577736648e-16
1.353649058512452657e-18
2.970630392343151885e-18
5.487366748336020447e-16
6.523525140393734884e-18
1.424870020439973108e-17
1.330763717590268179e-18
1.760431664833700174e-18
1.268354714412238996e-18
5.184144919193118767e-17
3.441914308166793250e-17
3.749768376805026711e-19
6.156869154443679513e-17
4.215300467733071368e-17
1.028000996937019055e-18
2.171900489777265738e-17
3.229996957558390431e-17
4.816761402286220154e-18
3.413851607835043171e-19
2.468486847520862035e-17
3.173595336496781466e-17
1.250908395374571557e-18
8.956977377591331187e-20
2.280175121231249168e-17
3.789405951929503404e-16
1.839112235096092028e-18
9.619627671281853998e-19
1.260699383064081799e-17
4.032589968875710432e-17
1.315702593790411261e-17
3.160113096578252639e-16
2.290522846646304000e-19
9.396778878803104643e-19
2.654016333914753134e-17
3.259198333190751896e-19
1.857998873865836827e-18
3.982860657857337031e-17
3.630229807699449067e-17
1.385879803541794873e-17
2.878597648690138018e-19
2.640814487310074568e-17
2.320031168368568505e-18
1.400346337143133831e-17
8.113870220494049193e-17
1.652865635417967274e-17
8.953263554795174865e-19
1.517719846545325884e-19
4.348041098763496679e-18
2.866359440035494939e-18
1.958896138785269782e-18
1.163256100731748743e-17
3.081042865382237868e-19
6.456706782477074777e-19
8.899887449490353138e-19
2.646205737438892802e-19
9.570971570356982076e-18
1.107454761712894459e-18
5.099027342292200524e-18
1.649283078540043413e-17
1.634666637163330333e-18
2.448012856014822658e-19
1.287380800954659973e-17
1.106571157490171833e-17
8.905721844822648988e-19
1.426295811503821975e-19
2.370410099468187454e-18
1.414133406351574955e-19
1.085815831014529504e-17
9.333322644702857470e-18
1.587668269415959642e-17
6.204445619568599609e-18
5.830685406789291929e-18
4.613431484769685597e-18
3.887498618677457646e-16
5.316949970524382421e-17
2.990443765896181287e-17
4.454317807315205507e-17
5.485145944932553393e-17
6.823328298150128516e-18
2.279533722122315986e-18
2.050806719017449889e-18
9.898998199699820065e-19
6.373702176125378381e-17
5.263399669925494163e-18
9.600784762161136638e-18
5.174421601943286496e-17
4.116444832862629745e-18
2.223999698309283594e-17
2.544333845868081367e-17
7.253763413537090933e-19
2.729758281240880440e-18
6.175032370411183081e-18
1.086250201562916567e-18
2.461430547915076264e-18
1.169323756084524771e-18
2.583985559183331103e-18
3.897750617432915520e-18
3.939599316657847655e-18
4.065608413561187548e-17
1.022435278480262379e-17
2.321197198936414434e-18
1.152937495354648533e-18
5.851062652159658557e-18
5.399891873141917618e-17
5.229209792469969391e-18
5.026212969219828540e-18
5.191010762341289852e-18
1.637414617975490072e-18
4.593621742179313465e-17
3.514233522850915320e-18
1.973536547974321565e-18
9.096369004856800069e-17
6.135192565133678632e-17
4.479854545894790597e-18
2.277385593224366692e-18
4.276995263283497872e-18
7.634021872519965188e-17
2.627759797794621291e-18
6.393540363914641717e-17
8.203179942641868248e-18
1.957952351091738173e-18
4.823108702331086211e-18
4.882986473662951712e-18
4.048751652526582361e-17
1.255825169965219273e-18
1.926143775410669921e-18
2.608775077772436526e-16
5.964648774961554604e-18
1.351188306633389751e-18
7.819701508910518380e-18
2.834348017200116021e-18
4.511580245615571897e-17
4.110211448732912635e-19
4.370935888453920083e-19
2.830430049634321545e-18
3.163962192745391447e-17
2.809258981506355737e-16
2.179402068683083489e-16
2.063750862259527423e-18
6.871612062231212285e-18
5.516416807845735518e-17
6.970677427071039227e-18
2.895771486452158865e-16
4.931528226322954675e-18
3.433280112638118454e-17
3.300217990866442528e-19
4.157952862791322116e-19
3.052223356096157517e-17
4.859570709395793048e-18
5.649156398123755173e-18
5.804188577098567847e-19
3.468729829105873563e-17
2.089678554282375388e-18
7.563705622079644441e-18
8.517941024269421269e-18
3.772035749868030651e-17
4.670088356409616848e-19
1.765369193343647568e-17
5.484070583285576761e-19
5.119139267512652661e-19
1.640805371931891024e-17
6.634876756267477378e-19
5.501558904061845591e-19
2.265786563736748109e-17
9.073605268048207041e-18
8.964526655754851886e-17
7.460471101710847430e-17
6.376751732816871734e-17
4.064445712543700952e-19
1.270777677499421160e-17
2.522541231360388304e-17
1.797616512076713851e-16
1.236385709519335183e-18
1.133694992811353583e-17
2.163187361673668704e-18
2.194647193409433534e-18
1.121664723858612384e-17
1.442769367309762065e-17
1.097125745178443578e-17
1.899460859995328536e-17
4.771466195201415437e-18
1.878303949579084554e-17
3.160893181963612412e-18
7.834436489561404602e-18
8.428109671810376696e-18
1.268425165250980798e-17
7.603500300717986022e-18
1.008958308504378742e-17
1.614222466401703033e-17
1.848336888412990728e-18
2.249404625103402564e-17
8.651046159382187908e-18
3.478677087723787341e-18
8.475870767125873013e-19
1.336633435210686775e-17
1.054813003689527195e-17
1.273018305029977668e-17
5.538604046736905876e-17
1.078525927999493617e-17
1.476013887955246413e-18
2.891733953831513149e-18
2.061408968094013690e-18
1.482927415072239509e-17
9.387646895619936658e-18
7.597075466524747215e-19
2.202843851765678658e-17
2.583333717402592268e-18
1.261199826900023729e-17
6.654180911279317344e-18
2.392295804623252168e-17
1.959750740357086563e-17
6.830609841468270137e-18
2.155261961873113064e-17
2.480442143439264314e-17
1.328924329929884789e-17
4.278612571825844512e-18
6.414218012776504273e-18
5.704437932312066004e-18
1.594085148344605535e-18
2.086594273917321492e-18
1.375414604996223864e-18
9.981023985015405414e-18
2.181729528276710910e-16
1.033683813508637918e-16
6.012419692447875798e-18
2.184112877254390236e-18
7.186113702013924230e-17
6.698563076056559976e-18
3.850858336849540772e-17
4.718071643172189161e-19
3.271596546865880159e-16
1.998445840930257526e-18
4.219875771297996662e-17
5.255596826839513615e-19
2.356929281508110410e-16
6.242665850119821063e-18
9.854669339107209145e-18
8.796257256856212013e-19
7.173591101778749431e-17
9.048222869086467479e-19
8.539983536168289871e-19
1.381814459521896128e-18
1.850945160367119246e-18
3.913654840545288804e-17
3.520480236715800594e-16
6.479766299429234590e-18
3.425696995208037737e-17
1.576086557808271093e-18
6.295979384009483434e-17
3.972081645383329697e-18
6.849938010713050779e-17
1.191468318967075804e-16
2.206995233394104982e-18
5.285290220222051250e-18
1.034045682118574238e-16
3.583814061855868801e-18
3.891367114902729299e-16
1.290102957817818069e-18
1.284776465973843795e-18
1.229600827702464447e-18
3.816391434805373453e-18
1.345199397868216563e-16
1.814303753458546076e-17
4.532477982867324253e-18
1.289543109808209798e-16
9.965909870082930081e-19
8.488413625364679846e-17
9.881194361361624646e-17
1.077898257122495640e-18
1.651772366570273186e-17
9.647558665396509168e-17
3.108330529079105853e-18
1.712949028263967671e-18
4.337819115749515855e-19
8.911582118231309122e-17
4.115900050897756720e-16
1.342198146702401303e-18
9.325705193029532520e-19
3.443011678720627754e-16
1.233648383751390549e-16
1.100293162001485628e-18
3.432387508766749886e-16
1.472092633659802043e-18
9.109665423893380798e-19
1.037266141647804061e-16
1.576944273611943055e-17
1.355981759834008799e-18
1.556616835587717267e-16
1.418798527276957536e-16
7.613576128067727120e-18
1.392792832491002061e-17
1.032106479171249076e-16
4.040656893227694774e-18
2.260031317867684677e-17
1.048154147432428862e-15
2.667574442971571770e-17
7.606735497252626979e-19
3.611646566452661253e-17
3.950863798918247614e-18
2.866311425958484259e-18
3.411690021330949086e-18
2.472058742053617668e-17
2.053843724671770612e-18
7.958047629637363708e-19
1.050317980842393300e-18
1.058780882893985475e-17
6.429167771040096307e-18
1.055075827589827896e-17
4.633250256554748348e-18
2.993846620095448193e-17
1.402866197233483255e-18
1.631861698106591632e-18
2.735838618297381085e-17
2.351596438529040139e-17
2.811546302658963140e-18
3.394089088370983927e-17
8.913459155907376623e-18
3.365146784619800204e-17
7.293817659708469773e-18
6.269530392284336130e-18
3.373985507079598516e-17
6.204341689570978426e-18
6.526583314257314161e-18
5.164048966680132744e-18
4.544539884232344766e-16
2.050451150046701524e-17
2.339503442828514972e-17
1.717782021895187318e-17
2.115314959386710920e-17
7.637699088781542758e-18
5.196120283068758684e-19
1.058768094947508791e-18
3.814700386877812224e-18
8.392159878283019587e-18
5.833884087856293676e-18
2.547445126660090659e-17
2.090717134891527586e-15
8.362033846700995629e-18
8.310425633023399597e-18
1.990499824807654420e-17
2.795326713038412343e-18
3.077507374735130375e-18
6.844325976911660117e-18
1.248266783771652263e-18
6.978585314023002605e-19
1.343730939792024998e-18
5.890107983455762674e-19
7.917784377619901901e-18
8.002794684709519799e-18
1.567878481731118477e-17
4.854967437824758763e-18
6.580999288064360275e-19
1.324900632603227120e-18
2.908403426778338468e-17
1.410923032099791737e-17
5.795988470087942963e-18
5.570989417895285705e-18
8.222238288293122819e-19
2.456793250015324739e-18
3.922895038383883279e-17
8.010576860659397255e-19
2.267893820273804485e-18
3.507962345076982503e-17
5.239377080681074337e-17
5.050551727409632132e-18
1.126359570739313954e-17
4.821849815390559377e-18
2.944016591234986778e-17
1.299649214720569217e-17
2.465632038054663604e-17
4.077576685468021083e-17
7.950707058566334036e-18
4.214095651275512879e-18
1.548767627521867819e-16
3.456935101864655905e-17
7.122319194366683515e-17
1.946627246214326902e-18
1.533309771392412396e-17
5.177057712544986098e-18
2.617838511646510647e-18
6.787163424683938493e-18
2.181223269458706579e-18
3.852110836735312543e-17
1.126011745970588303e-18
1.197438431738290038e-18
1.149359950555381004e-17
9.167050609567472319e-17
1.651144356374958710e-17
1.280945420008383773e-17
2.085697708114326625e-18
4.023076280502259028e-16
7.412031840469298211e-16
4.081075410240204775e-16
1.701992154757903400e-17
1.564163921471982494e-16
9.947354181898654484e-17
9.041102309042159294e-19
1.139090730755078643e-18
8.843306042402165366e-17
4.245953607397045845e-18
3.307373423341915563e-16
4.416424828554026789e-18
2.961696575693433521e-17
9.865001087971822751e-17
6.564970043262889389e-18
1.926820317723152196e-17
1.092884191202488689e-16
1.279392656467542145e-18
1.977678200424168710e-17
8.133713414950071282e-18
1.402412264277908930e-18
1.838133931102819235e-17
1.817655673877200248e-18
8.159651262966906632e-18
7.448642299170438591e-18
7.927882795382996425e-18
7.654158498099413977e-17
6.369954653024185055e-17
5.444645360575419479e-17
1.113474007424817261e-18
1.423605509743955329e-17
7.138675366717099052e-16
2.196874045730395467e-15
2.031296616171895780e-18
6.424542901436435350e-19
9.401396316554243807e-19
9.538123421862032155e-19
1.784409048038185713e-18
3.551130119638807889e-17
1.745371022989240912e-18
1.538504417503699926e-17
1.977778809095346846e-18
1.521367975884040329e-17
3.108822856585098807e-19
5.542380881858409794e-17
1.116711795898894785e-18
7.188046117420301268e-19
1.209608757837026932e-18
9.542295168530786054e-18
1.307470160453227930e-17
3.036690280445434836e-18
6.365711365734672870e-16
1.376258405336412485e-18
6.042977239701015726e-18
5.565371795318432350e-19
7.574575968365670339e-19
1.678057469166865286e-18
3.133316903083996580e-17
1.355439878164086146e-18
6.111904999740313258e-19
2.424989218932188944e-18
5.023370098921350017e-18
1.291465116883897314e-18
1.201125238733044457e-17
1.493441106243027223e-18
4.988342872367739035e-19
3.872119172871739470e-18
4.487633218934643927e-18
8.922211339803904499e-17
3.503773802778917493e-18
1.937685445857244145e-17
4.823591378324787235e-17
3.596672849542204659e-18
5.304808822487435074e-17
2.009081247956349695e-17
1.760804655940091286e-18
7.432583633671033245e-18
4.061814473636646566e-17
3.003684518545891763e-18
9.380241371403519963e-19
1.756067425990893262e-18
8.093495503685055288e-19
1.569936009268693714e-17
2.132247574140748153e-17
1.059430504747930022e-16
3.040076886174141372e-19
2.962294539230741155e-18
7.736602739136478222e-17
3.387013518646774971e-19
4.997767885350903959e-17
1.635418214383032018e-17
1.635315270979924032e-16
2.125371339908061298e-18
5.476690588212495642e-17
5.819452716406533878e-19
2.303473770594524083e-17
3.156496906378009376e-19
1.550061424371645186e-17
8.971765848811645844e-18
2.775345858916491164e-19
9.228758841271009007e-18
5.590173980649066446e-19
1.982983517963253822e-19
1.089170950968636679e-18
2.039415408330302422e-17
3.529856936537040245e-16
5.643217594886011680e-18
4.445979812802124335e-17
2.907685007108186749e-18
8.171124673980284655e-17
4.224356905735735423e-18
8.890070008286500352e-17
1.282740218476040711e-16
1.298685206136706075e-18
2.672416341028503537e-19
1.113258290698738163e-16
1.427121989127358583e-17
5.794405046634038213e-18
1.297093014240619102e-18
9.368325660252266841e-19
1.236263070518878710e-18
2.943181198450220001e-17
1.478034457086343259e-17
1.002664962031832864e-17
3.495423414879594272e-17
2.738607532517209290e-17
1.001990732189427077e-18
9.326623134215346565e-18
2.098472947702863466e-17
1.430133223417429582e-17
9.128428875568958471e-18
1.060023083329904472e-17
1.198464830525566205e-17
3.299523382463248740e-19
2.183356667325809231e-18
9.791578452067373941e-18
3.619916405558777066e-17
9.787032742200872539e-19
9.376233877648549707e-19
5.126785434968509172e-18
2.619903693426504606e-17
6.863787812336240010e-18
3.018770062336582984e-17
6.503629156557626552e-19
9.159023558389527109e-19
1.139693565841647876e-17
8.714895547194612478e-18
9.887540013319009354e-19
1.710328835357353153e-17
1.558901315523889352e-17
3.031826350565152125e-17
7.697192765245015320e-18
1.134024399664966386e-17
2.427428007962507839e-17
2.582136975070408080e-17
8.424093576504394559e-16
3.047764227200416415e-17
2.034356181132615840e-18
2.823290579602085262e-17
1.406856646811645220e-18
4.725834712667573181e-18
2.049575633641475421e-17
3.314680623845529370e-17
1.983582952239742575e-17
2.646593623755685236e-18
7.798504487758196729e-19
1.638538004120489793e-17
4.341137383219012357e-18
1.181796233006452560e-17
1.649846527627854188e-18
2.662463648364063718e-17
5.059403923546986650e-19
1.576036679857191178e-17
3.668372075376025055e-17
3.153157737433467084e-17
2.466834680996590018e-18
2.653221895668463651e-17
7.709670284652810066e-18
2.630597164253240768e-17
4.924970950605769364e-18
4.233346170210472490e-18
4.524036664339859630e-17
1.022941647592266256e-17
1.893239977227622326e-18
1.497994199617807236e-18
2.460936012612467973e-17
1.428128046986934533e-16
1.052434058129326701e-17
1.196425812935155261e-16
1.473305336555996506e-16
2.215553920430051527e-18
4.544972420768232273e-17
8.629984455435424544e-19
3.552121915288352540e-18
1.428084816769430324e-18
2.428639189945660203e-18
4.760495978636271976e-16
1.191055851861707870e-17
1.108813038257505421e-16
7.973762632199329355e-18
8.954335223355230998e-18
2.602915110169764312e-18
1.724518079705248448e-18
2.849284978234598402e-18
1.060735930383393368e-18
2.700334908908312323e-18
1.141858220642992496e-18
5.151993580168430403e-17
1.049905168164343000e-16
1.061177609608051161e-16
1.092018814482120862e-16
6.642434761587029500e-19
2.546490630035216768e-18
1.125856846838133278e-18
4.937104892364262286e-16
2.802300099574440584e-19
2.412863288153066161e-18
2.319196443281536594e-18
4.235053794703759178e-17
1.688132074028955747e-18
2.059708829819209927e-17
7.006737512365504583e-17
1.927181346755239427e-18
2.443276648002266897e-16
2.750925306499409465e-17
2.830137090135848410e-18
7.092677926624165271e-18
2.701981237325256526e-18
2.050491505072819889e-16
8.183881539313911478e-18
1.717299271926191849e-16
6.921812709151653325e-16
1.297685921132496257e-17
6.752084168989506346e-18
1.661523495774296218e-17
4.330257487579554000e-17
2.405223826329667040e-18
2.148475521774125695e-19
2.604669346855378267e-15
1.629164799207153971e-17
1.767943249878569078e-18
2.135847879610674437e-17
4.913101431201291614e-18
4.825266110654485227e-17
2.485635883366136162e-18
2.643308069122139128e-18
1.875944133223044553e-17
2.416330583382124729e-17
2.804837725893839016e-15
2.175972091706404897e-15
2.301966378215715123e-19
2.746225869602510491e-17
8.994776746832327298e-17
2.785817142398600975e-17
2.891214076109673235e-15
1.678040695444143859e-17
2.622009756155369023e-17
1.995795195295112610e-18
2.514507335209035925e-18
2.330995186844795493e-17
6.803128952730812965e-18
2.257673934654663461e-17
4.946497045885287616e-17
3.709907300810337581e-17
1.060397294236926049e-17
2.065925994299107792e-17
5.627960462411354534e-18
2.880718791430376418e-17
2.824219469477821100e-18
3.264841331763300474e-17
3.814030090627369005e-18
3.095781424870656069e-18
3.034475290415774062e-17
4.012418327571545760e-18
3.826192768087890863e-18
4.401957934203036601e-17
1.270254316607828916e-17
9.587821631258757604e-17
7.979190531208367912e-17
6.820121189758472542e-17
2.457959215749524755e-18
2.350152874891965684e-17
1.072924949238296800e-15
2.498826428242862725e-18
1.332846166328320137e-18
1.557771289015448445e-18
7.455459194371435232e-19
7.563885998227352275e-19
7.737324308990034481e-18
8.644717550291660580e-19
7.568052661035643032e-18
1.081364922480688473e-16
5.397868949417218886e-18
1.069320272720308700e-16
1.028485253600226428e-17
4.939426181759048109e-18
8.497489406334154535e-18
1.742899384068681702e-18
5.244949445122631724e-18
3.233659861064782530e-19
9.189784264632620948e-17
1.992540609970496843e-18
9.567504043943435027e-16
5.967554147278360248e-18
5.892742854910630057e-17
1.519546388063158505e-18
1.836622021365647002e-18
7.276176313016125296e-18
7.627611129459464320e-19
1.308330924853627172e-18
1.481965374946248494e-18
1.591169678573300959e-18
4.898484155047893091e-17
3.504924073076358334e-18
8.442320255275072387e-17
6.475666657307764925e-18
1.361996767314502514e-18
3.301474310740018972e-16
4.376066223218983232e-17
7.951565442798946206e-18
2.771011477051272345e-18
1.361936337726733285e-16
1.174234219496326821e-18
2.844482065987138596e-18
1.291379712477658852e-18
1.412118134492453006e-16
1.339863961805005359e-17
7.247802260960958004e-17
1.767836493219545954e-16
2.375508449698023111e-18
9.123200362218024474e-19
1.141003330720162167e-18
7.871714403419597326e-19
1.945243797547635107e-17
1.528506596402012506e-17
1.052507866087210246e-17
4.488534659145096910e-18
6.599898328100951586e-18
3.813390174425277157e-16
5.000770749772494159e-18
1.043532712630646580e-16
1.575672610821224882e-17
1.031623262003476801e-18
4.613438983663876903e-18
1.143531655903392232e-16
6.177414324851333865e-18
1.651250490652608217e-17
4.660423501193770295e-18
1.920618008488996225e-17
2.001738366289893477e-18
1.019153512051644514e-17
2.059077438836209641e-18
2.171770386589040667e-18
4.193598215516652729e-19
1.059325066483617776e-18
6.271182551092496358e-19
9.677187626483923792e-17
6.859143878653560672e-18
9.283194979809927586e-17
4.978168530892085202e-18
1.706128834289222460e-16
9.169603665905272209e-18
1.856244444328004897e-16
6.322657515723293476e-16
1.263098130838482044e-18
3.945700658073767298e-18
5.487277000630757051e-16
2.944323348441477289e-17
2.181843590537990493e-17
2.243427313834639593e-18
2.309557202197357684e-18
2.138217004515173749e-18
2.263814466590020925e-15
2.345064397066644214e-17
7.421912567051666849e-17
2.688584072781054627e-15
2.373444164664528525e-17
1.733024040777028674e-18
1.479771445925685890e-17
1.818664526878657284e-17
5.107977710274150199e-18
6.757032862874848851e-17
1.681843329746236424e-17
5.734172170912785337e-17
1.320508891062756838e-19
6.824870770498226500e-19
1.553541726239117695e-17
1.225967471266745420e-17
2.412780338518113753e-18
1.621695510736620798e-18
1.930455991827393240e-17
2.270568184492910094e-17
1.391592779249326375e-17
1.022375515074152744e-17
1.168432831494308764e-18
1.584127228607083619e-18
1.808249321933797165e-17
6.450927800568024607e-17
2.437558223094542973e-18
2.713625003695488779e-17
2.473368571380924799e-17
6.255020369945754725e-17
5.697605269822668079e-17
1.799254565621968941e-17
2.894822157658762179e-15
2.644606076703392294e-17
5.354994440403629615e-16
3.121498151891676249e-17
2.883908929049498469e-18
2.972034641831396952e-18
4.784187571318180650e-18
3.295047558186699026e-18
2.444215415905522530e-15
3.510707448295010073e-17
5.861000078274504779e-19
1.339369786972386746e-18
1.204236605113064202e-18
1.855650456033422361e-17
1.857769525239572026e-17
2.631511765080323534e-17
5.610504289792318977e-18
8.410147618498453097e-18
2.440949272137193526e-18
4.656801014334441615e-19
3.885315850791965049e-17
3.339632263458932840e-17
1.501263740009228239e-18
2.793005949640373442e-18
1.330453180349268828e-18
2.769189242279827500e-18
2.107618381324104844e-17
1.811640777646853345e-17
4.791583569047291156e-17
7.132372550041594348e-18
1.946306504923518282e-18
1.539982194609712928e-18
3.570444450792806373e-16
1.013452866904440394e-16
4.222969434984470850e-17
8.490283295785592142e-17
1.045512354657892618e-16
2.277654739604823904e-18
5.562308294429131588e-19
1.232665800239820817e-18
3.205442833655415126e-18
1.353522907804680946e-18
8.579267122736058885e-18
3.839120053257558651e-16
2.284760971029175840e-15
1.101924970223291082e-16
6.300318636139696527e-18
3.592993182494246052e-17
2.348876470313874332e-18
7.992725911581139099e-19
1.006521554880317142e-17
1.158415615472390875e-18
3.988200669986657202e-19
1.247008190785299966e-18
6.305203633990954084e-19
1.043383042270915212e-16
1.054585458073783623e-16
7.749372338043711593e-17
8.050074881918435477e-18
3.760983722173563173e-19
1.229533303064795148e-18
9.581690675919785613e-17
8.148540030515446245e-19
8.523538105374789480e-18
8.192656150565064079e-18
3.733829274019992858e-19
2.249465196799028216e-18
2.554162725542427761e-17
8.575109059810467554e-19
2.104649142149330378e-18
1.733840133440940482e-16
3.411312694731180896e-17
1.311700371243530969e-18
6.924775968672185363e-18
1.252303220379506591e-18
1.455105162848375546e-16
7.990147980802826452e-18
1.218659541165383131e-16
1.343351412248021230e-16
1.455170627930949965e-18
1.971342693574372181e-18
3.058493171283504251e-17
2.833110373862348665e-17
1.034811744301033662e-17
2.841098298392423528e-19
2.602895717362040193e-15
1.586775778384142241e-17
9.783405389291065164e-19
2.080275539545590127e-17
1.636321611711817690e-18
3.156974270918684776e-17
2.114013203776565991e-18
2.248112121798745107e-18
2.103605161966492833e-18
2.753196552720785445e-17
2.802927793287352972e-15
2.174490380301004363e-15
3.044071339805013426e-19
3.793659082964646300e-18
4.591520921017712750e-16
3.848350793982128606e-18
2.889245326194012584e-15
3.088897641956010559e-17
2.987549912041805789e-17
1.697407662611464940e-18
2.138568139926518561e-18
2.655964360574783161e-17
1.986245760383825283e-18
3.118769407636114775e-18
2.365646615104524679e-18
2.427240617940348097e-17
4.297107931899563967e-18
2.012172942407879391e-17
2.793519147759791044e-18
3.282326143810514713e-17
2.401975803774438002e-18
4.572402053030648398e-17
1.670990252199934645e-18
2.632937049218959453e-18
4.249774992977759154e-17
3.412529317075312923e-18
1.676318924232992752e-18
5.533488380471770925e-17
3.708642403373508268e-18
6.272919567525357793e-17
5.220458029073565811e-17
4.462126362952951243e-17
2.090474421942269566e-18
3.291383175515058916e-17
3.893031192863742537e-16
1.845496812913680822e-16
1.094411549781482172e-18
5.086058516114379565e-18
7.663224386028131421e-19
7.774672776495484457e-19
9.680782600533379981e-18
1.187206159549176482e-17
9.468993361923269437e-18
4.432455449612418513e-16
4.573557315452616440e-18
4.383085091503710082e-16
4.249073987162246596e-19
1.306018059022535313e-17
6.529181711040075750e-18
5.690494052355789739e-18
6.562373929450569391e-18
2.800442641487699374e-18
3.766842117560992558e-16
1.636092380388922014e-18
3.471500192754797508e-16
7.466482216544704159e-18
1.038816863748302775e-16
4.013504619322035659e-19
5.996494567924543930e-18
9.103803619503979119e-18
1.047523746479682992e-17
1.246084839239086010e-18
4.838555357247470944e-18
1.306523226675018873e-18
8.635414903311240978e-17
1.498808230129725173e-18
3.460460723751246889e-16
8.102222241102114523e-18
3.597376401312740334e-19
9.426593800189545093e-17
7.714457429227447116e-17
2.102448277118829513e-17
2.200720458840790704e-18
5.582502277153208736e-16
1.612612662044041973e-17
2.259070353647543463e-18
1.773492239684099385e-17
5.788194707082680185e-16
1.029505875956477798e-17
1.277696889068394372e-16
1.666232457708179713e-16
1.886614360386098810e-18
1.377612680663902572e-18
7.546739347845820007e-20
1.188637007866731276e-18
1.453870260949113017e-17
7.280607865322434105e-18
9.110102089176221308e-18
3.799953944422907097e-19
7.717779416815775277e-18
3.742959995790213392e-16
4.233608511195479147e-19
1.359650531417707853e-16
6.574822635613906034e-17
4.768156803859394821e-18
8.131307429375749327e-18
1.489942198096031062e-16
8.853007205206583192e-18
7.865263609697225003e-18
3.945473525521462346e-19
1.435465008913403705e-17
1.981134311210696697e-18
2.131696610743438691e-18
2.037883188040717715e-18
2.487727405210156736e-19
1.463159721783412283e-18
1.599591795195617476e-18
1.183718509150340579e-18
9.296568211799288474e-17
5.700176688738723887e-18
1.209535727512957788e-16
3.125402899218777329e-18
2.222967184574961768e-16
1.616166739758029254e-17
2.418557381693743407e-16
6.205883234070396633e-16
1.907291227727594992e-18
3.340395455922625181e-19
5.385931509690338430e-16
3.420468582681167283e-17
3.773533113364935852e-18
4.478883965846422164e-18
2.334864463743058193e-18
4.268837148395842346e-18
2.072234032635882290e-15
3.129087398983064694e-17
7.693280366362064329e-17
2.461056547452778421e-15
1.490831785362710857e-17
3.459890828999122837e-18
1.974501932916183548e-17
1.142357980839867802e-17
1.820083651837789621e-17
7.004090628821396024e-17
2.244132304748435175e-17
4.696828310780502923e-17
2.180473903846968434e-18
1.151815205044595392e-18
2.072935756241864838e-17
4.889697207070766253e-16
2.439218680474366756e-18
3.237629307502838929e-18
3.338754272142028203e-18
1.426212282838255522e-17
1.492841601162115655e-17
4.077682987355482439e-16
1.748749295015173911e-18
3.162626219407781041e-18
2.412799484125176145e-17
6.686793430206641187e-17
2.464268071816215742e-18
3.620868499496312637e-17
3.300287377792146092e-17
7.266559452702526517e-17
5.905927126142419764e-17
2.400797520056523693e-17
5.106569693836056367e-18
5.403724107675849348e-17
5.685266339898181239e-18
6.378157777081470137e-17
1.302580244019485162e-18
1.050582641824817208e-17
2.472573669053326166e-18
2.874458942907558222e-18
4.311683304982300887e-18
6.705555768846896294e-17
2.264441904044960887e-18
1.479808800571330193e-18
5.853599639613887074e-19
1.197172095196642797e-18
6.960526959382017266e-18
4.923933525377304286e-18
2.899632376501702802e-18
9.140539062904214474e-19
7.966379250982953771e-18
1.799190447846305563e-18
7.421068972785864255e-17
6.378797071496246698e-17
2.925013524551868362e-18
9.872979028930432937e-18
5.986410526396983263e-18
9.788789501035185405e-18
7.896638610972815742e-18
6.787695837512731968e-18
9.152067301689078723e-17
6.221977588662690919e-18
3.144787959712696480e-18
2.488260431504270431e-18
7.116186552296187334e-16
2.020965241702791862e-17
1.173240978286999304e-17
1.693079963886507596e-17
2.084896296152737240e-17
3.680171228618108173e-18
7.018566341401691253e-19
2.058961814865190502e-18
4.314261661949523624e-18
1.094289866161755335e-16
8.912893362081824633e-18
2.557778826279031139e-17
2.317433668622529372e-18
7.312101081210465397e-18
2.353777666457660359e-17
9.982186471646985112e-18
3.161393988416339725e-18
2.911118627669776682e-18
1.045662660568151113e-17
6.875147001481530360e-19
1.164878937365567429e-18
7.400940136847467926e-19
7.955957789239063180e-19
6.923631352105428996e-18
6.997967807778749593e-18
1.545332067394126354e-17
9.127371895335288885e-18
1.098513110111230824e-18
7.297227427602017157e-19
4.157996634606564038e-17
4.259768489024063216e-17
8.854997182628659106e-18
8.511248056221254942e-18
3.536805345215793666e-17
3.797075869086306182e-18
1.213890077657485671e-17
1.082014311959516020e-18
1.249100240496845583e-18
3.457517126629099432e-17
1.621258735988246001e-17
4.777488214772316338e-18
1.090154888395239101e-17
4.561151317669105093e-18
2.901681028463777411e-17
1.257874466940158987e-17
2.430175743335218310e-17
5.829504249452382460e-17
4.934274672696792403e-19
4.768747377710155984e-19
8.617971610348535793e-18
3.891134087927839734e-17
1.251205655584487509e-18
1.843612012988228756e-18
2.415109368850752159e-16
2.448600067836393539e-18
2.837430840055771633e-19
3.210133968919577838e-18
4.707907823016784612e-19
4.335944802438427168e-17
1.804222735057112144e-18
1.918670608991840495e-18
7.133023078402891691e-19
2.457509919530354210e-17
2.600710097076427441e-16
2.017611406754000427e-16
1.975322886094145726e-18
4.420307620933851729e-18
3.910506108574759801e-16
4.484033480776666912e-18
2.680800237080281677e-16
8.703642838109802724e-18
2.666694296373167309e-17
1.448667155944329634e-18
1.825179356321575644e-18
2.370720229030293499e-17
4.804798420990992394e-19
3.633937546579947452e-18
2.362890539503070311e-18
3.333692465780947759e-17
1.058102339758115586e-17
3.105042861377550168e-18
8.403751211963403821e-18
2.929812275689789894e-17
2.049986890566723905e-18
4.577179401634193003e-17
8.073336200416084096e-19
2.247102750204542208e-18
4.254215253565641825e-17
2.912452470456255248e-18
8.099081509682881549e-19
4.159502394601760884e-17
8.971336538085731568e-19
8.615538379731867180e-17
7.170035583128926808e-17
6.128505318999372904e-17
1.784133359425438342e-18
3.294822086755782737e-17
3.588504903372635408e-18
1.581473935694549313e-17
3.967551766129126856e-19
7.546225881902122536e-18
1.986700452440534499e-18
2.015593586271895100e-18
3.001936581933331628e-17
4.637207592282312696e-18
2.936262360201663371e-17
4.636785772340767959e-16
3.049925885012943798e-18
4.585139506144490923e-16
2.422001136923612193e-19
4.684964148622302006e-18
4.239530668317763173e-18
8.443031743076308014e-18
2.034941923193052233e-17
1.254971403869125932e-18
3.940488547693816149e-16
5.931298161700308521e-19
3.199947507894448215e-18
2.315298982436115662e-17
2.007665023081448321e-16
5.877053698061822048e-19
8.897047166442783800e-18
2.823019816457843945e-17
4.091610400771638953e-18
2.641526509936162753e-19
7.179003456643612153e-18
4.736516657301570069e-19
1.668919813124524656e-16
2.027297841346827921e-18
3.619983377619024801e-16
2.512437097717512211e-17
5.267708969580484781e-19
9.678809486235216730e-17
1.490931355968379865e-16
7.541928486047437828e-18
2.459702000340486197e-18
5.839848234690628618e-16
6.298838343865094785e-18
2.524918530863128822e-18
6.927231309042263027e-18
6.055022813074394882e-16
6.684791337558842808e-18
2.469335494830894284e-16
1.532358893824998464e-18
2.108631788045040059e-18
8.582328078057330101e-19
2.346259972110634924e-18
7.405036923960746056e-19
1.925898945648464238e-17
2.390891871132942871e-17
1.005639339312874914e-16
6.028102150765031706e-18
1.874273554049127274e-18
6.750155842428909707e-17
6.716035232292932740e-18
3.143008823365178718e-17
6.387470777505202680e-17
3.168851507953730842e-18
2.116557224836692632e-18
3.444194935912739023e-17
2.009696584113090928e-18
2.582888019324747500e-17
6.258948869601212855e-18
1.901518052495846956e-17
1.237770886221893658e-18
6.987737368320317134e-17
1.273226386219302978e-18
5.320744730494042510e-19
5.199803247627788380e-19
9.965225908577984056e-19
6.226837317029559246e-19
3.533704148007964353e-16
8.147074670261588378e-18
2.795998954072958536e-17
3.517146218936029298e-18
5.138677412853430451e-17
4.206838099882583939e-18
5.590809560859947384e-17
1.119185858705602568e-16
1.188214894252453361e-18
5.299076074805158937e-18
9.713135349549122651e-17
3.911265997889257603e-17
2.868772578043485426e-18
7.976074189904373753e-19
1.105491927326474786e-18
7.602019177067597107e-19
2.148599150772377362e-16
1.235388902599497689e-17
7.997889108279239903e-17
2.551750393334543375e-16
2.441706213201236819e-17
6.161433551639596972e-19
7.795492631105984265e-18
1.870970693610548332e-17
1.126770064595005527e-18
7.281411502768438814e-17
8.860015051520317208e-18
3.529341676875776998e-17
1.715526810950291561e-18
3.744540084985320288e-19
8.184117292138133747e-18
6.301662716250217363e-16
1.154900681440616739e-18
5.765626382145225895e-19
2.538238412914195895e-18
2.335871442064030195e-17
1.450172870991307925e-17
5.255168523103598920e-16
3.133890745862759210e-19
5.632059582987241430e-19
9.525926657896346195e-18
6.951551197665784301e-17
1.166760855914499806e-18
1.429548041228760694e-17
1.302980032848766036e-17
8.309226125596427888e-17
6.139767171750877362e-17
9.478541937275817810e-18
3.290806989552384623e-18
8.000138035972041132e-19
7.736066494525135455e-16
9.442773467908749500e-19
9.059353554584135340e-19
1.313811041483494462e-17
3.091125047673158467e-18
3.085212063017230004e-18
2.778561423316900920e-18
3.542333692118754061e-18
1.789599159994248720e-18
1.420259152157412177e-18
2.361179894809278691e-19
1.421748834876755932e-17
1.763785807625002210e-17
9.102613380998844052e-18
3.625018894373389416e-18
3.314110958415369150e-17
8.456412195630829457e-18
1.421908730969806759e-18
3.920316758227041703e-18
3.369717374736737375e-18
3.365149674104346054e-19
1.234670014917943577e-17
7.685089325138235750e-19
1.224141654090094866e-17
2.000994923409379193e-17
1.719990692449420783e-17
4.834748598457555847e-18
6.678168202655847290e-18
3.112166699500670145e-19
2.462449409568529146e-19
8.011123435151715775e-16
7.894448070900309964e-17
3.721173266301937185e-18
6.613637671235830378e-17
8.144180416147246738e-17
3.641996373966051021e-19
1.377534907722417645e-17
1.298519693910298723e-18
6.212157703410773365e-18
1.174816020217640248e-18
6.862019748566446979e-17
3.824189656088385560e-16
2.261382866623791556e-18
1.200490804668027868e-16
3.219506943017850605e-18
3.166054214349737153e-18
4.552129554836176770e-18
2.309725009103644600e-18
8.050537054199886188e-17
9.649286269408131962e-19
2.345052104073191523e-18
1.038723826964056992e-18
1.561516846309971295e-17
1.136712373201750696e-16
1.148916831331677888e-16
6.036493605432342952e-17
4.345951901940760501e-19
2.211449102208200809e-18
1.024167721893586656e-18
1.030665823824166735e-16
4.465043452946161731e-19
6.817445589465171859e-17
6.552793786943314257e-17
1.376709825743868505e-17
1.431015460335666423e-18
1.783616282370017437e-17
2.123670865069879205e-17
1.753115358426991824e-18
1.350601625757003645e-16
2.382179023181043406e-17
3.790530521660781274e-18
3.549859390429847630e-18
3.618885595589480835e-18
1.133476703351075537e-16
4.096002812061472570e-18
9.492937242580650863e-17
1.444991741874465024e-16
3.621775487272934040e-18
5.089823620597733879e-18
4.610472496040885174e-17
4.640248020606753674e-17
4.495867356337584411e-18
8.011016618415041897e-19
2.386969398444495566e-17
1.684962151938552680e-18
8.922552583860347216e-19
2.208998648383267475e-18
4.634125816829649280e-19
5.170692870594326907e-17
1.903977548866648834e-18
2.024753203808363232e-18
5.235664783410237331e-18
3.104008121221212560e-17
2.570407574917025018e-17
1.994102937112975264e-17
8.583337684802135761e-19
9.661747099497292786e-18
1.398239993807739854e-16
9.801036758566137967e-18
2.649564533923524232e-17
4.656305188135301516e-17
3.368222722917213111e-17
1.528763432088781985e-18
1.926092854040638970e-18
2.994386629153358184e-17
5.128301954026682199e-18
7.942928085852443880e-18
1.091933488019529911e-18
3.975488769108304086e-17
7.478033250167160841e-18
2.136682004665260499e-18
5.216710271510031451e-18
3.700559263310177760e-17
2.163329914466709675e-18
2.146949107651945947e-17
1.469019058090466949e-18
2.371344237744870400e-18
1.995461143415324704e-17
3.073480900191856769e-18
1.473703657991973110e-18
4.111343725134199518e-18
9.575370008760301811e-18
1.027418588247671442e-16
8.550397562889387467e-17
7.308353820032164744e-17
1.882777439018660325e-18
1.545452934728029195e-17
3.665018796661043630e-16
1.838429649059216604e-16
1.341532321138780592e-18
6.430980229288531965e-19
1.432622990141167434e-18
1.453458022283625081e-18
7.416539298723584243e-18
1.756853694849143717e-17
7.254285555817292537e-18
3.177534359381484893e-17
2.561183179531363858e-18
3.142141784992697997e-17
3.483917196575485790e-17
1.222001647981523278e-17
8.648222558519992009e-18
7.195248467872934611e-19
5.027496861463215626e-18
4.606837117614631623e-18
2.700370120124261557e-17
2.005525991660884596e-18
3.268176602946651179e-16
5.720142788783788293e-18
3.446758478606556886e-17
1.496648170928673086e-18
7.582165617870291526e-19
6.974510233107931294e-18
1.550148598575240572e-17
5.341822042003958393e-17
6.118029067535960792e-19
1.601539327004583319e-18
2.865200842704559907e-17
2.469722547805160208e-18
2.480731723986342719e-17
6.207189246746987072e-18
1.341472683311916937e-18
2.911551469307465747e-17
2.559630333309794395e-17
1.967197345921839762e-17
6.426555257291573889e-18
4.001978812563290302e-17
2.386379560857759084e-17
6.596948921660107719e-18
2.624452685840562122e-17
4.149435402030608186e-17
1.363631207494362942e-17
4.239354152949855293e-17
3.425325598603210455e-17
5.509301005275088917e-18
1.902131054537135973e-18
2.820064877967276922e-18
1.641203944308799146e-18
4.873178743229505344e-18
1.988161653833495091e-17
1.189861313086156865e-16
4.111287304053633129e-18
8.007355604710608207e-18
1.082029880642642726e-16
4.580471547018916857e-18
1.103404947103664339e-16
1.510861413170237651e-17
1.773399037236240224e-16
5.984930577531564890e-18
1.209141286153478753e-16
6.071652576055604341e-18
2.147817297038220454e-17
4.268729424408735446e-18
4.811486799048994576e-18
7.580064775846003243e-19
7.267564472081680066e-17
7.797192993702786237e-19
2.586332422347315251e-18
3.604838109953268196e-18
2.208627483566774333e-18
3.572580050025046831e-18
3.832143639257651833e-16
2.430545349618679140e-18
9.815814244891544170e-17
3.581031103820535376e-18
1.804017232392464534e-16
1.189556024437506877e-17
1.962745660116332269e-16
1.794021603916640376e-16
2.633481765396166259e-18
3.614076809696380397e-18
1.556986672348693856e-16
2.749193154576065948e-17
3.695207705750709068e-17
2.340382190129504522e-18
3.334921511409247286e-18
2.230624975072505790e-18
2.061111270803521734e-15
7.508080272246543888e-17
1.919070393883675311e-17
2.447846772204338006e-15
2.993707334681763722e-17
1.807920664551463918e-18
4.737713307355557371e-17
2.293944561451996832e-17
7.913324983020915937e-19
1.747153661605766292e-17
5.384677171711075746e-17
3.903383075667679494e-17
1.344900821500338200e-19
2.766285799646010133e-18
4.973900077745378867e-17
1.453601649080200121e-17
3.483972185479464244e-18
1.691780815779402203e-18
3.269453359328235160e-17
2.863946297541088240e-17
2.983936773056684536e-18
1.212207313425248006e-17
1.569705686874476858e-18
1.652588933846109802e-18
5.789385177778759747e-17
1.668004634022394610e-17
3.519750602313012846e-18
8.688083099980665458e-17
7.918865597042279568e-17
5.840479168801640805e-17
1.473219401410413573e-17
5.760587097648005022e-17
1.222451409154801605e-17
1.495264677120346870e-17
3.720730257512072831e-18
1.764900250111445570e-17
1.306081923142974754e-18
4.698061792408767310e-17
1.481496571626592599e-18
3.868724296348803129e-18
1.032165161354211762e-17
3.079660147157462673e-17
6.056495116087002104e-17
2.758068226947767652e-18
5.833740098498822121e-19
7.037323727226396738e-18
6.872166109772109200e-19
2.762857064557914094e-17
1.737378132967617811e-18
2.536030006469003893e-19
1.170482432677277416e-17
4.812129708793432180e-17
3.408273848228007494e-17
2.929589702192541335e-17
2.800966109839275668e-18
4.415061101000553798e-17
1.343443783091892923e-17
4.377412696336395554e-17
7.796394232810142413e-19
6.701529003507751123e-19
4.203269334371891922e-17
8.374138001862982009e-18
