2.027705868176583535e-18
1.604388067859983081e-18
7.444211735803096698e-17
1.381192477496531787e-17
2.890826299748157394e-17
1.157105160279668623e-17
1.424885010976368819e-17
2.372911907499572543e-18
1.621002037394998906e-17
6.958854095599181661e-19
3.444114983327684796e-18
5.468640591949069473e-17
8.797344081548491719e-18
2.047237066502620420e-18
1.699933206412965989e-17
7.843036966424637568e-19
1.757655781197194470e-17
2.459577164050299641e-17
2.523770057745323552e-18
2.719428350731483270e-18
1.032106392900544321e-17
1.990491043012660197e-18
1.689425732881222224e-18
2.142718555558638846e-18
1.837501158849133432e-17
7.426360225790270555e-19
7.506094294469519599e-19
1.056129508155499987e-17
2.737090726405311061e-18
1.593175270493266517e-18
2.112691674859914591e-18
1.154131631985812495e-18
4.367732548527560317e-18
8.740198484606489418e-18
8.400905819488003446e-18
5.630727247124788854e-17
1.953435464261198207e-18
5.435136505154501479e-17
2.499010935938006938e-17
3.616392260410074093e-18
2.362978119352447783e-17
7.259110773254613440e-17
4.462901914422133518e-18
7.676364901681139581e-18
4.260810290363971508e-18
1.983101898987514306e-17
8.857368353366985915e-18
1.660860061532301193e-17
1.618090596103940528e-18
1.681381235765829331e-18
1.202662502637275996e-18
1.714364996155270380e-16
3.818075312885590147e-17
7.661385463927886879e-19
1.111153265538177851e-18
4.703944911131270357e-18
5.984031981345104203e-17
2.819985914194496470e-18
7.845113045100373958e-17
2.971694283269950470e-18
4.254534393863775317e-17
2.101677421976343951e-18
2.234993840159163632e-18
2.430616849255451210e-18
9.236182527234033891e-17
5.065442246324380234e-18
3.929732140436004069e-18
1.190536002105028998e-18
3.893205151240993471e-16
7.047571879050242147e-16
3.949331979299812149e-16
5.221435018892736870e-18
1.731407493008610795e-16
1.002237064025499986e-16
1.687502875586211492e-18
2.126089074094804928e-18
8.909996489663958830e-17
1.211754457924630132e-18
3.200606290076301914e-16
7.837008643045201106e-19
3.271100048656802380e-17
1.024852724852885360e-16
7.588285253274802377e-17
1.900401198784872892e-18
1.101126011079260065e-16
2.387959690085155987e-18
8.542862865039695485e-18
2.402938348973281716e-18
2.617573220424119195e-18
7.940081504473202260e-18
3.392616377569040570e-18
2.410601152727206396e-18
1.420932164397393016e-18
2.262541753276161422e-18
8.453775596407181703e-17
7.035413129912013263e-17
6.013438327904125362e-17
2.078275994665680299e-18
6.149466905712531431e-18
3.692642364992450099e-19
1.980954342853553172e-18
1.185460697783036670e-18
9.926132207200770617e-18
2.754990793530187408e-18
2.795057386158105155e-18
5.183297221022464590e-19
2.079744469018969408e-18
5.069900751209187124e-19
4.902824938233650462e-17
5.384452858345692038e-19
4.848215427614408182e-17
1.151732632827996594e-17
5.148115396384396335e-18
5.708032204719088246e-18
1.110577003961133059e-17
3.513634791257190969e-19
6.229963122866873186e-19
4.166577122389725630e-17
1.772206456776362347e-18
3.292809136835105856e-19
3.997713627170753110e-19
2.000191403210876271e-17
2.012127810567092282e-18
1.170297149991374848e-17
4.874370383971782926e-19
1.835049203867354263e-18
1.038280887252621621e-17
9.443096263192422273e-18
1.415218924063043781e-18
1.662707186947170781e-17
1.146642470577706697e-18
3.827682720571756633e-17
4.338102378633834074e-19
1.803506358834556638e-18
7.855445719798482792e-18
1.485381299519958272e-17
8.287516601139536608e-18
3.790611414357997843e-18
6.174914038801227988e-17
2.824970404322692864e-18
3.891115672585131656e-18
3.106798803782898840e-18
6.402434424855519611e-17
9.000289707009889225e-18
2.460143286664139071e-17
1.627530991786879351e-18
3.249582153990689198e-18
2.416860323039542267e-18
2.591246304844832484e-18
2.085324607657567946e-18
1.807478450279777626e-17
2.356267986615337750e-15
1.059006732564676952e-16
5.342418579059548629e-18
6.351961967155561899e-18
9.036707077576373077e-17
5.952100761608150730e-18
9.524341241194474239e-17
4.926375522956789129e-17
2.885979233871204166e-18
1.287100253896695292e-18
1.043703333791611200e-16
1.028400863393509926e-18
2.545483727820493101e-15
5.547006983300316418e-18
1.784596699878757429e-17
5.561998644823185311e-17
1.707851222089881900e-17
5.721320087209882087e-17
1.190324458329192586e-18
1.908349799637085350e-18
2.806296716871661382e-18
2.002764386235003336e-19
3.645571338506987107e-16
1.681455179410356147e-17
8.472788224660874112e-17
5.150678115501514540e-18
1.557186758261544879e-16
2.558221588777954347e-18
1.694197536968738121e-16
1.498299447683429794e-16
3.346119382811358685e-18
4.696317641249028056e-18
1.300336777515699547e-16
5.080330047750265039e-18
3.854828154488142180e-16
2.266382306160127512e-18
2.227736189565569546e-18
2.160095473510450673e-18
2.222572876781700724e-17
6.983570243812000182e-17
1.391319423037530019e-17
2.639604139517434575e-17
8.587190321520721141e-17
1.750756531288575842e-18
4.406739469643475685e-17
6.579981385621875351e-17
1.050026504608123624e-18
1.266680384508390744e-17
5.008506822695891432e-17
5.517806749321920319e-18
4.175304566233964017e-19
1.746270913610521182e-19
4.626426372535745366e-17
1.378783518470400923e-16
2.327302425103467450e-18
1.638288875617972582e-18
3.410682663307523431e-16
8.214982020015740296e-17
4.031946505075360545e-18
1.149813957474256332e-16
5.575957281975227540e-19
1.600336190738830247e-18
5.384942167833862351e-17
1.209297612233726068e-17
2.351202500026600741e-18
8.081138774857024115e-17
7.365658349801243204e-17
1.079282543866864762e-17
1.068078989760224886e-17
5.358155904476557142e-17
2.665788050953141959e-18
4.377789785857506522e-16
3.676702141195365443e-16
5.167220496959139102e-16
5.836184328286052780e-19
2.859793830750708832e-18
1.333334496320907558e-18
1.114834922697580840e-17
2.250832657349211698e-18
1.431667635528740709e-16
5.712651911049451196e-19
3.679380680459796923e-18
4.812269844222576446e-18
1.449833985761745814e-17
6.534162197869122977e-18
7.923792962002371052e-18
1.563625756687335527e-18
1.433603250556633982e-17
9.644601442656394567e-18
4.538932410617968473e-19
1.584433063508930055e-16
1.361903119692806552e-16
1.116169510293640169e-17
2.687526272947357490e-18
4.282218034571620674e-16
2.664609018949094431e-18
7.412932641903544802e-18
6.371917788828885623e-18
1.954009332810646025e-16
2.413142104950893031e-17
1.014304463070230017e-17
8.025512986212319127e-18
6.657356939605306391e-16
1.538512102067375829e-17
3.721879983666678512e-17
1.288900947159520085e-17
1.587181272095403834e-17
1.186984353117090435e-17
4.591845378142081996e-17
2.047043579279872626e-18
5.260356662333161214e-18
5.935637447900147835e-17
7.981492577367350604e-17
2.210012168386518788e-17
2.098465925114038819e-15
9.982358849810732199e-18
2.233208638230621120e-17
3.166655504676963666e-17
3.854671142433935039e-18
3.835444633619048413e-18
9.363905103208258829e-17
2.139941844528798314e-18
2.229773631476983332e-19
2.303598960761092838e-18
5.205126834480404502e-17
9.452026433020149003e-18
9.553509326638933722e-18
1.176424036563565511e-17
1.269784378715348758e-17
2.102738308838612480e-19
2.271317590446251523e-18
2.263936845714882973e-17
3.905597766271265380e-17
7.929646570937023634e-17
7.621819360463549295e-17
5.374934173644950541e-17
2.387604185252635129e-18
4.358047589932503459e-17
7.078999008881109653e-17
3.887919592227161752e-18
2.632124408998814440e-17
5.820562221470113200e-17
6.294415954527461350e-18
1.098121618862802975e-17
6.009388685916121189e-18
2.208979791690734447e-17
1.267066873401680692e-17
1.850034188673924430e-17
3.174035628779562906e-17
3.157842351990682090e-18
9.535121976067353991e-18
1.457601167366919764e-19
4.020800825983748526e-17
7.176024346073851064e-17
4.097716598168561022e-19
3.649820621145319094e-17
6.122493307256991165e-17
2.775715139968157586e-18
8.026636933598890159e-17
5.506528515670741030e-18
4.480434251071660428e-17
1.397022619395854987e-18
1.485640430003102001e-18
4.564999694756899441e-18
7.714135783764040221e-17
3.930308690925788497e-17
3.049104033467831997e-17
4.390464653118925775e-19
4.184867582545675580e-16
5.385560325171040816e-19
4.245199194708369939e-16
4.051344470218702477e-17
1.472091175833025718e-19
8.370766576577234899e-17
1.121713381339266002e-18
1.413249481724823818e-18
7.441702516322216470e-17
9.607206124758915456e-18
3.440382149798246272e-16
5.185497660120110757e-17
3.444783221830816122e-17
9.784987247492714153e-17
7.763866540413892350e-17
1.605165810513478807e-17
9.196695214125069986e-17
1.587319569773646335e-18
5.127843687973009251e-17
4.930215133475024577e-18
1.739947795327502025e-18
4.766024864021377690e-17
2.255132861416876377e-18
4.945937247631050626e-18
3.845999384484583888e-17
1.793820922006422424e-17
8.902639449253249467e-17
7.408967242845675913e-17
6.332729402753865070e-17
1.381467271587813775e-18
3.691210494072514728e-17
3.974653428319502315e-16
1.901860464892112591e-16
4.514050594822515062e-19
2.104646382037885971e-18
9.414952863654089842e-19
9.551877125573570626e-19
9.202028359685306151e-18
1.881580785524970655e-17
9.000712963979692786e-18
2.478268264389079285e-17
1.984345833923012771e-18
2.450664379117534382e-17
3.606921629158221342e-17
1.881211681815345547e-17
7.970926334668243341e-18
2.354766010134003798e-18
6.237837734558413424e-18
5.041452988387290636e-18
2.106111473208783279e-17
6.748287501492319220e-19
3.544284507105311151e-16
7.097234174016557178e-18
8.605319455837099328e-17
1.273495115001305387e-18
2.481391151381000923e-18
8.653583345944129865e-18
1.660200747699758651e-17
6.254412120504838747e-17
2.002227853780338926e-18
5.388934308761083175e-19
7.153378662775969858e-17
2.149388352388658770e-18
1.934807938698498517e-17
7.701534257673224642e-18
1.141456584312248790e-18
1.747677691864853095e-17
6.390478718974920409e-17
3.028403958126464635e-17
4.763986463279657963e-18
3.121280831047775808e-17
2.555799576165068290e-17
4.890298784263645254e-18
2.810774602731519263e-17
3.236287293518579045e-17
1.256836746399879470e-17
1.058414652462437378e-16
8.121947744357243364e-18
4.084028590820025236e-18
1.062323857165942851e-18
1.114417942206538703e-18
9.165983071226067216e-19
3.813240111083298511e-18
1.990395785870427931e-17
1.087005694699061161e-17
3.096281057485965750e-18
4.103894408614906641e-18
3.317442427465085613e-17
3.449631766528351608e-18
4.608747297408928735e-17
1.514927126863677007e-17
5.077834377916184599e-18
8.522763637170820354e-18
5.050391199870029783e-17
6.277792926060424201e-18
2.150230836914889881e-17
3.214853421530023307e-18
3.764966446505190926e-18
5.340450122554224215e-17
1.470073806207320035e-17
5.493425387535906162e-17
4.238318821967402619e-18
2.188470424619611676e-18
1.233499480379550440e-18
1.862786830572302177e-17
3.405737129739108166e-17
8.156264419957984699e-18
4.099909783054628071e-17
4.574525802522330516e-18
7.535093590156595427e-17
1.693972001532375130e-17
8.198077034461960553e-17
5.500368789341816096e-17
1.470776947844217587e-18
2.721823297323193939e-18
4.773633092996943037e-17
3.124939675670619664e-17
1.681161087132920281e-17
1.915297847684456834e-18
2.920383313249670579e-18
1.825475869610494268e-18
2.115567432282209555e-15
6.696418236577577921e-17
4.993523697178967336e-19
2.512520786164913175e-15
4.690188705309491512e-17
1.479547473999564440e-18
4.225542167992725832e-17
3.593882657829006174e-17
1.774370723467542062e-17
4.546187174606699557e-19
4.802565916086008320e-17
4.281679900879179989e-17
3.536109354434979230e-19
3.009084108901231217e-18
4.436195935550755493e-17
2.498896973126583291e-18
3.050906655371550181e-18
1.384502141950092061e-18
1.487461112225079004e-17
4.486894367303939101e-17
1.736792189572946862e-17
2.083914247233434488e-18
1.675272860915485774e-18
1.352428693677360188e-18
5.163522908293254077e-17
4.340237176052226066e-19
3.082237735019971792e-18
7.748856698651653508e-17
7.062795558147887584e-17
6.638727820610468983e-17
3.833395593790102616e-19
5.137838048519059282e-17
3.034822236137611302e-17
3.562601953685275235e-16
3.698663866873117287e-17
4.205032844897870810e-16
1.098559281914284983e-18
4.702199718472332861e-17
3.782175396903534305e-18
2.156236567070987972e-18
2.562423143845114201e-17
8.533872905400620334e-17
6.139649559463708804e-17
5.123647378580200551e-19
8.335503299914772041e-19
8.868144300325879290e-18
2.677270723744222724e-17
3.177186182994506022e-17
4.435426281421396242e-18
4.589261201942310116e-18
3.327530196323616464e-18
4.878199268781745809e-17
9.444475837512456455e-17
8.118021141572222873e-17
5.925610753352137335e-18
4.418949767691056384e-17
8.124709343302956922e-17
4.381268203327899461e-17
3.037333163496988312e-17
2.610793615698724952e-17
1.164744308549955902e-16
4.667332483309070006e-18
1.700158264025721059e-19
1.345221550662728325e-19
5.808529915339832852e-17
3.000008908706908828e-17
1.578954068147324203e-17
2.513281708166892854e-17
3.094910953004943023e-17
1.989601082019017791e-19
1.344875412485852417e-18
1.015325778401133497e-18
4.986056948889906669e-19
3.125837189479100447e-18
1.190455257446487016e-18
2.754149674806446257e-18
4.725872169158198658e-17
9.963360619106386129e-18
8.444461023543797722e-18
1.343408066212005063e-17
3.653670476954600981e-19
2.485080059930782857e-19
1.396644794477917691e-18
1.853561957073782135e-18
1.259174205673069366e-18
1.995317493761924480e-18
1.524495387385062287e-18
9.434037520629842248e-18
9.535327273984408140e-18
2.293958289548171848e-17
3.835739128745738740e-18
1.187436160511222322e-18
1.967356210565939014e-18
2.233776844511602466e-17
2.556723034247907958e-19
1.182722323996469854e-18
1.136809292374743683e-18
4.857023996627155938e-19
1.715748349689741946e-18
2.062675598790660690e-17
2.073321492351291981e-18
3.367614810065508500e-18
5.132489153130829369e-17
2.754887691727821535e-17
4.078308793822116975e-19
1.484756167174625434e-18
3.893632530852767018e-19
4.307381817355048693e-17
1.713184880609166509e-18
3.607458816850472950e-17
3.131751358101055640e-17
1.809466498850334286e-18
9.904145284036071087e-19
1.877877928481351287e-18
4.072647737140355365e-17
6.966602903367040631e-17
2.438049837378473630e-18
2.490401222827808783e-17
7.212915931997688811e-18
7.144833413020389692e-19
9.456189580492162328e-18
9.518544048291171425e-19
4.538207984865445185e-17
1.058810721802049896e-18
1.125974622164774089e-18
2.615777829984912959e-18
8.859446530601093614e-18
2.681788116726907840e-17
2.080511126898789262e-17
2.612228390400795548e-18
1.060553680373819526e-17
3.875515652508120743e-18
1.075843271277221818e-17
2.764375094018523050e-17
1.896545906863362328e-18
9.613566701977724040e-18
8.501524159032307007e-19
1.071109145303988556e-18
8.546565342906979978e-18
9.979019195781427879e-19
8.718818167817382362e-18
4.135935985154715044e-17
3.489202574438838231e-17
4.841172507030051476e-18
9.146619498444883250e-18
1.643788001431650186e-17
1.056212021562578815e-17
1.203037771950580789e-18
5.594096789410727964e-17
2.618714743169993653e-18
1.318715499298997229e-18
5.199379312713184993e-17
1.709176945029647985e-18
2.627065642881174941e-18
3.982531253693455185e-17
1.863244441936611898e-18
9.017436072254765301e-17
7.504503451433678605e-17
6.414387876509046268e-17
1.047021242654146434e-18
4.026836625765520227e-17
1.273094538797538648e-15
1.983370927908800296e-15
1.595828087273722101e-18
4.621815366197029840e-18
1.715325498959424775e-18
1.740271951830514633e-18
6.925777323705936487e-18
2.478201626296242652e-17
6.774260120325081483e-18
1.467098004087689443e-17
3.392115401180172847e-18
1.450756913993097873e-17
1.289603190100031793e-17
1.763681930259161730e-17
4.169167930216561937e-18
5.171079485047610855e-18
4.694820907120011987e-18
1.212629304023524986e-17
1.246786711160376728e-17
2.385685873399719104e-18
1.135245960765005747e-15
5.341633559703099470e-18
3.876810202027239867e-17
1.431387858225287978e-18
5.449149011860753774e-18
6.512997891715776930e-18
2.186625323015209383e-17
5.639391479277563299e-17
4.396903698506010656e-18
1.905121032594910358e-18
3.222691675903183472e-17
1.777097535907453529e-18
1.145377563012664334e-17
5.796451525102858743e-18
1.282978690871687743e-18
1.022847177117873847e-17
2.878995163480532462e-17
2.839202727743448435e-17
5.080836958364287734e-18
1.847751893218143583e-17
3.366205009567161647e-17
5.215550252303922417e-18
3.702028764976982126e-17
1.915834010869634265e-17
6.573845042097197834e-18
4.768297962323977761e-17
1.528663528103520531e-16
4.355655408174657018e-18
2.164294788517187542e-18
2.015846690021713218e-18
1.867405053447142136e-18
1.050094309420380323e-17
1.944167358581216310e-17
9.852797446982070166e-17
8.549918229379218115e-19
1.304588525306672289e-18
7.175206820251833365e-17
9.525643498666788415e-19
3.760374000809411520e-17
4.918503103737160139e-17
3.205650692257768040e-16
2.483122145252089065e-18
4.120720563825442200e-17
9.564721940457624437e-18
2.100290121301953883e-17
8.877338123768262462e-19
1.036800653896037923e-17
1.889090107114716594e-18
3.316369121167634165e-18
1.943202410961473895e-18
7.587973052205780174e-19
3.594662227477874942e-18
2.513034494157183206e-18
2.064790348970626185e-17
3.499008506898116490e-16
6.111149651178976625e-18
3.345202754451411288e-17
4.731326948872353482e-18
6.148041583017706554e-17
4.935417159871349279e-18
6.688983740626242501e-17
1.189659941780583061e-16
2.996444880549470404e-18
7.515908987224775548e-19
1.032476236593615068e-16
1.205649545648337296e-17
1.044856777732562526e-16
2.928123930942833319e-18
1.682936166478256325e-18
2.790803313243109122e-18
2.046822532138029532e-16
1.582446838988056463e-16
3.961682387279755722e-18
2.430876973767614300e-16
5.150550402792661648e-16
2.261944987210087849e-18
9.985481208784679538e-17
3.946637317580872207e-16
2.234274466115985849e-19
3.606781653823199321e-18
1.134906002649292829e-16
2.159546458085957552e-17
3.211979176031021683e-18
2.070171704117824724e-18
1.048328223735884090e-16
1.140839782607774626e-15
1.758153160093421052e-18
2.116638860732211058e-18
9.244704963832586701e-17
4.927301872661128857e-16
6.877477123709829154e-18
9.513846718588284861e-16
1.806807752014936757e-18
2.067604695341803179e-18
1.220204625159009946e-16
3.443388320495388515e-18
1.776208395115450211e-18
1.831151125175196866e-16
1.669026352679268485e-16
2.561322781017942062e-17
3.041278409467371074e-18
1.214134973634329632e-16
2.608214260704455013e-16
5.574221546308651120e-17
4.813760923223947297e-16
6.579400390975019959e-17
9.117539531424990022e-19
4.561182141531109231e-17
1.069182962999054014e-18
7.552459862799507101e-18
2.202220777926605699e-16
5.318691307120206135e-17
2.327329818096409717e-18
3.357018388255064175e-18
1.030774700208858361e-18
1.411272887884863125e-17
3.550125600775296570e-19
1.642787603442085592e-17
1.253850421008108538e-18
3.502004786219774780e-17
1.581398253958341286e-18
1.849157432666820283e-18
5.886219784864016616e-17
5.059513887226227809e-17
4.099232623520788907e-18
4.286426772885681671e-17
2.849991371089987913e-17
4.249875267477906382e-17
4.027577086688618603e-19
3.461975350953798438e-19
7.259207510557065006e-17
1.634785430543692767e-17
5.357176716550127551e-19
4.238775720060137235e-19
1.351019142555636682e-17
4.985732675691014664e-17
4.789999716808343975e-17
4.176837841800017922e-17
5.143450948417909492e-17
6.269207295194456451e-19
1.630639247981829678e-17
2.521920141062508840e-18
7.265400682706549708e-19
1.197009251593398287e-16
2.572270449519181689e-18
3.768581326227900606e-16
2.200324715080086900e-16
1.147387695924720813e-16
3.692646764036490937e-17
4.075434736530372260e-17
5.323922339788111406e-19
3.200748715612617455e-18
3.017793496091833173e-18
8.827935829512829063e-19
8.747657502409468569e-19
9.503073111320582346e-19
1.848425503922648902e-17
1.086430471391859377e-16
1.098095071436487443e-16
3.812342945942208465e-17
1.278376900301495187e-17
8.249283372649738498e-19
9.369902265413351563e-19
9.351075715872438962e-17
5.696850845474885206e-17
2.555561550904839863e-18
2.456355189515224243e-18
5.029612401808464151e-17
2.659852614165627379e-18
5.962019814761842625e-17
2.513868100884653442e-17
1.603889599067335054e-18
8.529714296556474955e-17
7.962810543332416245e-17
5.252805269405014172e-18
3.831523476922926618e-18
5.014944799219717681e-18
7.158463500270398126e-17
4.421000724216157417e-18
5.995257296463659389e-17
1.311019233852438560e-16
2.955282818690768142e-18
7.071949983267759796e-18
1.771281042869365995e-16
5.575214852604656885e-17
1.221725168340004451e-16
2.165129820357588509e-19
4.777403453717415292e-17
6.129105835067316188e-17
2.271683307593650880e-19
8.035306009624481980e-17
5.791202898467002999e-18
6.212539407888138872e-17
2.271894120900193387e-18
2.416007952795574193e-18
4.272178171509778704e-18
2.777167474903803450e-17
5.144546064927509934e-17
3.991100290200518365e-17
2.319810489076350160e-19
1.668473645015114002e-17
4.668088300989569800e-16
1.692527382169090455e-17
5.302974878296385750e-17
1.788889341958067729e-16
3.013561250167544443e-17
1.824175214501410677e-18
2.298282894148392470e-18
2.679088723034591127e-17
7.125412906491237507e-18
1.371653184358829813e-17
6.818694215444924305e-17
4.776512792735899807e-17
6.711062654687145061e-18
7.772251814327263065e-17
2.648807920034853204e-17
3.310903974367077045e-17
2.581362641156154778e-18
2.032759327734009493e-17
6.096657160896083594e-18
2.829572772835473789e-18
1.889328553691014962e-17
3.667387355487105687e-18
6.116098977786199082e-18
2.678572059767899514e-17
1.330429948479874320e-17
1.234433881034557369e-16
1.027322317182133280e-16
8.780919163067808136e-17
2.246597391453585038e-18
1.463254931123213918e-17
4.300983175554361065e-18
6.847663417169423408e-18
4.142216982900036725e-19
2.787807860986280175e-18
2.502479475653986738e-18
2.538873726388405620e-18
9.019553878174585177e-19
1.890295852886041893e-18
8.822230528680478494e-19
1.016595282710856829e-16
2.611396223321408398e-18
1.005272061591184055e-16
6.890461458494213244e-19
1.360542936689441043e-17
1.022194602659316226e-17
3.119115519766542756e-18
6.114142592371234876e-19
8.509824916789154916e-19
8.639351192495170138e-17
6.192414220220453502e-19
3.835279807246773254e-18
6.956497363017610233e-19
1.015761333680417433e-16
6.635898704135399809e-19
3.286842776554009900e-18
8.481984425299738974e-19
1.667890431533901353e-18
4.278883606534993464e-18
2.652144606282861300e-18
4.945034342124037895e-19
8.443760267253828676e-17
2.607556674326298438e-18
7.936657430091760044e-17
7.548814290338293396e-19
5.947875401671019385e-19
3.338702457480208810e-16
7.543242548699602698e-17
2.190223277103667034e-17
2.523409298279756983e-18
1.280361538923714302e-16
2.567637476317426021e-18
2.590314963884630803e-18
2.823793490991880654e-18
1.327537637213416944e-16
1.611772188893680027e-17
1.249339649143285143e-16
1.145307749955138827e-17
2.163246222454821776e-18
1.949823237391949723e-18
2.911229295761188957e-18
1.682353894743239593e-18
1.012109547851147276e-17
2.356748341099150457e-15
1.138296886908790656e-16
3.376059001613491023e-18
3.696336884787352216e-18
1.032723452766095864e-16
3.761338251087586869e-18
5.783753476836186095e-17
1.137281242120419528e-18
2.067195163373551265e-18
8.331864127561332293e-18
6.337995072555475896e-17
1.212338148964486511e-17
2.546002656282399770e-15
3.505345487414149768e-18
9.992967599316961249e-18
4.391837847910087228e-18
3.703133224304191361e-18
4.517640456889256902e-18
3.145471235187285796e-18
6.407628247264653677e-19
2.264004459592253125e-18
3.328423541985183550e-19
3.716102723585529877e-16
8.781661938083264455e-19
5.145187169578265232e-17
2.675971738612429001e-18
9.456175602176289903e-17
1.656029094964560573e-17
1.028818754677599080e-16
1.712270814585437438e-16
2.699511124204282325e-18
2.967765481596920094e-18
1.486037198181390978e-16
1.633655313831675377e-17
4.840122949124371602e-16
9.419901394178028424e-19
3.480397351166484352e-18
8.978135024780352290e-19
1.265602100334967294e-17
1.651308617445815716e-16
8.428236326296009163e-17
1.503072667683889812e-17
5.981910708031437921e-16
7.276774904712983715e-19
1.042000954670545083e-16
4.583671682535685587e-16
3.892021869675871443e-17
7.673206780375869529e-17
1.184292587904057700e-16
5.435421697264009997e-18
2.554928507657703273e-18
3.342257869848072668e-19
1.093947289170070431e-16
1.047724960441442507e-15
3.635949908984959183e-18
6.809318808020076453e-19
4.282453787631265477e-16
5.722627200734431056e-16
1.906039291498857349e-17
8.737330893294975524e-16
3.453086281328749300e-19
6.651573776109936658e-19
1.273303066446658875e-16
7.325597483918964802e-17
3.673289050775980022e-18
1.910835522778801313e-16
1.741655726448221285e-16
3.470592749568833976e-17
6.470133307847775669e-17
1.266969287882565774e-16
1.864558491007628479e-18
1.083007539699140377e-17
1.183448427904231871e-15
1.278302301214432723e-17
9.886172987816125660e-19
9.047554674033843115e-19
3.132312510730248915e-18
2.385574636356143175e-18
1.574322137724786464e-18
2.232710987389981715e-17
1.571237831851279062e-18
8.351990385810486105e-19
8.557979322249631516e-19
2.424334653770149451e-18
5.739704436253273924e-18
6.815129368238746515e-18
3.673320185809561599e-18
2.573137667927074073e-17
1.320768924530605351e-18
1.248411846341380324e-18
2.470951372993667254e-17
2.123911991609576416e-17
1.826028445106931045e-18
8.502550299582495710e-19
3.884820886306106972e-18
8.430046783315531893e-19
6.511629353837542991e-18
5.597186554675548173e-18
3.047312098535813049e-17
5.163751585359631028e-18
9.246426351730011143e-18
7.316078895802601831e-18
3.940269526659185717e-16
1.209862426538242769e-17
2.437605624611224023e-17
1.013572025466956550e-17
1.248135118750794594e-17
1.082058080325446878e-17
2.764256573057585224e-18
2.502895790514567721e-18
6.292764411489452003e-19
5.753288739201321803e-17
3.888492197339692137e-19
2.263661963894043795e-18
2.081331167941027186e-17
5.887758897844186372e-18
2.455825633548521543e-17
2.073967270111195519e-17
4.611196338984549600e-19
3.775533854603126812e-18
4.561987820887592416e-19
1.325042547625861425e-18
3.365970198312504909e-19
1.426378311858880906e-18
3.133447422751104526e-18
5.574960144287725794e-18
5.634816418628576128e-18
9.251219003101333171e-18
8.292811130895158747e-18
3.174203148914520992e-19
1.406389829801672881e-18
9.158145126666924282e-18
3.983146622320940791e-17
3.863233414034013911e-19
3.713263506218881926e-19
1.355726547586908712e-17
1.865836428851256395e-18
5.887064070777353902e-17
4.261504456163823921e-18
2.407382656038270615e-18
2.069862447063407324e-17
7.862700445240292570e-17
6.196095316554875807e-18
4.443745528790480053e-18
5.915520258139343143e-18
1.737107980728678949e-17
5.127412716988592106e-18
1.454838639020158755e-17
1.283970397875464068e-17
5.463060799876976554e-18
2.398466996647475887e-18
8.216928706755502596e-19
1.165381546036147287e-16
1.116475994929290268e-17
1.573706829391960992e-18
2.611721172047217459e-15
6.048249673871548307e-18
3.772466828661471056e-19
7.929302945645026082e-18
2.226563271717581839e-18
1.298600855999799583e-16
2.295714882802662793e-18
2.441339745183510471e-18
7.897440120199621843e-18
3.791330207602906393e-16
2.812431482605553096e-15
2.181863271264976841e-15
1.686135203177614100e-18
1.102090731522986074e-16
4.021608215852335771e-18
1.117979145975978545e-16
2.899041686275057142e-15
8.298613168315956753e-19
4.114049982029818851e-16
1.843301653120742533e-18
2.322380341781354449e-18
3.657435173167284924e-16
2.416599061664786666e-18
9.060294514464284386e-17
1.654532027598206666e-17
9.984296588066852000e-17
1.020242029883422196e-17
7.669719004083100977e-18
4.119160718357773650e-18
4.519975970453564720e-16
2.608428173961243983e-18
2.941255254346679927e-17
2.617271323044660361e-18
2.859240783631996072e-18
2.733721331351861759e-17
3.705839834498126546e-18
2.625617619789164827e-18
3.539730064405699233e-17
4.512181690100012492e-18
2.580324709974855481e-16
2.147401493802220742e-16
1.835466689699614417e-16
2.270152917681777027e-18
2.117223714532138690e-17
5.685263323783991570e-18
1.708944291734288621e-17
3.509432236360382263e-19
3.077415156530557011e-18
4.695828217670104048e-19
4.764120945431629921e-19
8.274452965295510294e-17
5.518074853842383507e-18
8.093430400721177605e-17
4.876903084722785465e-16
4.997830198518985050e-18
4.822582301470404130e-16
5.162041968456809550e-19
1.213475778327035019e-17
7.924949790962596364e-18
3.443140221329068601e-18
5.609056277839405486e-17
1.701142598660517676e-18
4.144547903894500139e-16
5.246431602944004560e-19
5.069672382938128832e-18
6.381824534889421131e-17
1.450729658646004931e-16
1.605145033356411589e-18
3.628291576063555151e-18
7.781291860714062379e-17
4.868837983831929613e-18
2.937241451704528509e-18
2.927658725303299526e-18
4.189607401495730738e-19
1.205953903149447233e-16
1.071167811895495991e-18
3.807445279500819995e-16
6.925210451960452165e-17
1.438720373182509126e-18
9.737069313530299525e-17
1.077340249614382897e-16
1.953472267740735763e-17
2.242950373094946447e-18
6.142266489852948593e-16
7.495343001582870491e-18
2.302419951705485903e-18
8.243103232383527299e-18
6.368583946944342863e-16
1.249587274108256274e-17
1.784330651933241578e-16
1.046786591674774541e-17
1.922816851415657718e-18
8.509797446847932170e-19
3.132486282960438698e-19
7.342455769134322634e-19
7.015312370053074712e-18
4.068048678326173463e-18
6.139281408425859052e-18
4.196848530139759866e-18
6.126093249785049188e-18
3.655294342590156534e-16
4.675797106297925488e-18
9.596330564454726499e-17
1.494532467205030584e-17
1.733451409077559343e-16
4.350500782376607324e-18
1.051592120509914767e-16
1.262786040153858464e-18
4.394725800920292301e-18
4.357567225411410530e-18
6.926502112529991116e-18
4.993566772722584870e-19
6.965406562182570056e-17
5.136605689430146091e-19
1.701939553866524652e-18
1.610278118271225542e-18
9.881008185983422411e-19
1.852385727614207095e-17
9.518431704582737273e-17
1.874847565660183546e-18
8.536829429713694494e-17
4.251921835877818126e-18
1.568956687338863686e-16
8.646991553126118663e-18
1.707003056118758563e-16
6.060532279742813868e-16
1.178173099589198310e-18
3.689290439914383944e-18
5.259785036199084479e-16
4.626843345189115985e-18
3.487539236487889048e-17
1.027253945657607893e-18
3.333922878188003236e-18
9.790786806486705832e-19
5.686394065203693203e-18
7.437187115245921953e-17
3.999767288191102487e-18
6.753357548020346605e-18
9.359708251133542841e-17
7.935428854009724535e-19
4.692978642681838389e-17
7.171927459551597588e-17
1.936161278423065262e-19
3.641454782172854219e-18
5.333833713691207438e-17
8.961099531830550122e-19
3.901122716248180236e-19
2.493136376832306067e-19
4.926935278977786306e-17
3.903440051402408490e-16
3.482928919437250208e-18
7.425661182719381073e-19
3.085712030416944229e-17
8.954015471505062768e-17
2.527737337415603180e-18
3.255209968165036270e-16
9.280453071743824261e-19
7.253637931459294469e-19
5.734720366340543988e-17
3.476490697254915837e-18
3.518696622520702538e-18
8.606048063472300590e-17
7.844093703071829790e-17
9.829422909010679115e-18
3.070515176968037225e-18
5.706194204828398909e-17
3.150701519993681838e-15
1.459442254593201065e-17
4.569484437996095337e-16
1.722618102044178046e-17
1.856374833721457351e-18
4.986300107883272520e-18
1.985395022560627617e-18
1.122052146174650885e-18
2.660264709426512619e-15
1.670755405776397280e-17
2.298521389445588447e-18
1.769187684820062641e-18
1.349365155018072011e-18
2.381144077303121092e-17
6.679124129017415838e-19
4.820944218653203098e-17
2.328309065010091529e-18
3.009247625899152631e-17
1.206575627882584948e-18
1.826267973876372195e-18
1.849032582880682722e-17
1.589340251119201806e-17
2.136165816217026762e-18
4.685936587680096708e-18
9.939528603651361085e-18
4.645978355427414280e-18
7.577390302840252651e-19
6.513280289454913471e-19
2.280327902030973753e-17
2.428764315467241288e-18
1.601706182678184284e-18
1.267323001840157430e-18
6.879270531356971080e-16
3.287189548137061198e-17
4.139680830795310186e-17
2.753869609731007419e-17
3.391176242045850386e-17
1.874388062313269893e-18
1.520678432875685160e-17
7.477434363321165200e-19
2.656938166746346316e-18
4.852294825273232994e-18
7.994401228368585961e-18
1.460526381723307805e-17
2.079383317080503563e-15
3.930005300065632069e-18
2.463240930473450733e-18
3.522129447475947659e-17
1.946944577337067627e-18
1.928222648695970082e-18
9.379049561693220347e-18
1.379220522652148746e-18
1.592433601336228629e-18
1.484699675724808413e-18
1.723778451960739811e-17
3.721216050937091248e-18
3.761169364155779305e-18
2.513551106925004599e-17
4.178581354017233512e-18
1.501709003345566136e-18
1.463893910114220609e-18
3.151164792287565390e-17
1.564186045449487682e-18
7.942471370202959007e-18
7.634146303721960197e-18
1.512309379300914994e-17
1.765819826253087236e-18
4.226614366083459449e-17
2.344347475286604848e-17
2.505815055549705798e-18
5.623804866423077419e-17
5.645021399210833525e-17
3.164440257446990894e-18
7.567428509099183357e-18
3.021146301378650390e-18
4.719712814435660756e-17
8.731672171835233015e-18
3.952788567950313034e-17
4.417927709338619907e-17
2.276376248739938877e-18
8.766377582692610189e-18
1.243058454734144400e-17
5.532087502998032082e-17
2.815806945745248191e-18
7.912808873667581276e-19
1.664781514340906902e-17
2.764990182087576407e-18
1.058180897870224126e-18
3.624923899921049265e-18
5.740251308244229630e-18
6.164482002734756101e-17
7.301007564940419175e-19
7.764134859122497454e-19
3.290745934197391022e-18
6.441293773966128908e-17
1.792719679536864105e-17
1.390778494924134485e-17
8.478113806662542810e-19
3.210211566955900070e-17
3.671299146678994097e-17
3.256491941519161988e-17
1.847927359271394377e-17
1.255415694791448498e-17
6.989579668342537992e-17
5.862208506254897749e-19
7.385811091364550052e-19
6.213812334880289829e-17
8.832650134500894262e-18
2.639116854759022446e-17
1.706380070069089026e-18
4.739563842326123317e-17
1.268004336009825317e-17
3.506253691423032780e-18
7.836165041231343717e-18
7.679229052266313880e-17
8.295522224190662891e-19
5.146631267252529074e-17
1.818285246479458670e-18
9.093175614995479993e-19
4.783486798399564060e-17
1.178559448684557058e-18
1.824083632034539901e-18
2.713767018183211131e-17
1.649198778737363735e-17
1.224884856833500651e-16
1.019375414703373407e-16
8.712993929579055921e-17
7.219713453846564097e-19
3.704734484664788332e-17
5.945445132121627642e-17
1.548536699043492746e-17
1.524965529016104515e-18
2.519337179709386499e-18
1.853933655122612225e-18
1.880895924721997645e-18
1.548839523737138573e-17
2.132709319991706555e-17
1.514955120275431707e-17
4.559870492951374761e-16
1.558866840182046260e-18
4.509080938104063459e-16
1.886889500659203905e-18
1.966946386666454564e-17
8.635242675106539842e-18
2.818739342379339036e-18
1.049921739892727074e-17
1.410138888870322900e-18
3.875123488263093068e-16
2.279749773179188830e-18
5.301682133964781934e-17
1.194571062842353069e-17
1.047677663277122357e-16
2.023614812860365714e-18
2.970314176494999992e-18
1.456527994074786967e-17
1.881782400689519509e-17
4.493037153795280862e-18
2.396738529250813497e-18
1.820524357529052757e-18
8.709072429461066736e-17
1.289998259153356615e-18
3.559934877096220416e-16
1.296283839328201906e-17
1.813802365664274657e-18
9.754160353467670386e-17
7.780259461461838915e-17
3.166421025546198490e-17
2.913458161524924906e-18
5.742976483305799259e-16
2.896913923681071163e-17
2.990705581371424743e-18
3.185919646797937482e-17
5.954581732928984434e-16
1.361584570283950539e-17
1.288595264314037657e-16
3.649617189110071929e-17
2.497623895772869490e-18
1.835487712520439728e-18
5.820927670273774061e-19
1.583702482714531681e-18
1.779750968592701371e-17
2.208480816680701164e-17
4.173375630135872984e-18
2.993847816961610917e-18
1.897083164505749742e-18
2.395032360249619942e-17
3.335508741550719666e-18
3.261570156484831355e-17
2.271563461355397161e-18
3.543306483750458205e-17
2.149897210722441628e-18
3.574117683850989537e-17
1.129424579232931741e-18
2.385828782633366309e-17
3.108497490765287376e-18
1.757220233892655540e-17
6.544444530541671709e-17
7.197783230069626089e-18
6.731907780500584184e-17
1.054694992131750333e-18
3.628495329508749064e-18
2.131245687804741638e-18
1.193235244809668165e-17
5.477592619816569072e-18
1.154823558466444303e-17
2.901470297624931198e-17
2.649915851161682133e-18
5.332519835442454408e-17
4.273104166884188930e-18
5.801707420842383619e-17
3.970999205507497721e-17
2.541214712835617721e-18
2.631778118832231135e-18
3.446331318075744504e-17
2.141367338658195645e-17
9.646362963624496404e-17
2.515038683762686711e-18
2.450755392914731592e-18
2.397090579878369452e-18
2.062353771533229056e-15
1.150428739625674624e-16
4.131971182941499615e-18
2.449322408888179134e-15
4.784793545366066906e-16
1.942840971742855033e-18
7.259381028511596719e-17
3.666374132136025397e-16
1.200943171973179853e-18
3.761815410697928394e-18
8.250694115300343028e-17
3.396199507240485184e-17
2.473231786468450666e-18
1.930173482325604282e-19
7.621279195184392695e-17
1.004816700022499919e-15
2.560289228132571958e-18
1.818033915177484876e-18
8.534928563728551207e-17
4.577398598719852740e-16
5.512196278727743948e-18
8.379504475588928612e-16
9.308636825050905794e-19
1.775917247409540233e-18
8.870809650103489270e-17
3.591398784932312648e-18
2.586581945278933532e-18
1.331235166387373319e-16
1.213371492809648820e-16
4.549193392747970514e-17
3.172004597736055003e-18
8.826683671388320168e-17
2.890354344482567324e-15
3.983254800582234753e-17
8.651211964165256042e-16
4.701540470643638353e-17
3.444741208097077802e-18
2.635978569963254022e-17
2.440225602543035864e-18
6.710793238430189610e-18
2.440443060560048361e-15
6.609305120343405646e-17
2.118227660364039941e-17
3.232780116147301352e-18
1.910540130321507583e-18
2.708113579999483927e-18
2.679143418671375218e-18
3.437047706134820369e-17
2.861697207109403156e-18
1.824071903326086590e-17
7.030828548161440780e-18
1.683017332475197825e-17
7.314547943680682379e-17
6.287236673526539903e-17
6.290584037857753367e-18
2.477193140822601994e-17
3.103265562119097128e-17
2.456069453593033952e-17
3.039457714576886012e-18
2.612619811277889524e-18
9.020699754642842215e-17
1.452600505381598949e-17
9.001636522229572431e-19
7.122393071962101479e-19
1.221986145715176728e-16
9.911901216886068531e-17
8.415276687938763367e-19
8.303775348552052669e-17
1.022545351522512832e-16
1.053411681931444053e-18
1.804028899850519968e-18
4.468064757440917012e-19
2.589591185080905304e-18
4.019213996619256724e-18
1.295319970220061230e-17
1.022771050422485167e-16
9.829930503327708922e-19
7.226456404714195072e-18
5.937164904557255030e-19
7.159898321328465068e-19
1.897594222709086904e-18
3.450389468725091215e-18
1.519672312146904691e-17
2.298027374162168805e-18
2.307436902923851083e-18
2.473774455345618275e-18
2.044972873322120060e-18
6.842536717233071252e-18
6.916002489962149000e-18
7.579140147106750969e-17
1.743320312433636018e-19
2.175976925420911560e-18
2.439108339138467162e-18
4.259523972474770566e-16
3.817066199143702260e-19
1.286905858842472984e-17
1.236948444331546383e-17
1.002470242958614447e-17
1.648001514779209347e-18
4.793106498580387258e-18
2.781173524445177930e-18
4.175134793649858484e-18
1.695752480431788086e-16
6.401622293792335309e-18
5.662495120098744779e-18
8.190698611493109681e-18
5.406082844636404557e-18
1.423140543120484549e-16
9.450831950096266618e-18
1.191888975157037272e-16
5.971845405434157525e-16
2.305925471369221422e-18
8.046194823994925119e-18
3.290664895299643605e-16
1.480753888166643478e-17
6.191959407905890776e-17
1.547085521710978783e-18
3.034884078309191186e-17
6.054958914025758094e-17
1.095916452376482093e-18
7.938098812314953167e-17
3.732884911947568391e-18
1.650024640632660151e-17
1.503077865688259619e-18
1.598423114777436163e-18
3.333462503692368075e-18
1.931944980508599427e-17
3.268114383437251256e-17
2.535378651396854445e-17
1.657612022622524001e-18
2.385629066312874761e-17
1.452512426572983090e-15
2.420021754911482972e-17
3.368757565009981365e-17
3.323377384325802251e-16
2.096393027546205966e-17
1.206868472800038699e-18
1.520536593455167586e-18
1.863716199176350153e-17
8.107022897883198836e-18
1.961227086375340362e-17
3.713160101174633453e-18
1.268621941344032517e-17
8.740156941771552806e-18
7.678226917857892035e-17
1.725959967374624427e-17
2.303240395844701567e-17
1.707821246396391231e-18
1.320073659060771085e-17
5.499243827656864003e-18
1.872036273643755767e-18
1.226929731922126876e-17
2.426331715121257569e-18
5.516780534857190430e-18
1.991410516961238551e-17
1.513712425918515303e-17
3.278605071466615945e-17
2.728525367694340647e-17
2.332175626615560054e-17
1.486341630598905451e-18
9.502375734857744322e-18
1.254503076005274022e-17
3.389522045702257566e-17
9.141918973894852981e-19
1.449210015802235251e-18
2.315138548429787783e-18
2.348808248275959120e-18
2.165050353301382995e-17
7.382430210343205373e-18
2.117684929988085899e-17
7.438691504812634552e-17
3.927294357398023500e-18
7.355836557339913360e-17
1.157753710270425245e-18
1.519205685380319914e-17
1.282462606701451153e-18
1.621436511083891297e-18
1.467636510468682499e-17
3.170262894076346321e-18
6.321637471239905756e-17
1.366672709028770187e-18
1.118667550916853854e-17
1.669835035853190751e-17
4.144579927997952721e-17
1.107711987961036188e-18
1.708627606231116563e-18
2.036012382067904856e-17
6.513839984624107640e-18
4.108477307642547895e-18
1.378687025231791184e-18
1.091374581907471077e-18
3.445281697589944723e-17
2.451342278543918034e-18
5.807458209367234237e-17
1.812014570460240766e-17
9.928621847744106530e-19
3.097936611790787249e-16
3.077846204883867450e-17
2.445641048951123818e-17
2.430455185706916185e-18
9.368737652690438113e-17
1.002774483445788011e-17
2.494896266285240301e-18
1.102814585549731889e-17
9.713937406757766448e-17
2.022156600514166284e-18
5.097642390392843292e-17
3.071643770530007329e-18
2.083559334948337983e-18
2.384452450267904338e-18
6.946997313715654642e-19
2.057362323727337199e-18
1.551539934732150859e-17
5.281033607049001997e-17
1.059133097529540973e-17
5.702708991346451570e-18
1.918915835265432120e-18
2.995436495573505632e-17
6.353507878186145198e-18
2.671817762525342198e-17
2.643112298794145432e-18
3.611301814455859992e-17
3.975512979933290598e-18
2.927850898464468121e-17
1.024174722684545526e-17
5.705117240134597573e-17
5.921094749617467064e-18
1.531898234706197397e-17
9.597984032771846760e-18
1.467785616199378348e-17
9.872914818943211583e-18
7.362104245600695823e-19
9.339852531936192855e-19
2.768666860444770908e-18
7.333575373069694251e-19
2.669166772685637510e-18
6.974053288761188087e-18
2.376830638832230595e-17
1.364348211294946511e-18
4.368301318622917258e-17
7.901671296343779248e-18
4.752651084068092412e-17
4.966478174362024325e-17
3.301251001215983972e-18
5.013035284046265566e-18
4.310282724082308645e-17
8.711806089754903880e-18
1.199714117579522427e-16
1.340036621113762866e-18
2.729051969693794346e-18
1.277192745345038597e-18
5.893428978135420653e-18
1.153963938769727292e-16
1.476777544937839255e-18
6.999239345152045122e-18
5.026485078140609738e-16
1.035164217530314515e-18
7.281688674969293236e-17
3.851571586387544898e-16
3.955908674816378217e-17
1.344482882565754758e-18
8.276048007957561673e-17
5.619710288777830829e-18
7.664229263053120573e-19
7.475920722766870555e-19
7.644698933199775189e-17
3.401176864583735802e-16
2.851023966415118943e-18
9.686658262925306636e-19
1.061485487229739204e-16
4.808614109473934797e-16
1.525931556597043867e-17
2.836355800855082002e-16
3.901901232803228605e-19
9.462256636291513385e-19
8.898069120944162086e-17
1.283575525018410907e-18
2.880302364301881893e-18
1.335325972935092467e-16
1.217100111293392207e-16
1.850765629368766305e-17
1.133682921535155618e-18
8.853807545718916348e-17
2.769027778198178345e-16
2.267501734634379609e-17
4.833778051225844273e-16
2.676391972484384565e-17
1.440123559762743275e-18
4.582576069102014758e-17
2.822171342702060275e-18
2.486129682469100683e-18
2.338002134133319483e-16
2.440610819960906230e-17
3.299096462580330391e-18
9.168733174027124968e-19
7.492468904821221727e-19
1.703984346717603428e-17
6.826662105101088674e-17
2.072868516093962023e-17
3.309611964147200168e-18
8.496588076353418302e-18
4.708069140610488482e-19
2.621265235992653048e-18
2.701035060330570765e-17
2.321680959445038279e-17
1.673908602333685836e-18
4.306531978306467568e-17
2.344710503696310432e-18
4.269809030444732743e-17
7.744770457435694711e-17
6.657154871362629638e-17
3.331063859804991569e-17
5.381410371158437539e-18
5.195117316840923529e-19
4.110548953417792017e-19
5.841252178712035141e-17
9.230646028684848565e-17
1.553488137605723240e-17
7.733048308998700342e-17
9.522647554337430873e-17
6.079558152620341634e-19
6.834551202887738124e-19
1.104586993523518288e-18
5.828313186231574489e-18
9.259698993014022533e-18
6.511872747458661760e-17
1.482677751760306416e-17
2.175268503221548752e-16
1.453778982912588553e-17
1.692746081116957706e-17
1.321741105029705746e-17
4.270856919057162991e-18
1.915564842198978716e-18
7.639743802340755830e-17
4.382710110484314791e-19
1.288391752429125556e-18
4.717888236842180379e-19
7.747365805722159024e-19
1.376544119581465073e-17
1.391323562004627147e-17
7.058218031930265030e-17
4.778996541871430228e-18
1.214989116554364052e-18
4.651774342943224214e-19
5.144767731834671475e-17
1.404972900349812641e-17
6.469573065655340152e-17
6.218425601270975671e-17
9.360762192960452215e-19
1.885322296966536336e-18
4.999975341595739218e-17
1.053645695948179774e-18
7.962657746596838674e-19
1.579201664405583545e-16
6.677914130356025769e-17
3.143667307561170623e-18
2.994418354607858658e-18
3.001314003844020266e-18
1.325326626564436109e-16
3.455107555535342818e-18
1.109969217250024042e-16
7.212955658876692992e-17
1.099684740779723003e-18
6.496181032578298493e-18
1.308305311993522496e-17
2.083990279236067905e-17
6.512872271500673271e-17
1.450915200649263025e-19
3.566281181955854631e-18
5.467008389646466717e-18
1.592003030161181088e-18
7.167291045401128474e-18
5.981763182159065179e-18
2.322219336419174849e-17
2.079278061013236976e-18
2.211173612919443609e-18
1.589712197894756039e-18
2.762112631881271271e-17
3.840349260596762111e-18
2.979314181465116928e-18
1.554571125287343627e-19
2.203417245974622274e-17
3.658487569908821220e-17
2.235183057459613521e-17
3.958614695214254156e-18
1.321311170846723548e-17
2.997224931969233200e-17
1.669517724467724722e-18
2.103429537425479722e-18
2.664565558503401256e-17
6.545291225468855775e-18
1.811430639580090982e-17
5.370037627117789171e-17
1.785439035422624728e-17
5.375710455777074048e-18
6.932653313353239995e-18
1.808681841392441853e-17
3.292955780731945714e-17
2.362509175889086429e-18
3.610572256818398075e-17
6.799985538293249076e-18
2.589675519854762122e-18
3.355811564557361920e-17
3.356458383932177963e-18
6.821670220603897200e-18
4.407488555143051366e-17
1.222111838593005043e-17
4.614258421330288414e-17
3.840084694941638063e-17
3.282268156901939967e-17
2.056126042585159330e-18
2.599022711092691774e-17
9.634841417541908559e-16
1.435603703499392922e-18
2.048686088190049722e-18
3.249668978075747522e-19
2.754232316602929574e-18
2.794287878491242390e-18
9.835206459436999905e-17
9.730712101302122107e-18
9.620038846076623887e-17
8.163495971584409438e-17
7.188221397508147751e-18
8.072567878991529815e-17
4.457338243045474723e-17
9.087878512601524196e-18
1.764466692238291600e-18
3.635864969558533466e-19
6.667054216940801270e-17
2.872382603134410468e-19
6.937599441635112640e-17
3.062686700780697646e-18
8.591596671372806737e-16
7.585584467250195241e-17
3.224967560731062932e-17
5.017255336084126419e-17
3.831379901124570327e-19
9.249023747218348925e-17
8.585831461775607923e-18
9.950444117946704959e-19
3.091530149197298507e-19
2.445749004495373531e-18
2.680831810541329777e-17
2.024702943818990506e-18
6.373320047839290539e-17
8.231465554973948987e-17
4.497056228239344416e-17
3.094609365724896242e-16
2.394924055057234874e-17
1.462980882192733327e-17
4.241099756970021585e-18
1.028160020308516916e-16
1.321747652591663594e-17
4.353548261590390390e-18
1.453609573994519217e-17
1.066043521726709084e-16
2.782169202791946578e-18
3.966561540813548704e-17
1.758716869667660228e-16
3.635772854833290471e-18
7.300332975015763289e-19
8.122156618910643232e-19
6.298901037751559870e-19
2.469370402989824524e-17
2.765788988256983044e-16
5.817116045843155761e-18
1.307923490508261572e-18
1.501218156268427489e-18
1.801641701611073224e-17
1.457185034975268200e-18
2.136478515740908176e-17
1.590351977886940536e-18
2.560982427867290295e-17
3.092592333719230923e-18
2.341211526324196503e-17
6.618891711715096595e-18
2.987890555821817563e-16
1.358010539254493535e-18
2.438109439850731992e-17
6.189633558250249674e-17
1.437897537876477992e-17
6.366933376052859750e-17
3.492204397630551000e-19
5.041790882017887495e-19
8.476658855523566185e-19
1.111732190931590782e-17
3.012063341882992412e-18
2.154538729455597001e-17
1.900596540169766014e-17
2.101596562680147918e-18
3.493045838837227472e-17
6.146791168331716032e-18
3.800385294364885049e-17
2.987148685106315228e-17
1.010723931201608873e-18
1.149745957000482251e-18
2.592471952891020310e-17
1.557378466780978756e-17
3.777474000603993813e-16
2.468527698954217456e-18
4.689750828513916930e-18
2.352760826914711529e-18
1.957572764238231311e-17
2.213816116685425688e-17
1.995704244651346210e-18
2.324880873815019433e-17
7.845192675312722308e-17
1.906911724409441099e-18
1.396951776718340705e-17
6.011421645192217170e-17
5.268138135521798198e-17
1.816922396196438294e-18
1.587714125799456788e-17
1.585777800467175488e-17
3.725070973121954948e-18
2.603007032548869324e-18
1.466593290910678010e-17
1.377341212449608543e-15
4.899354118972154125e-18
1.784412743321951790e-18
3.342241098336512099e-16
7.505145962555066951e-17
2.044173484847598662e-17
1.148611169965243309e-15
1.404675137104947463e-18
1.743074945361212889e-18
1.707045442713596275e-17
1.734612726466971621e-18
4.949667704888358092e-18
2.561749167884745500e-17
2.334939378498732884e-17
3.308547628977752203e-17
1.532049174469050316e-18
1.698554103834499968e-17
2.745328015545710451e-17
1.767958017527532823e-17
1.101143709737379827e-15
2.086767376415287994e-17
6.867243019584492659e-19
1.472889297993033146e-17
3.127605148502207971e-19
1.221168934280011098e-18
2.317991466094470310e-17
2.105467013925619056e-17
1.888389418984029046e-17
1.193250260028338848e-18
8.627774239001119332e-19
1.578939989479549374e-18
2.695207949448047973e-18
5.984696193164529409e-18
3.667799776005318559e-19
4.775851019472265568e-17
2.147669350668107562e-18
1.500401577263267597e-17
2.330129890628637812e-17
2.002868559375235814e-17
2.011080383068482224e-18
1.384165754515303700e-17
5.046606592872920704e-18
1.372362603606145387e-17
3.057682741897162689e-18
2.628285456899370972e-18
2.873643360399225028e-17
2.643309886129656426e-18
6.096132656660647893e-19
4.823462144059940839e-19
4.911090451496202712e-16
6.884268263710593400e-17
1.757228014793165647e-17
5.767351373884880205e-17
7.102044660915960575e-17
7.133966517390042032e-19
1.103485858454863845e-18
2.647720611413407339e-18
3.495204571389084477e-18
5.404781907185795137e-17
5.162337051455997379e-18
1.901040654725286613e-17
5.297034426261911013e-17
8.200152725426566850e-18
2.684759413229516179e-17
1.495087372628109540e-17
2.561207359704191925e-18
1.337353008838941978e-18
6.056465478359742684e-18
1.245914540529865922e-18
2.349222275157345601e-18
1.341198803182290589e-18
1.250866129041363304e-18
7.764503508807808808e-18
7.847868096197693810e-18
5.264059118350820408e-17
1.166369863902525808e-17
2.215381689072300470e-18
1.322403979964868722e-18
1.657795250625432190e-17
3.873904033934461821e-17
5.128803654366302433e-18
4.929704576259070623e-18
2.703731155724640942e-18
7.783108623851815114e-19
4.456233205352895053e-17
1.701184307185221734e-18
2.263620184236068073e-18
1.177777575532844207e-16
5.951697889912085980e-17
2.194753651737175985e-18
1.112598839530849952e-18
2.095369587647879137e-18
9.884361296007922066e-17
1.283771404495789248e-18
8.278213499102994528e-17
2.324226137609029681e-17
6.765748788129506177e-18
5.904548551879848681e-18
1.726421916498354582e-18
1.120739454027309649e-16
1.087153410393168302e-18
2.101805245897830460e-18
3.010645080864723977e-17
2.077560914688513255e-17
1.167843637945433696e-18
2.723698717624481299e-17
3.963879412170598158e-18
1.248855552332102647e-16
1.145526806071774029e-18
1.218191397279244041e-18
9.780615277752206040e-18
4.005259834941344007e-16
3.242012623322414605e-17
2.515129101474603143e-17
2.251961896041967899e-18
1.021623027897438621e-16
4.088919252450537953e-18
1.036351370689619583e-16
3.341851988420447979e-17
1.743584271157630132e-18
4.346189397832328498e-16
9.197794861827065279e-19
1.158832464490038867e-18
3.863809638266928631e-16
5.949186088435572825e-18
8.398769040293403477e-17
6.454184685225525160e-17
9.601829671163947038e-17
1.115443398476254158e-17
2.634532185131676575e-17
6.651902712708799179e-18
4.775020169188550461e-16
1.301565981633399620e-18
2.107150142096246587e-17
2.850101853734023692e-18
1.426717658712700278e-18
1.958470378691802435e-17
1.849157707355900060e-18
2.859190630894382475e-18
3.119924840282219857e-17
1.110809358700323460e-17
2.481480607365565217e-16
2.065141314385187968e-16
1.765155748944263652e-16
1.132771774303146239e-18
1.516804175473337857e-17
4.848653554182160769e-17
1.603696095377989157e-17
1.461000407802748287e-18
1.740306799907415770e-19
1.884862566157807964e-18
1.912274643459557506e-18
2.700964246852028062e-18
7.778629967177037277e-18
2.641874482629616732e-18
2.466849590635416763e-17
1.807464105542362320e-18
2.439372890852536841e-17
2.558390784621397378e-17
7.421007641502300268e-18
2.846215275809264493e-18
1.947127714470975756e-19
1.830919884198539301e-18
1.477723809453092422e-18
2.096407519788175435e-17
2.184125008026885354e-18
4.323649340082168175e-17
2.083168515274022863e-18
3.771124024907096612e-17
1.695636455602915679e-17
2.051832522001645448e-19
2.539985567415547322e-18
6.863424300957601962e-18
1.288007481474580129e-17
1.655618149745411219e-19
1.744161935569035219e-18
3.134837500559483283e-17
5.172242439065680987e-19
1.925893269957652616e-17
2.260541683072226964e-18
1.519829463064608085e-17
2.697110472751604527e-18
2.800510539029087229e-17
1.194645404983098875e-17
3.173637892712798890e-18
3.106899463213062447e-17
1.056591315461856779e-17
3.257783717072545173e-18
1.162000362885687785e-17
3.221376030961245917e-17
4.487844695343857912e-18
4.638308832924691666e-17
3.040042956168066813e-17
2.720668496993593374e-18
8.448619235210423520e-19
1.059249815594861725e-18
7.289669752100560313e-19
1.362374284220036749e-17
1.258624594101437948e-17
1.649530499669991849e-17
3.551550867727543261e-18
6.107224094143947696e-18
5.800835640996107783e-17
3.956857425501915192e-18
8.653156982244402439e-17
1.555197175439400037e-18
1.526795698404853253e-16
1.048234188582537512e-17
9.482365826130349185e-17
2.644137102193718683e-18
1.359696113480706875e-17
3.687557830464672594e-18
1.345127324335409781e-17
1.222239792281068070e-18
2.123871159096250083e-17
1.257250409701810378e-18
3.779722610584890391e-18
2.049641119263508614e-19
9.809972134447551625e-19
3.635870139587146270e-17
4.143839758750776728e-17
5.208038338448211508e-18
7.697788721407419097e-17
3.272144366807469772e-18
1.414752068272131814e-16
2.083454900430949196e-17
1.539230575119936797e-16
9.617871601231396724e-17
1.169703036267187075e-18
3.122033728184264403e-18
8.347111242576811522e-17
1.714627014351365752e-17
3.940858182073474383e-16
4.554671993250291850e-18
4.240928358815411617e-18
4.341070934591755448e-18
2.061641194333881406e-15
7.418935157937641882e-17
1.344547547080000529e-18
2.448476127650442290e-15
1.116033816853693129e-16
3.518436284287117519e-18
4.681461378895463360e-17
8.551669947524073756e-17
4.307618357009946809e-17
1.224098489336742831e-18
5.320743696763679159e-17
4.134968905151763568e-17
8.118220754294366897e-19
2.529387488727921975e-18
4.914843850998475426e-17
1.069049269256090973e-16
4.430472019259106305e-18
3.292413834307208657e-18
3.486800485386709368e-16
1.067659781128388752e-16
2.397436829895489259e-17
8.915161477865416864e-17
1.009918846399978600e-18
3.216141605028932768e-18
5.720646514267245117e-17
1.168644749218524266e-18
4.475970452149911213e-18
8.584927548496190461e-17
7.824843136806352473e-17
3.642611776082324179e-17
1.032173462104437156e-18
5.692190360175092155e-17
5.187973966724487652e-17
4.062443571208571045e-16
1.296198990875788437e-19
4.795009060668511853e-16
5.755518363032004393e-19
1.588103828228230127e-17
1.201462972244032355e-18
7.790480833773106971e-18
4.380416224615389812e-17
1.077138813340743254e-16
1.953496082315948724e-17
4.140423402626114481e-18
1.828621838231015974e-18
3.888403717888116608e-18
1.415085249295337056e-18
2.630772681367743109e-17
1.408977607862579349e-18
1.215244313330102026e-19
7.909263388222115289e-18
1.552131447898806178e-17
1.192074408537949413e-16
1.024650326532800482e-16
8.089123778240690319e-18
1.492440020199378562e-17
1.046038428000827249e-16
1.479713585721559738e-17
1.605398108880503022e-18
1.379948430976324284e-18
1.470131224432602933e-16
1.686306818618608598e-17
2.057419791080313277e-18
1.627898708187190054e-18
7.000087731261297803e-16
1.391708429934970325e-16
1.060852752836071500e-18
1.165914984420782910e-16
1.435733624221666640e-16
2.407684466273197399e-18
1.639247777652321973e-18
9.420498516578082200e-19
4.303445504612870970e-18
1.227954450456033813e-18
7.647544945159578638e-17
1.040769296334151961e-16
2.709856702131215812e-18
1.347434141146969489e-17
1.306175547833559410e-18
9.025963287807406304e-19
3.153468151399210331e-18
1.144399450181581770e-18
8.972116987498940252e-17
8.153359787419082101e-19
1.098919637036637518e-18
8.776907270181233829e-19
1.858183778669137483e-18
1.275849056369725437e-17
1.289547373336850309e-17
1.064170536366663871e-16
3.008948192468225470e-19
1.036311662543676136e-18
8.653912513440202939e-19
4.601964319004798276e-16
4.701965125284454440e-19
7.597868188517933266e-17
7.302920545001427791e-17
9.695690368414510809e-19
1.693064949324008024e-18
5.724219377703881916e-18
2.527139404246787776e-18
1.481330314701319726e-18
2.380969069868789439e-16
7.645206797245311928e-18
1.878094157437616090e-18
6.010078150273711518e-18
1.793049245922941743e-18
1.998200594926062433e-16
6.934724533201713507e-18
1.673505312428566187e-16
6.451946192112555449e-16
3.556164814829419140e-19
2.205450244603664815e-18
1.679895972289677483e-16
3.509216072622925654e-17
3.391279742512008334e-18
7.850497368805649692e-19
2.606554104886854381e-17
1.607870355601044394e-18
3.552292429977396983e-19
2.107930696373153406e-18
2.698343866824289951e-19
3.910368249176849476e-17
2.986869142020699129e-18
3.176336227421713342e-18
5.140817521801817549e-19
2.933852718171104251e-17
2.806867327246982804e-17
2.177546641228809475e-17
8.411350658693444502e-19
5.978645998117341645e-18
4.683066359607619061e-16
6.064837817691496323e-18
2.893306180029597514e-17
1.696595812688840543e-16
3.183583613546896537e-17
2.398251136665804448e-18
3.021562577681159010e-18
2.830240453024480368e-17
2.222123130777837193e-18
4.915048461192531509e-18
6.037411740206806449e-17
3.006487804775277904e-17
1.434855228433526476e-17
2.038922744166642520e-18
4.640655942189012835e-18
3.497702141689111462e-17
3.393728759762517819e-18
1.531433139731436836e-17
1.619486570812423075e-18
3.720051705990352212e-18
1.423375762928433110e-17
4.821530203881601031e-18
1.624651001177264691e-18
2.900773227388997321e-17
4.149063641916728431e-18
7.769916192365186326e-17
6.466290685704294353e-17
5.526987474759702038e-17
2.953611421124715479e-18
1.102381901695915650e-17
4.186434920780016661e-16
2.540180657515478828e-17
1.842288470662917792e-18
1.928803592542005338e-18
7.368249852749563535e-19
7.475408347044400650e-19
1.333486848464889600e-18
1.437771820589089729e-17
1.304313776825266210e-18
4.447330322308280023e-17
1.877964383275462707e-18
4.397794282265438012e-17
4.508221061125360568e-17
1.664974105377826425e-17
1.132830522906438131e-17
2.158025775115940837e-18
9.039392465180505510e-19
2.019694016822303545e-18
3.779483259158694723e-17
2.754132236572058105e-18
3.733134648672699747e-16
1.028476338215752386e-18
3.227403608528381445e-17
5.060306674804802422e-17
2.274071410823570400e-18
1.254010434750053841e-18
1.268608751708553600e-17
9.071715937719127168e-18
1.834942112090003746e-18
2.199348752886706680e-18
2.682856833833527405e-17
2.674937902189532189e-18
3.472073680343796835e-17
1.116046837086716377e-18
4.535643917714792785e-17
2.402537138380147825e-17
2.396733111849033057e-17
2.680301329002276086e-17
5.683614131108142071e-18
5.601236590817683467e-17
1.952962444107016989e-17
5.834309456968370068e-18
2.147796442716830487e-17
5.807619303761760060e-17
1.786220282126667274e-17
3.969557767387140644e-17
5.901636561934382703e-17
4.872398943521464278e-18
2.344817513605054900e-18
1.980882763036192945e-18
2.023164357068661232e-18
3.182329881919607081e-17
2.404960760912837295e-15
9.992276318561414917e-17
2.418413787856768472e-18
1.477651281014944672e-18
7.570499537456386875e-17
2.694405602175759775e-18
4.128782346449742595e-17
4.954042644972196449e-17
1.332858387411096846e-17
1.574902125667864854e-18
4.524432493925549220e-17
2.918480433019631104e-18
2.598086685268795858e-15
2.511027163302646302e-18
3.142043217345251040e-17
5.620327648384083800e-17
2.044919807628982524e-18
5.781319904011443251e-17
2.201687838411064615e-18
2.698535619400314456e-18
2.722645420326748969e-18
2.464666919148262620e-18
3.503198629222509301e-16
2.390864741666789553e-17
3.672936275727126117e-17
6.047264297330133888e-18
6.750372582019397443e-17
3.130252368374714092e-18
7.344311490836394259e-17
1.255200061071438379e-16
3.246376820635589704e-18
2.125935878605557332e-18
1.089356873937793872e-16
2.262602234287269292e-17
4.761986320969707435e-16
6.588223755224964819e-19
2.173320398973065843e-18
6.279254948935338005e-19
3.787077545554765640e-17
1.561986019287904128e-16
2.136735660251312452e-17
4.497663797820962635e-17
5.814368638937938715e-16
5.089333665242495606e-19
9.856370311913820094e-17
4.455291658957895378e-16
1.175275919630929925e-18
1.945319746784642808e-17
1.120231824329547737e-16
2.947840809763431999e-17
2.055706350258884832e-19
9.940536355058832138e-19
1.034773484174359676e-16
1.333749699514747547e-18
2.270454580191204885e-18
4.762397614440488367e-19
4.213319903490116595e-16
5.562347175060608249e-16
4.536052373357453721e-18
1.112258740937416428e-18
1.526034584294182616e-18
4.652071664835382096e-19
1.204427547397183397e-16
1.857193459051469362e-17
2.293770860014069321e-18
1.807474593305158796e-16
1.647446071790457279e-16
4.806748916365825299e-17
1.640315248674788711e-17
1.198436375630829649e-16
2.868532807157864694e-15
8.524738902516636291e-17
4.321875091074439033e-16
1.006197367690205499e-16
2.631653647934386829e-18
5.292428470238506350e-17
5.759315863117754304e-19
4.905536695988272295e-18
2.422018254121875715e-15
3.775554192785589707e-17
1.853061655586759564e-17
1.669443107691396119e-18
4.328635128573191132e-18
2.122731959694556644e-17
1.147092861798318436e-18
1.594183245296953311e-17
6.754055077190064571e-19
1.616699185446668891e-17
1.202363532370449140e-17
1.472332244005213778e-17
4.178422943751131720e-17
3.591573145973180922e-17
2.419649396794788703e-18
4.973624464993978089e-17
3.239703306222698572e-16
4.931213041409552748e-17
1.301363795544026402e-18
1.118610342105520132e-18
5.153059233968618970e-17
1.061839462279041157e-17
