3.763077268554289605e-21
2.977471418738275537e-21
1.585392139601304549e-19
4.830101160816211166e-21
1.443598426786863965e-20
4.046456282460564814e-21
4.982896198523418611e-21
4.403720973310267595e-21
9.541089554927961748e-20
5.978448664664975513e-20
1.055790560675381706e-19
3.943225771946026085e-20
1.090765858383740890e-19
1.577972695720429349e-20
7.286454219877119595e-20
8.585614998908490871e-21
3.905582134130411081e-20
1.228244576608849813e-20
7.736595953333071829e-20
3.202185209483106772e-21
1.279688966533349832e-19
2.809559516389743070e-19
3.120095558401878130e-20
3.024427228571226129e-19
1.081538622988877125e-19
8.129487342058034481e-21
8.216770625167271106e-21
3.693339231444617154e-21
4.511694635606263218e-20
2.942336551689802574e-20
2.982044566910572272e-19
1.438568057169300514e-20
3.756567299287630411e-20
1.083680485170700295e-19
1.041612236881140035e-19
1.459988001105198694e-20
5.198442033403876612e-20
9.493889611872797900e-21
1.470898036429724747e-19
5.104503899125907852e-19
8.263456066568659779e-21
1.267993845164281169e-20
5.255162724876474906e-21
1.449024556054560396e-20
5.017195503072129181e-21
6.935009378039811041e-21
1.671955985734660372e-20
5.808113092029670833e-21
2.016869983154372803e-20
6.677109771778445996e-20
1.614045032282669938e-20
2.830949753656113301e-20
5.942416154560014542e-21
9.629835442535702318e-20
1.697061639961571063e-20
4.183296320142292758e-20
4.737767776530496313e-20
4.045964946901876447e-20
6.211250859652127181e-20
7.019760338984873912e-20
6.621716922896374359e-21
6.494728886201266779e-20
6.906711230933618070e-20
9.652478075991382009e-20
1.344016507372444040e-20
4.504781903120812002e-20
3.494776047085304736e-20
1.818302697591483507e-20
1.159607279810866186e-20
6.884513755073586903e-19
1.176324888023459003e-20
4.643508866081201807e-20
2.859092215953750461e-20
1.458419811842071789e-20
5.214822006942985753e-20
6.570167229172378253e-20
1.296551072635105374e-20
1.626246980238231389e-20
9.533138402937363916e-21
9.006822009125138265e-20
5.091109048246863547e-21
4.673167632553402359e-20
6.007911298630059818e-20
8.702649218528724481e-20
1.602319498584983378e-20
7.379415421276228916e-20
9.860870517748716397e-21
1.060710013580268052e-20
8.088980843905487666e-20
9.165091006715741487e-21
1.048406542164636206e-19
1.064092544254573477e-20
6.249660810933620781e-20
3.036466397846027706e-20
1.315737604797201905e-20
1.094985017610750426e-20
9.359258300533862591e-21
6.422412400167913831e-20
7.098217291836459236e-21
5.638055656856602259e-19
1.678811542656186814e-20
2.678635090618387645e-19
1.513967359752491361e-20
1.129280874721942880e-20
1.145704318631894369e-20
1.180530792424888435e-20
1.255687660488551645e-20
1.154703983994164157e-20
1.314910702033472684e-20
8.757905265545132567e-21
1.300264731424551417e-20
7.365469124638892346e-20
1.278721599048413451e-20
2.238208041727380698e-20
1.693889724004615377e-20
8.002539479293568248e-21
3.968215073393717533e-20
1.117453084313452890e-20
4.004430017645716856e-19
5.027576284366290233e-19
9.105061575536435076e-21
4.288736975483577498e-20
1.483096493182811923e-19
1.784976916802481342e-20
1.110170628190885381e-20
1.107947959958998953e-20
2.471878132695351619e-19
1.440293078819044509e-20
3.197790595666174879e-19
3.565115708734360272e-20
5.669589552885471666e-20
1.026563468342329819e-20
9.880319843319071929e-21
1.329326070726381644e-19
2.235764597072736615e-19
3.184900050923490666e-20
2.058506009362603861e-20
1.663111239153044463e-20
1.656078007280738385e-20
1.705632846147988409e-20
1.707206964926215653e-20
1.875792425292982451e-20
1.717097724346471307e-20
3.529153318975880539e-20
5.274948918172022750e-20
2.422445201034084383e-20
1.425737437074750788e-20
3.972582508260850504e-19
1.365281563571099200e-20
3.427638735037834792e-19
1.029165361177522425e-20
5.671881931222367494e-19
1.839178827077020497e-19
4.005044172559828051e-21
1.413651478957920048e-19
1.743838174150997879e-20
4.462103842481727048e-21
1.442679265208162385e-20
3.089762637703329399e-19
2.577201095193031014e-20
4.221609196595918469e-20
1.580927352935715612e-20
6.827940492303078471e-20
6.127351915850876781e-19
4.158417702554183670e-21
1.016136655406672360e-20
1.379450976327399539e-19
7.617541030132808731e-20
1.418964851336116469e-19
6.876780282370830146e-20
6.481554813776764268e-21
4.612697367803913804e-19
4.851529086166914964e-20
2.206837480031142192e-19
1.627665013706745994e-20
1.283397515971936115e-20
8.718015627144387336e-20
2.358715412761591463e-20
8.390808527477764114e-20
2.566249566090772849e-20
2.891309578533410003e-20
5.500001470499341826e-19
3.520682500487497949e-21
2.509295579040233252e-20
3.789853102239279232e-21
1.019811938798937666e-20
1.107502972546816498e-19
1.404033393621769983e-20
1.055564258243339435e-19
9.027499611928035161e-21
2.305936863537050282e-20
3.583397604420579136e-20
1.072136963159639502e-20
1.874415946202699689e-20
8.555344159445864944e-20
1.455081374753669654e-20
1.436281434687282150e-20
9.353887556798953202e-20
3.262384884632973383e-20
1.653781677640453330e-20
5.438938099112586291e-20
9.126117612574716671e-20
1.406688560280305307e-19
1.527620793722699612e-20
7.491115750032081338e-19
1.466785132461936951e-20
8.005753463154209472e-20
9.023112730578970085e-21
1.793170142915731693e-20
2.005020336514352839e-20
6.247093420436039684e-19
9.317047403517332634e-20
7.820291764103970488e-20
1.778078578621862309e-20
3.114593309744214252e-20
1.481848183221428044e-20
2.668348015374150834e-20
2.432100275367938131e-20
8.051292452698169930e-21
2.750879222891075533e-20
1.769233900333329820e-20
1.951324907917911635e-20
9.456147669740250692e-21
8.291422020219123693e-20
1.116133995725505097e-20
2.587888601838483938e-19
4.375362553803684884e-20
3.554627847504516770e-20
1.123625966067160317e-20
1.647582532403564611e-20
4.485303214612319621e-21
7.000295563161635109e-20
2.984251712434679998e-20
1.919864393624910107e-19
1.702675139801070212e-20
3.278961061545718811e-20
1.587273007874689715e-20
4.168577107344553679e-20
6.890307735769211879e-20
1.747198562815133332e-19
5.562017240028612836e-20
4.963905404252529196e-21
4.266736419233689747e-21
1.274808502140178180e-19
4.111800539806979381e-20
1.422561292727666770e-19
4.076738118907326460e-20
3.719944003316864317e-20
3.197543875441934442e-20
6.121759076156799670e-21
2.432170964264210524e-20
8.257069268785235950e-21
6.533266790930195684e-21
1.295880448902504545e-20
6.332708783863914450e-21
4.353930449900852472e-20
5.305277962155704611e-21
6.533037192152766396e-21
9.662790987811531894e-21
7.671097750994771076e-20
6.549743619923821323e-20
7.659086093266275627e-20
1.160933448288539325e-19
8.570081965406607791e-21
5.662738549254924644e-20
1.689635510303508668e-20
1.996083910351521339e-20
5.739107772561035184e-20
3.704417629441217872e-20
5.612406161075005435e-20
8.611913505163737086e-21
1.005443950149657120e-20
4.462118915282340887e-20
3.589814522095650567e-20
4.803370017889517163e-20
8.695640524764598061e-20
1.890038032796873156e-20
1.910330668453049799e-20
4.842308890442983704e-21
5.545976335042248297e-20
3.385294547696159661e-20
4.736058229271819031e-20
2.341527700135623566e-20
1.026492448132869203e-19
8.514412612791170105e-21
8.183884907682385093e-21
6.203420813364427325e-20
5.058648536280507746e-20
1.604884808423513560e-20
1.182611540772177124e-19
8.106930381275676987e-20
1.083415420827175882e-20
2.143467158848946906e-20
1.413316341233801031e-20
2.141160850849511683e-20
1.349317759103893139e-20
9.092437889452201296e-21
2.470576972653992981e-20
7.614972765779040792e-21
3.282817875450899860e-20
5.848267356544509524e-20
1.414450694338375561e-20
8.201668356101073784e-21
3.589958710881335918e-20
2.348504745129183401e-19
6.414517900084077813e-21
6.939913963418422717e-21
8.765458136086125974e-20
1.098245734688905864e-20
1.149158463458495607e-19
2.354873990895186063e-20
4.000340893341977601e-20
4.264223498198303964e-20
4.534717436595479698e-20
8.454297498623643192e-20
3.645447903089463653e-20
7.473245125165037830e-21
5.797687572694722697e-21
6.872782300197336787e-21
1.270878908969316262e-19
6.336511542436433737e-19
1.289200677084804616e-19
7.703387365559372666e-21
8.283201114565296202e-21
3.955750108529442574e-20
3.423879107282392545e-20
4.313753811225849604e-20
3.516704864158613310e-20
1.425143737848822285e-20
1.044790313368392019e-19
8.978810504910532760e-20
3.075663299308947715e-20
6.067728197526888700e-20
1.111538122115930010e-19
2.301487520334191512e-20
4.346056930220010098e-20
4.845079324131453260e-20
1.521398267732478167e-20
1.029154341979455542e-20
5.310956437972685635e-20
1.414048947923038392e-20
6.883489505253438050e-20
1.032436243805381186e-20
3.870435343078071918e-20
2.660974086140786105e-20
7.948692169516498746e-20
6.615071883243865232e-20
5.654156489462114002e-20
4.216742892856076787e-20
1.095158431737961977e-20
1.570094166267736610e-20
1.332402542730794122e-20
1.369279276878136291e-19
8.054624436064203891e-21
3.177385231046899744e-20
3.223594822735294900e-20
1.294073336235315039e-19
8.336422802613391707e-21
1.265762525230031634e-19
7.377297902472377417e-21
1.941136316126080819e-19
7.295126780063980819e-21
6.368255348266759981e-20
6.946632514162123012e-21
2.640903386833438016e-20
9.011849215293644569e-21
8.772217572616326356e-20
2.828379081241421766e-20
6.269463228391467784e-21
2.047006349642492012e-19
1.400086958160781682e-20
9.980779396258010220e-20
5.799174622993435064e-20
2.840703198647404059e-19
9.496452218255338444e-21
1.216945985510880080e-19
7.355589234601238785e-21
1.311746495468683049e-19
7.662661782646739349e-21
1.634664015930082685e-19
4.820703312960083008e-20
1.128093432018721784e-19
5.759527631834653273e-21
1.083060140807754161e-19
2.546173386907426918e-19
1.888103291257010997e-20
4.306580622143083671e-20
1.118279755802800158e-20
8.413328135825940983e-21
9.291414839463644467e-21
1.132357750969885966e-20
8.636399089580156841e-21
1.245325508821037313e-20
9.633765563373329715e-21
4.164113781641538927e-20
7.132717645945289245e-20
2.267436345146970834e-20
7.212504257833097267e-21
7.987249195551491319e-20
4.218494807318132407e-20
6.891588701340157554e-20
1.324740583389303720e-20
1.775103121195511523e-20
5.163212167732853094e-20
2.050622444620337306e-20
4.267066059518037249e-20
8.203486770669715710e-21
2.284641540862581510e-20
7.065110089185576435e-21
2.217992328551130565e-19
3.000951652450489214e-20
1.989363521431443667e-20
7.742140655139914435e-21
1.997175796322533379e-20
1.917649493127958439e-20
2.129151217204656161e-20
1.307970046860629917e-20
3.704491223740800341e-20
1.701080507903379230e-19
3.810605036915677977e-20
9.136942974915895921e-20
7.076018164299759445e-20
9.274260072308405797e-20
7.808676935189103903e-20
2.845471722706513775e-20
2.863232206853107990e-20
6.285073167126059746e-21
9.272132716939909361e-20
1.155113576669798787e-20
3.954029760343494480e-20
1.256747507086374549e-20
1.360150283953803164e-20
1.105826807358367100e-19
1.802624451771605258e-20
1.180440558733513786e-20
6.177549563725154082e-21
6.797040375922032187e-21
9.343787378954607839e-20
5.976844807228539932e-21
8.905590538659053618e-20
5.405242460063106236e-19
6.153501804610804755e-21
5.591153838821566652e-20
6.419452213120556058e-19
1.701741981572300023e-20
7.217977627257715701e-20
3.882953608568433799e-21
1.303969068184585129e-20
1.144043062355161698e-19
5.090279613104367347e-20
4.413194783738751578e-21
1.727500070928288697e-20
7.299803574650397207e-20
6.452967382826852570e-20
4.076528485916466185e-21
6.189433629698983958e-20
6.243973357115758160e-21
6.754298635968703165e-20
6.013899152668464598e-21
1.627980661647513479e-20
1.962550434244477835e-20
5.161576912511687773e-20
6.835990435694056083e-20
6.597828204211753090e-20
4.744886954756675068e-21
4.859681303202818421e-20
6.308095419398456002e-21
7.120613138882463668e-21
6.490174848289474029e-21
1.312379578754641590e-20
4.292180389981846179e-20
4.721284511571670477e-21
3.028849165798926627e-20
1.192257291873988952e-20
5.065678288585846933e-20
1.407252658892482513e-20
3.096062171349787723e-19
3.949992280430248056e-20
1.578815891423600619e-20
2.472528874248399832e-20
2.557379839003929775e-20
1.489634655969923740e-20
8.097653615882961255e-20
7.547061603920549652e-20
1.460459628579271245e-19
2.535233146400101257e-20
9.128760295027371241e-21
2.026529454909652624e-20
1.851506279713820903e-20
7.974393075491922887e-20
6.139183649627225092e-20
6.433912483972256367e-20
1.648585427857259303e-20
1.417045433466612887e-20
1.226351365219121184e-19
3.712053616399655046e-20
3.514613596655088205e-20
3.680399944233353034e-20
1.035647465151530356e-20
8.902091553957592533e-21
2.033125529982645528e-20
5.351970422417592750e-20
1.416934698458635657e-20
1.121125681402760448e-20
3.416213264388721202e-20
2.793463832120800539e-20
2.227084254335345847e-20
2.340246901040377998e-20
2.881832045818931676e-20
1.658160224759504948e-20
5.329871238332410434e-20
7.748639673984850226e-20
7.012670135339459729e-20
2.025737207328881748e-19
1.138115101838388494e-19
1.391777708807087639e-19
4.258678594894295146e-20
1.381687796627520561e-20
7.568914449806540305e-20
1.894851162401698022e-20
5.138727074470235449e-20
6.171520988640500470e-21
1.335239205805043636e-19
2.457789430868382623e-19
3.302429930340559769e-20
2.645754693377974864e-19
6.041722558653392840e-20
1.308282919137127841e-20
1.322329466430113077e-20
2.136023495013104997e-20
8.256766990047938413e-20
3.114282915877239184e-20
2.608678540595320223e-19
1.109785867546060867e-20
1.287772125759873616e-19
1.130722158436332956e-19
1.086827762294177650e-19
5.573301022571495542e-20
3.513007270540438498e-20
1.448445023492628524e-20
8.216773455225781707e-20
4.465395966845131385e-19
4.779126747394534342e-20
1.934527838358949695e-20
1.012819213556097367e-20
1.000804050680615115e-20
9.669561666709649434e-21
4.010826528879298389e-20
1.154777064399140459e-20
3.359091935190450921e-20
1.555917909359816738e-20
9.663480437815790072e-20
1.160733908600562788e-20
2.241529915847653502e-20
1.389035197766476341e-20
1.330613052442844626e-19
1.943092995223724479e-20
9.465747273605422910e-21
1.967108528321384092e-20
1.610885512914604835e-20
2.578894769408201458e-20
2.820797943073035353e-20
1.547821228994683150e-20
2.925902262011638170e-19
3.111502014592877936e-19
1.396959706399200231e-19
2.838269795066338929e-20
1.019318827890349595e-20
7.907799091419698073e-21
2.081910964039244327e-20
1.282118640379550183e-20
5.728048041042185372e-20
1.300602447341695880e-20
1.050709249962406060e-20
2.263812957453803609e-20
3.079864627980065201e-20
2.349298912002296486e-19
2.959887547957986065e-19
2.738033146940603762e-20
1.169508889756424299e-20
1.054030503302607863e-20
2.010514182261388187e-19
1.190042817559314272e-20
4.096634323770828114e-20
2.494468726702382086e-20
2.646661713864830548e-20
3.383749388443602706e-20
3.324457210109102440e-19
1.298733822613085882e-20
1.020637063100639382e-20
3.644119371762551828e-19
1.207095626732390693e-20
4.723114893594109226e-19
1.023891803914893826e-20
5.918792433263962569e-20
2.183662438043323253e-20
3.075526514052542221e-20
2.559519042302685535e-20
2.187719416866074886e-20
2.893323385545335034e-19
9.348763743091813941e-21
1.525129426598998545e-20
5.064964254603281930e-20
5.862368058447937713e-20
2.709431864752764196e-20
9.344253904384700226e-21
9.480149971797358819e-21
2.528581696090545468e-21
4.397120672826047565e-21
2.473263194035872650e-21
1.525845488837568499e-20
8.936608900465407234e-21
1.508850047132892689e-20
4.214675041937016878e-20
6.984273592841157996e-21
2.749561848153925213e-20
3.031425191587817446e-20
1.714065823562266703e-21
6.943912384071068974e-21
1.296712198821167329e-20
8.763956953284317096e-20
1.359990926381389925e-20
1.950215292088084604e-21
4.899894283143081110e-20
1.736196997652589989e-19
3.194436990387601716e-20
2.377877093925477416e-21
3.879771246024422594e-21
4.273153017310131487e-20
2.577582625673741459e-20
6.998573830118386811e-20
4.073154912467327064e-20
4.638574364811504104e-20
1.191242291018882895e-20
2.116268043802581905e-21
1.556184606669402265e-19
2.200855521175707684e-20
3.638757433974490383e-20
1.124339275460349341e-20
1.218367143614357061e-20
1.921742026028603904e-20
5.972722106013501931e-21
1.250670925941782424e-20
6.568580635711042782e-21
1.992550378162945312e-20
4.335443864571681470e-20
6.026644253488744845e-20
3.269885857887852481e-20
1.044471114053346765e-20
1.250592346702343759e-19
4.240831373392739400e-20
1.079040840658448182e-19
4.993890834941332857e-21
7.568077537474407326e-21
7.117656573964796143e-20
4.911861198000270210e-21
6.082263990981552604e-20
8.865638339203835189e-21
5.472407739095099560e-21
1.344637221313783496e-20
2.560949048910841125e-19
4.045817698075471447e-20
2.341822067697758267e-20
1.473490202719243324e-20
5.069199283304355789e-20
8.175818002008021714e-21
5.099961368265822878e-21
4.930670737574526689e-21
5.915447431632474620e-20
4.725320437637838484e-20
6.084893286864247449e-20
1.913174184152659240e-20
3.030623365258794159e-20
1.452104270668770672e-19
5.432744634532597023e-20
3.629986517298889995e-20
2.464182512700959501e-20
1.196179990476574140e-20
2.155438639052557721e-20
2.198421100914681821e-20
4.654571197949506010e-20
2.391851584037259256e-20
1.469935996924314481e-20
1.731432822743141950e-19
4.317830970031537694e-21
1.275720844955398385e-20
7.879788090658753582e-21
5.992918199277644901e-21
3.096075550083686251e-19
7.926952416521813645e-21
2.950878482948072065e-19
7.874930786797669445e-20
6.391316209507292583e-21
4.094300879837484201e-20
9.352539176732917627e-20
9.216051238678858172e-21
2.391685849266828520e-19
4.033018129711556409e-21
7.061849490801219728e-21
1.574924845320432549e-20
3.727519739099984416e-20
4.583751537358397015e-21
2.549566093250367259e-20
3.416468237749819474e-20
1.621816745873173859e-19
4.234074095994202285e-21
8.913345763887698911e-20
8.281238895817669070e-21
2.238045239758649326e-19
5.302426304295394733e-21
8.816585214322280596e-21
3.180766527334518458e-20
7.433138871925172862e-20
9.357730183362902949e-20
2.186198567908554200e-19
4.928262616822983364e-21
3.558656765492748006e-20
8.366282518825813666e-21
7.395803498759723640e-21
6.741000657434296352e-21
1.674008904083783640e-20
3.143086105966955523e-20
4.903748009937020135e-21
1.072084723424380062e-19
8.925904116203977617e-21
3.334167024695435924e-20
1.053547953630373763e-20
1.585280892691527058e-20
2.913250957065058716e-20
5.015661964259296624e-20
1.526611744075798983e-20
9.052044876808524255e-20
7.383483772364597534e-21
1.514574592506314556e-19
3.175303124907543477e-20
1.106760057050009802e-19
1.886949830895224206e-20
5.923210975182906592e-20
1.926320933631773624e-20
5.881958545131098427e-20
1.272418931392809541e-20
6.191700926618815354e-20
1.203390616699159548e-19
8.171334968046524991e-21
7.023689950266265850e-21
9.177792898998577498e-20
2.737763262027215850e-20
1.825691482550877343e-20
2.714417623811677335e-20
6.719815433588986217e-20
5.776136593619187733e-20
1.007733627681558181e-20
3.304463290966648586e-20
4.282462470572905163e-21
3.388426199616398759e-21
1.944374684313725192e-19
3.745423096142790734e-20
4.287339393727210250e-20
3.137758467836935659e-20
3.863905513829426103e-20
5.011528717910568504e-21
7.238910152461658106e-20
7.043248041622972600e-20
2.958921567342171645e-20
1.616419489060249085e-19
8.919886910402391863e-20
1.517927442206962017e-19
2.163396424530053212e-17
2.111765149913488253e-20
5.690561932817597340e-20
3.647760527245554787e-20
2.168231226606679537e-20
5.834108884057728059e-21
1.046483145235316210e-19
1.045142662054051408e-19
4.221453825137053246e-20
1.125072420220335308e-19
8.205730459986987494e-20
1.999573479337647442e-20
2.021042156358876215e-20
2.863939615087778479e-20
4.844171630703073174e-20
3.980947909599768245e-20
1.109306273401041857e-19
2.875686994544588141e-20
1.448471855290875008e-19
8.861945302409646637e-20
8.517926451455130784e-20
1.084777520845546339e-19
4.920139664349720742e-20
1.530114055648554100e-20
1.115983522410973190e-19
1.898850963105089867e-19
6.407762109987905431e-20
2.043604133057734973e-20
9.574459169187065627e-21
1.682009541267950208e-20
9.140903146652379999e-21
5.377639811603312156e-20
1.940785550414018940e-20
4.503806482641173987e-20
4.031708302808475350e-20
4.957836114836023551e-20
7.405767035057506371e-21
2.494054208994430683e-20
1.365450975947039285e-20
9.403719380300333950e-20
2.853566711691648801e-20
1.083616535447548395e-20
2.779240079168794175e-20
4.396992212290959325e-20
3.643605627196516658e-20
8.281166429842183562e-20
1.521541002791504038e-20
3.749705161165239602e-20
3.987561483025553414e-20
7.167083669206579316e-20
2.054055134793461163e-20
1.166892274712390128e-20
9.052662834505984994e-21
3.057430518401023487e-20
1.096744913026121083e-20
1.275138357447848955e-19
1.112556258888084382e-20
1.202827293289130858e-20
2.518847593777842260e-20
2.228897254435729791e-20
3.010756158819315945e-20
3.793259179961851661e-20
1.981513897827536418e-20
7.461753567109247639e-21
9.016346508535947973e-21
1.479337507697264192e-19
1.169837257736849251e-20
6.626349022449092695e-20
3.524323829453575032e-20
4.866987260282343697e-20
2.448818578934430754e-20
4.260475314116795817e-20
8.797872007029646268e-21
7.704698767679642228e-21
4.670140008985011016e-20
8.177097292245191195e-21
6.052932294843630467e-20
7.729268517737997577e-21
4.032266432894352991e-20
1.393230195097196930e-20
3.023307607263369043e-20
2.516061349551697570e-20
2.150574454600879494e-20
3.707953533704277734e-20
6.333031865620604662e-21
6.138107517709246607e-19
4.217987331453883494e-20
1.081862934210788158e-19
1.020090004918672333e-20
2.173211690000158663e-20
2.204817308313638021e-20
9.029236008746512547e-21
5.446776692077222251e-21
8.831700840523851460e-21
1.428749251264734335e-20
6.582041624664976645e-20
1.412835304021644492e-20
1.040208529722132413e-19
5.297476638479846717e-21
3.338931316451717533e-20
1.141319174261491885e-20
6.120705880058637947e-21
1.928162077212061562e-20
1.214196716984113266e-20
1.617332806512215934e-19
5.473483354034646160e-19
6.963964884881928343e-21
2.356059662856816804e-20
1.071756735012204258e-19
1.202692449154539366e-20
8.491089496550893119e-21
4.805928507723988638e-21
8.893978993201090017e-20
9.704493061838818221e-21
1.291542520642629420e-19
1.958531232570917789e-20
4.629247563020428040e-20
1.115438321782330018e-20
7.556917640748894544e-21
9.606348446491104051e-20
2.508240207438279276e-20
1.749656036988696137e-20
8.527960662339610379e-21
1.637575446143129298e-20
1.799453156232796207e-20
7.398496874633238798e-21
1.680994115986773387e-20
8.136595415205150797e-21
1.865755662505758439e-20
5.264747654196571145e-20
2.897844852873950174e-20
4.879747754904484186e-20
1.403846336093334182e-20
1.165008874243793490e-19
1.264061739926011922e-19
1.005197383746484679e-19
1.637811352664699687e-20
1.725762704348236256e-20
1.072917183238680760e-19
1.332717080317969386e-20
7.168901210151439557e-20
1.322731040780215745e-20
1.484808094195633428e-20
1.210572745795656250e-20
2.607248632574534396e-19
1.410442715206514985e-20
7.257019864143091508e-21
1.326578687793569328e-20
1.888317173378869347e-20
1.864346885393159160e-20
1.383753601835658174e-20
1.617077500723166308e-20
7.822238112187614243e-20
1.872668572493890450e-19
8.046303297799529134e-20
4.048755733554385874e-20
1.082177539592007579e-19
1.352730460982964107e-19
3.186640235444695323e-20
1.323157700864988747e-19
4.606677800676594291e-20
1.076917158460233474e-20
2.637534221567689390e-20
1.979231740996391210e-20
1.442394625471923170e-20
2.153376608744086916e-20
2.193107700428281271e-20
1.612943345584733916e-19
1.171541061874813903e-20
1.903343556809716027e-20
4.808197770597273833e-21
7.129229766862829574e-21
3.653622449641235299e-19
2.414993967276278816e-20
3.482278031351957419e-19
6.205670704759649752e-17
5.879175184612663893e-21
1.257891744329905724e-20
7.370068379708059405e-17
7.399656430510874256e-21
2.822384974143912004e-19
3.709849322120019283e-21
5.670027069358782767e-21
5.444576355757337775e-20
1.145205602678314750e-20
4.216452043286613794e-21
1.218089370136397495e-20
1.888212567590005042e-20
9.741773813331830634e-20
3.894794521033624453e-21
6.883090135164344397e-20
2.522929484638997692e-20
2.641076485059895015e-19
6.307814354905703283e-21
7.078921306611537551e-21
2.242162101308908843e-20
5.740040406593524367e-20
2.512388883720979775e-20
2.579893170523022290e-19
4.533357188145784565e-21
1.093325844287906222e-20
2.548838538425153296e-20
6.803172144026053407e-21
6.200839151987870918e-21
1.021469840047752311e-20
9.656501025324723971e-21
4.510806955339237360e-21
1.481248621544256419e-16
3.895367255603777748e-20
1.024374121570930570e-20
4.597804488320502365e-20
7.818496026030188423e-20
1.022124931385986884e-20
5.637615943810477570e-20
1.873866435968905764e-20
1.250678113675698361e-16
2.170632712445974876e-20
1.474236502062378824e-19
4.399740291861157505e-20
4.786362692795085127e-20
1.123480144506599864e-20
4.373740148886126592e-20
1.308027812953388186e-20
6.611335355364322987e-20
2.897303394778575798e-20
2.563301381324733398e-19
1.171340376469346469e-19
2.402249064646409421e-20
2.064858762903901660e-20
4.178688267154740787e-20
9.605544210203664783e-21
1.909592613576245396e-20
9.523635170402776227e-21
4.961958417171724462e-20
4.265139403409856397e-20
2.962584662086800748e-20
4.056121586816741235e-20
8.012662320899717554e-21
6.339883915709666108e-21
8.274147456723557742e-20
6.080209324084176538e-21
1.635199474397857816e-20
5.093744499123439760e-21
6.272550184453491590e-21
9.376775069026135288e-21
9.033084639738599912e-20
1.438557572584459243e-19
7.049984175111740343e-20
8.605629651476475780e-20
3.080904298990066721e-20
2.867783621740680473e-20
3.416735913953913488e-20
1.105478059677508164e-20
6.850906694915999412e-20
1.391262867037833410e-20
5.166069964230495525e-20
6.669928369718013163e-21
3.614523876100015210e-20
8.191191427693736943e-20
2.302599219881680662e-20
8.817632174665587407e-20
1.023953277700750878e-19
1.046747366870469785e-20
1.057985904175746066e-20
4.649235054166294180e-21
5.006654537076791994e-20
2.171414856287439246e-20
8.694066721486065775e-20
1.051849513498489340e-20
9.820069069375639741e-20
3.060891427644473086e-20
2.942068266825765672e-20
9.987879256018718320e-20
5.527849785473280948e-20
1.207376421118284589e-20
1.392581673508391659e-19
1.488203696602131959e-19
1.040217191157574751e-20
1.612559165276063807e-20
1.094613729472447132e-20
1.723093454087878579e-20
1.045046817506359069e-20
8.729901772045640319e-21
1.988190194917541409e-20
7.311346533273772987e-21
1.474691238970685867e-20
5.338526861578916361e-21
7.824452536152268601e-21
1.028911500531789500e-19
8.200525311276805840e-21
2.009159268751278052e-19
7.748762157537119271e-20
4.144755745679931098e-17
8.985552257140028567e-20
1.510491261043128476e-19
1.178012976028138406e-19
1.151921552682625774e-19
9.137959344811542781e-21
1.060609079267565606e-19
1.127887055450589203e-19
7.717412960211976328e-21
1.387789440258150175e-20
4.463279492321604470e-17
3.462578787755843292e-17
8.302347305642702340e-20
1.537060630181178447e-20
1.451473600801582976e-19
1.559219836890001403e-20
4.600728368233692573e-17
1.039139906413555331e-19
1.505918716946756524e-20
8.515963736498666273e-20
1.072928391263796363e-19
1.338778115810483217e-20
7.883604270284442717e-21
1.263618466039069850e-20
1.910241912805989616e-19
7.025722791323546163e-21
5.458656729576434845e-20
1.139448015952263995e-19
2.910131365733623823e-20
1.654505036104906845e-20
1.205081094627555689e-19
1.812119206698742206e-20
1.149615052959951161e-20
1.320955297040204228e-19
1.684256720998220750e-20
1.712079929534520530e-19
1.153281095639395078e-20
3.358041736958824538e-20
1.471996551048332489e-20
1.815715905870911908e-20
1.511077669223134555e-20
1.291576230813276932e-20
1.048799576051711614e-19
1.304430056626950099e-20
6.563164789253937749e-19
2.433326632385007887e-20
5.431880491247099549e-20
3.230500712832191526e-20
1.752032997113005200e-20
1.777513297276203695e-20
1.550888067227056062e-20
8.537392245273837551e-21
1.516958847195878178e-20
1.130219439914223761e-20
1.694951590302289167e-19
1.117630630139529508e-20
8.031439773204072669e-20
1.131612245255963321e-20
2.141030723179143847e-20
3.614418716233573593e-20
1.051310399151655680e-20
6.042162822425463657e-20
9.604965547318399718e-21
8.120398843275231239e-20
5.852516124900726483e-19
1.196151039809982833e-20
1.798644873402886078e-20
8.857397850240538031e-20
3.808780397393917219e-20
1.458454443454757630e-20
7.532913334388208363e-21
2.655365904158217999e-19
3.073294670350647130e-20
6.484651982843438178e-20
1.495166789024229252e-20
4.550164949041100588e-20
8.823732185250260659e-21
1.297998344788260268e-20
7.939045055559426974e-20
2.145904159448344212e-19
1.335708900228894354e-20
1.821687073137104144e-20
1.717251068196543046e-20
1.423466669598546949e-20
1.159655947269773565e-20
1.762782257214021907e-20
1.275347063553135026e-20
1.475915608023873446e-20
3.375926429477720532e-20
2.212250339288397845e-20
7.369294109407892874e-20
1.472149955544339354e-20
1.183207883741338559e-20
5.362291928858544354e-20
1.020899922274859586e-20
1.238339064453668396e-20
2.775831220860745424e-20
3.420648310294198134e-20
7.561058376670007815e-21
2.897978049757762309e-20
1.489006776577550901e-20
8.423933964804277628e-21
2.524486406260632322e-20
8.914631823791604675e-20
3.212525855943247316e-20
2.507386499599069110e-20
2.766401173164381787e-20
1.000080545945334371e-19
2.998739211335142843e-20
7.850609793273259913e-21
1.222662326852576358e-20
3.816334097541928757e-20
2.501836360267782631e-19
3.925651609443176180e-20
8.418138961433500284e-20
2.330414706505362240e-20
1.373861934786569373e-20
3.803034358682130199e-20
3.693353317766531359e-20
3.454220244381430517e-20
2.245765681280825619e-20
9.671836777949382410e-20
4.127421208133287307e-20
4.983644634724456448e-20
4.490576873809542458e-20
2.468795338601791449e-20
1.638139695513271936e-20
6.646639778480253823e-21
2.142605992351361624e-20
7.938863748280507612e-21
1.428642454485788543e-20
1.101569395910983756e-19
5.036233072522871234e-21
1.049908949340710719e-19
8.190650199820119383e-21
1.388689629430825723e-20
3.465326212465515858e-20
9.727498431498226215e-21
1.184613695931729836e-20
8.509507903043548655e-20
8.762843627899118198e-21
9.077167008688312748e-21
1.073826893111586554e-19
3.154890722124577729e-20
9.959463771090592175e-21
3.541695664864529772e-20
7.489775904661588479e-20
4.510937083672127355e-20
9.199693137701965742e-21
6.616936730538577417e-20
5.261322008399212840e-21
7.962861703151100015e-20
1.264037164901005538e-20
1.133267093004196372e-20
4.789471314759015395e-20
5.518086129240781909e-20
6.448252721509278840e-20
7.778393636832887325e-20
1.070800905909367770e-20
3.011968815325402974e-20
5.315352799085889865e-21
1.606942182700668123e-20
1.464668215138583106e-20
1.686559137127516008e-20
2.660238949384632110e-20
1.065474431794118364e-20
6.503292011702919990e-21
1.719168530429878083e-20
3.136147402168208566e-20
2.029179860774048863e-20
3.290828080050560781e-19
2.046647342027773358e-20
2.708434099156547395e-20
5.888706733360091934e-21
5.490992442173172010e-21
1.117857197575164027e-20
1.801116623627310056e-19
1.604068770768033787e-20
6.807235315045305039e-20
3.685703216069570851e-20
1.154818803186455752e-20
1.622657131523236284e-20
3.176230217861397424e-20
6.033787383633246235e-20
7.021394145927408552e-20
1.431059820478889532e-19
1.237137628989854850e-20
1.063384522334640725e-20
8.132664890104894186e-20
1.923361902530468984e-20
2.592948486922768411e-20
1.906960882122013188e-20
1.310128788112507605e-20
1.126144446995444862e-20
1.525705647459691232e-20
1.274653840910746066e-20
2.948333701548541775e-21
2.332819313230893916e-21
1.306113410257111635e-19
2.053122585591093192e-20
2.074123475748590114e-20
1.720020038612010854e-20
2.118070902911601503e-20
3.450271687568854572e-21
5.977005696432681405e-20
2.102695810356039486e-19
8.503602772269179605e-20
1.867347481230196060e-19
2.067056920329620813e-20
1.879015724867864773e-19
2.118792872445002216e-20
1.842464841112684887e-20
5.650293367367324407e-20
1.764708843563613944e-20
6.231249004026411999e-20
2.877284168455574083e-21
2.425075843556175084e-20
8.663026504917780180e-20
3.163547041380856346e-20
9.325551955907780776e-20
6.775287532206083331e-20
1.744580278281368614e-20
1.763311188107414981e-20
1.569921196235804478e-20
5.694485940459264249e-20
2.983312503932640887e-20
9.194868793948242968e-20
2.816293428096988723e-20
1.817001704990009604e-19
2.053629776804214984e-20
1.973908301214643649e-20
1.178431929154086763e-19
2.002206872864268891e-20
2.043945103837247909e-20
9.214425555906535599e-20
1.573928308498936398e-19
3.512532702823324247e-20
2.729871440972065123e-20
4.721961885953990282e-21
1.635666795025649132e-20
4.508139363171414289e-21
2.947852210808203456e-20
1.887313004589037162e-20
2.468844393084810442e-20
3.948438623099075980e-20
1.973391113795807461e-20
1.755503009709485560e-20
7.536190924659509689e-21
1.060308246111462787e-20
2.938656881056873595e-20
4.962426249283973039e-20
4.776837873839975610e-20
2.158556977530816725e-20
1.846265004831434123e-19
2.829885193764114028e-20
9.377364788510034903e-20
1.181516217334426941e-20
2.938142164806497307e-20
3.124518335301567857e-20
2.852748436423671073e-20
1.572585639602512412e-20
5.143937020336441969e-20
3.990627797970205780e-20
5.316950677098650949e-20
1.110069159542170865e-20
1.904754449398571686e-20
1.126072595896199693e-20
5.302347077879126082e-20
7.611108174141230289e-21
1.706444853938901541e-20
2.359126714759871120e-20
2.972269621119179630e-20
1.517048032262135526e-20
1.768774359598664433e-20
9.125885219066501708e-21
1.313989841750254377e-20
9.084090991450629800e-21
4.001195470078714799e-20
2.737242403117743386e-20
8.792949035470627394e-20
1.874816730083195840e-20
3.338364384530376074e-20
1.862296859907071724e-20
1.431650993724101944e-20
3.659363786267568100e-20
1.730893856870785164e-20
4.742873061164216942e-20
1.436216429459761211e-20
6.185733561353057375e-20
3.302588089975242348e-20
2.347677099347717981e-20
1.953787168962042391e-20
1.669977075894969610e-20
2.905427001395035341e-20
1.340549776993010143e-20
2.346107797511211724e-20
8.433173115458906379e-17
1.476405349742676708e-19
5.525119068084638666e-20
2.727245100416863573e-20
2.766908179760543375e-20
5.612808892003920824e-21
1.000311716860468362e-20
5.490015873014308128e-21
1.093895083875554085e-20
1.132289886583149804e-19
1.081710868458557833e-20
7.033118435756116093e-20
7.882050009515774483e-21
5.011651797435357923e-20
6.181733280472220739e-20
3.804790610817499715e-21
2.580513355384573966e-20
9.296269575581834214e-21
2.207154651795973587e-19
2.092075112630301348e-20
4.328982429034429852e-21
1.193438027339850263e-20
1.544102502083145305e-19
6.514149684659471616e-20
5.278282966895053935e-21
8.826186327158995966e-21
1.567505709228899628e-19
5.256249880257890624e-20
1.762552562435233541e-19
9.920740495377819148e-21
5.586765365699142972e-20
8.540144433909534893e-21
4.697577346416631089e-21
1.384006854124459162e-19
3.332790281660085565e-20
8.862704464687136377e-21
1.268864725735387432e-20
1.059221535771542792e-20
1.377717580271680633e-20
1.358749133522644652e-20
1.087305731990568459e-20
1.494302445154744346e-20
1.428480851430971784e-20
7.902253608569954706e-20
1.467873797625893184e-20
3.722695329165048879e-20
9.080401612067602174e-21
5.273304839423378025e-20
1.002728856523040868e-19
4.549932919375177492e-20
7.849478901568877517e-21
6.268161613220314298e-17
9.068566814677441670e-20
4.475592165386581907e-21
6.819596170353035274e-20
9.858627563796723030e-21
4.986351245606523476e-21
8.951138037203925783e-21
1.190837383526669550e-19
2.574866057146449403e-20
2.040473746179153087e-20
9.808901607022894092e-21
4.611323270395127639e-20
6.771514734502103237e-17
4.646985373462425022e-21
7.750108523473405180e-21
1.467248957013085753e-19
6.221557187361137552e-20
1.509277773469050958e-19
4.665065540812543005e-20
3.923995593386653562e-20
6.123009226832837558e-20
5.862816378440465185e-20
9.480927320259707332e-20
1.615972441910706508e-20
7.962870611030364632e-21
4.217534726893171437e-20
1.463470624363788755e-20
4.055615693499138850e-20
1.592235686611774481e-20
1.634575084369671638e-20
7.300838764433158488e-20
3.934323402461866681e-21
1.418607008834572162e-20
1.085963965541053509e-20
2.239227005892422346e-19
4.413491613728975350e-20
4.660081117503191288e-21
4.206511510118861096e-20
4.798445790956332223e-19
2.982095576860540804e-20
2.530914923786551684e-20
5.698799578351194984e-19
1.851238569755848591e-20
3.409375923700587062e-20
1.881747848451111989e-20
1.418521643663945436e-20
3.319644865178210253e-19
2.304187116011752189e-20
2.138712080095664056e-20
6.075970096747507810e-20
6.130873086691411431e-20
1.321180934185343421e-19
1.975557650391593989e-20
1.300207035444541190e-19
4.868358352637298505e-21
3.190359452486184077e-20
1.981227806307076738e-19
1.770997380504156208e-20
3.724589756108903485e-20
1.084286385014871136e-19
6.308612042717120679e-20
3.116451420298801496e-20
2.299455960162462060e-20
2.199803527086398819e-20
4.918353629626474401e-21
3.450774797869463235e-20
3.145253275725460461e-20
2.307058675835328480e-20
1.942916206161598808e-20
2.288017799638669897e-20
1.091958662105333038e-20
2.666842606435881534e-20
4.267847634018892785e-20
3.147744513145974004e-20
3.167667262108900983e-19
2.632695626713546169e-20
3.156005987369287092e-20
2.082010446573319540e-20
9.219848578221680100e-21
4.738273710598977984e-20
7.688603711768731523e-20
4.565006877853167125e-20
7.433073042490583254e-20
1.570748153861585229e-20
1.143707183967242518e-19
1.327446735935920750e-20
3.701105959327387161e-20
3.775664263284123495e-20
1.010421090648087327e-19
6.108905832726269391e-20
5.243868999144750624e-20
4.507379777457883941e-20
6.527616427998898303e-20
2.474107954701381229e-20
1.821621534269795411e-20
2.453010575677498474e-20
1.297522782580333972e-19
1.115308731256910364e-19
6.467025461885495321e-20
4.506664591576144940e-20
1.645943352368320934e-20
1.302324916230511457e-20
6.985561601526414239e-19
8.367825576786129067e-21
2.384004282310715550e-20
7.010213502443532382e-21
8.632532708575715826e-21
1.926156372677800914e-20
1.925771344740204561e-20
4.374176220407636279e-20
6.889788168861007404e-20
3.881460436730030271e-20
4.031351029147303347e-20
4.603863923063748992e-20
4.524587073135715433e-20
1.798661622070818590e-20
4.213752797378428480e-20
2.028362095737261082e-20
5.048681931048356994e-20
6.487210800000368087e-21
4.729590124746759068e-20
2.388798390705986407e-19
7.920988183384749315e-20
2.571487400167993725e-19
2.182975095654558342e-20
1.703104191269844634e-20
1.721389787770130911e-20
6.398461948446669342e-21
2.230721606130281964e-20
7.469711302500448640e-20
2.535451988432384566e-19
3.836032625055020379e-20
2.096871515747329610e-20
4.005164266539411091e-20
3.849684632910394748e-20
2.799487481423061241e-20
4.130493430970644388e-20
1.259701437105758480e-20
2.968857249775999805e-20
4.340050683550957900e-19
1.431588215738274521e-20
1.682443902652049000e-20
1.064627626272779695e-20
2.319222624617954536e-20
1.016418561826308765e-20
1.201443756904825139e-20
2.676033427645546456e-20
1.006216550465382922e-20
5.378111252586967604e-20
2.164330116339557637e-20
1.429745637319376767e-20
2.397298959374134454e-20
1.141123575405829150e-20
8.958856836014058722e-20
5.393101699953127959e-21
3.837636459386959593e-21
8.053950429143489766e-21
1.000401144739912931e-20
1.055879242845601384e-20
3.358723640828745938e-20
1.271569862131303239e-20
8.727433690126939259e-21
9.281043957492158658e-21
3.128771236542221181e-20
2.684221451824462346e-20
4.132558143147687405e-21
3.206007643090209827e-21
5.778394336714884315e-21
1.585227106023519225e-20
1.334844591277450557e-19
1.608080710125417367e-20
4.259822293285241759e-21
2.421130500535618526e-20
2.912703618771448984e-20
7.007530886794166397e-21
8.828805609957501939e-21
2.589425191924925615e-20
1.440554308395667259e-20
1.303216154720494248e-20
1.298732022661199263e-19
9.776468710388809204e-21
6.411305634776555877e-20
1.021312611005432007e-20
3.828179184312928493e-20
3.200094900014925068e-20
9.916250530167619257e-21
6.097241768618597410e-21
9.635823830298200217e-21
1.086974455329167136e-20
5.667022561421443760e-21
1.408819172802898625e-20
9.666551804259968248e-21
1.227089025653730793e-20
2.689748116288565236e-20
2.526614025054381846e-20
2.102702311336750908e-20
1.797260578402324459e-20
8.630256833691887767e-21
4.389018887999434144e-21
6.257085328781507410e-19
5.493366685241239817e-20
4.117298908751801555e-20
1.353675280174466974e-20
2.674158801038879045e-20
2.713049831656912796e-20
1.913752903209282595e-20
1.113729455044696582e-20
1.871885185795996123e-20
6.124194637131072778e-21
9.669714413908593364e-20
6.055981050824456452e-21
9.783026036654930051e-20
1.156876034740077256e-20
3.118217803453589578e-20
1.514548270777430791e-20
1.297287903019248201e-20
6.742786237979746472e-20
5.204536076567537251e-21
6.155162903514186471e-20
5.579578443852579373e-19
1.476017240371211290e-20
1.214142827168020655e-20
3.659239487633940815e-20
1.595991559786706788e-20
1.799692372609731027e-20
9.826920471472316636e-21
2.933599191564970244e-19
1.287801301953070223e-20
4.915286810087149694e-20
1.009285412122033331e-20
4.210209966997751780e-20
4.781217825495120750e-21
1.601693992746189612e-20
3.279842189838993125e-20
2.153674282002524805e-19
9.016462362184908372e-21
1.862357116179322975e-20
1.581453153963742027e-20
7.713180853402724126e-21
1.512807364458477183e-20
1.623383797542257669e-20
1.663730035210922779e-20
7.997380094792840578e-21
4.916731825275253812e-20
1.493339747643108230e-20
6.889021909435368275e-20
1.355734308989630196e-20
8.447769196716051310e-20
1.302588829522214985e-19
7.288936318656829814e-20
5.248535977051328055e-21
6.271396465926696501e-17
1.281956023299962148e-19
1.053766560478804015e-20
1.221220826134259013e-19
1.590317103552478567e-20
1.174023460416915874e-20
1.303130118775535483e-20
2.580969446444422888e-19
7.279633449889320572e-20
2.007275538495064850e-20
1.428005585780246337e-20
2.596407606609012216e-20
6.775009356070091825e-17
1.094120646528099446e-20
5.182092202754071227e-21
9.843048576156630627e-20
1.883534732636464771e-19
1.012499914766482559e-19
1.285227963177308473e-20
5.106525510774224005e-20
9.808985126545933662e-20
7.606560701154991373e-20
1.261374230485383529e-19
1.639327979372992252e-20
1.159255558568926703e-20
9.236559573868181869e-21
2.130558863716767363e-20
3.989631422771916393e-20
2.318018413735889270e-20
2.636769364591664256e-20
1.169585349272410753e-19
9.263262349252600828e-21
2.288386466341181100e-20
4.509754536045393087e-21
7.974237760062288041e-21
6.447686117289084047e-20
9.399916227804612668e-21
6.145308123310183901e-20
6.209959290941365780e-17
6.267034708774639509e-21
1.708424647949700741e-20
7.375161652444442071e-17
9.606258091739221566e-21
4.980769815781017396e-20
3.954594604851910243e-21
7.360847618657364996e-21
1.223356800462355466e-19
1.555378264786986909e-20
4.494618798283396343e-21
1.020550798445264072e-20
8.919353007823354374e-20
9.135595930711964388e-20
4.151740963723155423e-21
1.013233375500181879e-19
9.820035215662213379e-21
4.660807848137518304e-20
7.055462238873297051e-21
9.189878708696507954e-21
2.029157710686836613e-20
8.449693963714661221e-20
4.267841359335716650e-20
4.552835332316178069e-20
4.832430732756345847e-21
1.484916988319147977e-20
9.920881403450649347e-21
7.251989372244773126e-21
6.609919413652126198e-21
9.580675472125405957e-21
1.311512253656197946e-20
4.808392821441467723e-21
8.692234560721839087e-20
3.007930769747381520e-20
7.785724341876470772e-20
3.550339848908109928e-20
2.153969123775276554e-19
5.573610843968680918e-20
5.611406588763015256e-20
1.938805942716925730e-20
7.339205158345897595e-20
9.468340371958011125e-21
1.929005038477058954e-19
4.561730031524514867e-20
1.528370795653241822e-19
2.109442692121137689e-20
8.063153080950842268e-20
1.587781429135063585e-20
6.580599165209894381e-20
2.512888116597533917e-20
3.687470588272541013e-20
1.532672325519031552e-19
1.047865521968516258e-20
9.006952431470557517e-21
9.287022447651979726e-20
5.237869044013565368e-20
2.596822749101919573e-20
5.193204336360437462e-20
9.147555395845197627e-20
7.862943556454105825e-20
1.292284954545430430e-20
4.196687920735687663e-20
1.825883067430664367e-20
1.444699180817412653e-20
3.518597418363887706e-20
8.089328905002508122e-21
1.016750928817296582e-20
6.776900664955633212e-21
8.345226095126318473e-21
2.136729858312363951e-20
1.396485244873899428e-19
9.504367649487521191e-20
6.925530405619931332e-20
7.792517026883882397e-20
5.107851323829306514e-20
3.036792508326847688e-20
4.532374618772248187e-20
8.501269239454374292e-21
5.393433678724939205e-20
8.650735487856275855e-21
5.074873038884675310e-20
6.534815255772182092e-21
5.992542699752851140e-20
3.243397826404769909e-19
1.746486950651476364e-20
3.491444349921559627e-19
1.582998168154816639e-19
8.049622616709227101e-21
8.136048421955511440e-21
6.185509331207586057e-21
6.067975821690740016e-20
1.646985579692691077e-20
3.442517166886100584e-19
2.393076869799625293e-20
7.082099552139536489e-20
5.074671853947774785e-20
4.877674160936548232e-20
5.570589064594943189e-20
6.715718105940831814e-20
1.267243215387734506e-20
2.152885572200889330e-19
5.892716190819069416e-19
1.383942318988943734e-20
1.692516621878930287e-20
1.072440077619117825e-20
2.297099410912103315e-20
1.023877245375191408e-20
1.161457492305626153e-20
2.650506572752254830e-20
9.727278074428421167e-21
3.355089724136632573e-20
8.887908168229499110e-21
5.313637896509499314e-21
5.079678683635191698e-20
6.059380308684066059e-21
1.791518352849196144e-19
4.165529644944508758e-20
1.323247331985091516e-20
4.788383139127683862e-20
5.040954304286528476e-20
6.277607998556388694e-20
1.750462052841321680e-19
6.752051705683368820e-21
2.056843421297452700e-20
2.187315869077952617e-20
1.284842419363271077e-20
5.011028082412681595e-21
1.424938655619035342e-20
1.105456732272302513e-20
4.463122382797730647e-20
1.021699282749902221e-20
1.650966433018282376e-19
1.036428724878705284e-20
1.468820338761511867e-20
5.130175752915088747e-20
5.437569102014906556e-21
1.651504246929614887e-20
2.080734312229536372e-20
4.834058063734266367e-21
5.353808233625974705e-21
8.399395931892905107e-21
1.784477507277438465e-19
5.191316985203078646e-21
2.739188349224229201e-20
6.072096084203196910e-20
4.373654872071767393e-20
5.974084366049009790e-21
2.337018577406806289e-20
1.738667006765061000e-20
5.356107976441588437e-21
2.561733880706985873e-20
1.615987282126278368e-20
3.320243441844137973e-20
5.373188233338686391e-21
5.675008783619567031e-20
9.996426741733246431e-21
1.341635174403942084e-20
1.116537529759429698e-20
9.543475915368851580e-21
2.033941204568270069e-20
1.251556461465725650e-20
1.883255737031348846e-20
1.465786694088083480e-20
6.555380974932609225e-20
1.242112820455024145e-20
1.250187670953124526e-20
1.268369495820980245e-20
2.489324970073521374e-21
1.559758791586991942e-20
2.434865298596556100e-21
1.559019968070778468e-20
1.626807657002167824e-20
1.541655016522535479e-20
5.318235306887813698e-20
1.031963948510857775e-20
4.397630807720091222e-20
1.389727545359443916e-20
1.687454615977095289e-21
2.048589148004124500e-20
1.324904930146801257e-20
9.799977774151971191e-20
1.679339910272251412e-20
1.919937817757679210e-21
2.618770363485481642e-20
9.869401846041934014e-20
1.464458727128103482e-20
2.340960086370328644e-21
1.376243173795741556e-20
1.985946700432122054e-19
1.181667812644417392e-20
7.825901970024975681e-20
2.176915817827115070e-20
4.549977327897954913e-20
1.217141926948089881e-20
2.083412567982807875e-21
8.846122444982052066e-20
2.293131205490357400e-19
1.944750147117949574e-20
1.661271688095371090e-20
2.047278605563681441e-20
1.963523970137866130e-20
2.118660484378571154e-20
2.101560143591317068e-20
2.330025068021046863e-20
2.035871816424590949e-20
6.934079885048695679e-20
3.220966912817292525e-20
1.210806398487432428e-20
1.755073072298403170e-20
1.356168929552832568e-19
1.114597824304366803e-19
1.170134829049815581e-19
1.467444080963642545e-20
6.270328564462832692e-17
9.742187301378809247e-20
1.481805006529780867e-20
6.517251051097540420e-20
2.106436681338496797e-20
1.650910084524539426e-20
1.062760695070358236e-20
2.226111030835621632e-19
3.341962900875421505e-20
2.468954102380217726e-20
1.164602204370949503e-20
9.651019389350176372e-20
6.773855698754956437e-17
1.538550863709572567e-20
1.448866991326487749e-20
7.958606966216174424e-20
1.191095343017134904e-19
8.186578388400288754e-20
6.267463695732962848e-20
3.723116443861902567e-20
1.574692744238168193e-19
5.319521006135230191e-20
1.236485299338944258e-19
2.959866063011688936e-20
9.454245784347062610e-21
9.952496256119750257e-20
1.737565716783211663e-20
4.907256965639501533e-20
1.890447335284254436e-20
3.492503285916004752e-20
1.877602564899662036e-19
1.302598605869996500e-20
3.031056625758427201e-20
8.971744356651326356e-21
1.571365080871741199e-20
5.393299665857077803e-20
4.671652555158247142e-21
5.140369373621539536e-20
5.404423810678635283e-19
2.206942355452580665e-20
3.192834916418103573e-20
6.418479956900472655e-19
2.228768767544621882e-20
4.166267354599001673e-20
1.392614328411543957e-20
1.707806215328181223e-20
2.672723498582719831e-19
2.906810106029266566e-20
1.582784372273639800e-20
4.846121450091503942e-20
5.106848934636913068e-20
5.620219830670218953e-20
1.462039610037458400e-20
7.254765691529987415e-19
4.880446963058433562e-21
3.898628585932622146e-20
1.390315579390012195e-20
2.132163684117506779e-20
4.875699603884037358e-20
6.049993155981869808e-19
6.293217790292461501e-20
3.808312754344675437e-20
1.701745172877096380e-20
2.775126672386511560e-20
4.930566383215174597e-21
2.553795096186743263e-20
2.327689537077915919e-20
1.905987796296383545e-20
2.451054614442073595e-20
1.693280199076642750e-20
1.512708955480596788e-20
3.767253025966419931e-20
8.765622184355602300e-20
4.446587891426585989e-20
2.217621171294518833e-19
3.201141123960499734e-20
4.448373848056251898e-20
9.884997162405187549e-21
1.277241345891324681e-20
1.624126618115571992e-20
1.849846700216643242e-19
4.476531087874520197e-20
1.011670422842835406e-19
9.010595840017399198e-21
6.796703818194760854e-20
8.823711872761514095e-21
5.216689392937655132e-20
4.923201539719452693e-20
8.175309197219581916e-20
1.469777832261716132e-19
1.797428292158634534e-20
1.544983663174595566e-20
5.911036810588911334e-20
3.008311571816194630e-20
2.798170650178473439e-20
2.982658895936817287e-20
7.710783121924474315e-20
6.627940454046215249e-20
2.216686674132946955e-20
2.139680267837345236e-20
1.207070847839499898e-20
9.550744492724820357e-21
2.190526509566547440e-20
7.356175394790612403e-21
8.210515138651313421e-21
6.162695386716122068e-21
7.588880064818357651e-21
1.412568180122498860e-20
3.570406493004712311e-20
4.558719924638651002e-20
1.857460473582791334e-20
1.360835317862419862e-19
2.925589701662459348e-20
4.433254350231795330e-20
3.567913219969372283e-20
8.611231880862212364e-21
2.285529247578849718e-20
6.985682793142931580e-21
1.361105291015682266e-20
6.024747565644464933e-21
3.432308440024468959e-20
6.044651308297845203e-20
9.217547032920541991e-21
6.506930320353729164e-20
4.047265775804832978e-20
8.153743276852551904e-21
8.241286986915672831e-21
5.624903138545661794e-21
1.751350026653007383e-20
8.692402217890254053e-21
6.415745773537117916e-20
2.504275282223751675e-20
1.302118188200244794e-19
2.906585719510672458e-20
2.793752673796089272e-20
5.514063199956749835e-20
1.723810873986448264e-20
5.618275985997911517e-21
5.504302071144561122e-20
1.098212940216024890e-19
1.258512610169720264e-20
7.503709924929624262e-21
9.887319677825790785e-21
1.590522405834241941e-20
9.439596530512862731e-21
1.056192068258007823e-20
1.835223182221619244e-20
8.845673660907509202e-21
3.510989710289348854e-20
1.931308813360843380e-20
1.168064038057492008e-20
1.618440687443562468e-20
1.572636430268879421e-20
4.149150313189767313e-19
3.252241762409346651e-20
4.085766603770485995e-20
5.039714732274302357e-20
5.288307928773394188e-20
6.607105696126718325e-20
1.146531853844262488e-19
1.752410634499832873e-20
1.666746002768409197e-20
1.772473268421125600e-20
2.791913959199305020e-20
2.154308754731018183e-20
4.399757045280150346e-20
3.413298549301052142e-20
3.484587613413087551e-20
1.259795582950933237e-19
3.281598103843031353e-20
1.277957567055663179e-19
4.535249716353187784e-20
1.634529601055863536e-20
2.337684508702123990e-20
1.338282765534300543e-20
1.686105788035149533e-20
2.078226949901327559e-20
1.176894433936219405e-20
1.035678704400622728e-19
2.018261125173412020e-19
1.347341443530629457e-20
5.967984239146741144e-20
6.390806917952427123e-20
3.690669756151569714e-20
2.568339677930202350e-20
1.893783616173956658e-20
1.392098192674138519e-20
2.276731802576486865e-20
2.075879797953416559e-20
1.293872240100758291e-20
2.690531728186144123e-20
2.283992142406217613e-20
2.259795395926280295e-20
2.197452444730029551e-20
3.482046420446334411e-20
2.897833615997882438e-20
2.476889901495887318e-20
1.648187381439898099e-20
1.002083481918575428e-20
1.554445033899122640e-20
2.172711548320938440e-20
4.546947030996153750e-20
3.073785500976080308e-20
2.449398072721977070e-20
2.485020345941119970e-20
1.841768135860550963e-20
7.687650392146696536e-21
1.801475249708061018e-20
1.789448132977340548e-20
1.232348230408456717e-19
1.769516585746614481e-20
4.383047310245073039e-20
8.592065840846044730e-21
2.717158258196082722e-20
3.439079211555121165e-20
1.248491129033110603e-20
3.626827803812174516e-20
1.520730139561666074e-20
6.797466083878811005e-20
1.386132288048277801e-20
1.420497660245337850e-20
2.153356477111503148e-20
1.471182952092906551e-19
3.624012189629658311e-20
1.731997929651937652e-20
6.783149055986566577e-21
6.548229596228354678e-20
2.924205699886366696e-20
5.428206516683494425e-20
1.790029336594982534e-20
8.917579247441498026e-20
1.397039417936966326e-20
1.541447150409132682e-20
1.318647749498949825e-19
1.830949306919128818e-20
1.599124682351392738e-20
1.383164183617664837e-20
4.783670886217275909e-21
2.253739127387520593e-20
1.044233325781524100e-20
4.910505119924508201e-21
1.148409499244325617e-20
2.336780218017556360e-20
4.284350652986996386e-20
2.648529271976917500e-20
1.572823811824368343e-20
4.100903480513903685e-21
3.188805233694780372e-19
3.319794945769703754e-20
2.751377048752262430e-19
1.499638804674457446e-20
1.870290441434539411e-20
1.221456080016253867e-19
6.285293677592398456e-21
8.701524150851169799e-20
1.552793871393434084e-20
7.002577714888454182e-21
1.357664176771737220e-20
2.935779232830209388e-19
2.854624928935593944e-19
2.903635698024145701e-20
1.487765496407595333e-20
5.064419182212542700e-20
2.020480655007533349e-20
6.525989569285269380e-21
1.480654146342886089e-20
9.518505217210641556e-20
1.330928938917322239e-19
9.791159361415145942e-20
1.290371356594181753e-19
1.354537295688643825e-20
3.702627567159748762e-19
8.832914671688238909e-20
1.261164954757880802e-19
1.574591911258121084e-20
1.207768680131027930e-20
1.457609985082825634e-19
2.219719584479998305e-20
5.771223730352801430e-20
2.415024037955256351e-20
2.574555288671624079e-20
4.414869530837110084e-19
5.525163395883537309e-21
2.234392419207878272e-20
5.524055862642211256e-21
1.333714757364064633e-20
6.206782440730669942e-20
1.196666761773438321e-20
5.915702138533724376e-20
8.236978024784498767e-20
7.817986855604546625e-20
1.168796496953173934e-19
9.782518952907768691e-20
1.749389222636462627e-20
4.794674255469020626e-20
4.933269094024456491e-20
1.340479026336182556e-20
2.456712543069815897e-19
1.064091804986448071e-19
5.606937302698112608e-20
6.053407565933229022e-20
4.352390845187619255e-20
1.403130228914879521e-19
5.179204805873585546e-20
4.810750133109659837e-20
1.250150475518882408e-20
4.486666966288780189e-20
1.180046844745293001e-20
1.673562652262610306e-20
3.478635631409759224e-20
4.011846366648737719e-20
9.400888984509022334e-20
4.382728607148671097e-20
6.028350201477421817e-20
1.015886639364829607e-19
1.262988811313942598e-20
9.046695961300207752e-20
8.245727922998455107e-20
1.173549160754930712e-20
8.972540460734748347e-20
5.998363440046561857e-20
1.480496490888584547e-16
1.546985873078755186e-20
4.523856373343739368e-20
1.825948138876441827e-20
2.500153902241590328e-19
3.482190837630864929e-20
7.361821177868943773e-20
1.408146841141506648e-20
1.250043059346538625e-16
9.211457260299371730e-21
2.732266458920279517e-19
2.945659902650675655e-20
1.553342547694859811e-19
2.875245195467827931e-20
6.576029298424509802e-20
1.514229026143162447e-20
8.633342377029213662e-20
2.036913870185337747e-20
3.258358736607666549e-20
2.170895930285973525e-19
1.019436151528806752e-20
8.762587117564729205e-21
1.063782702619051889e-19
3.272431481920110317e-20
2.324948448838548468e-20
3.244526585057155363e-20
7.460430390953877681e-20
6.412745321834235374e-20
1.257224303234569995e-20
3.048037304114795099e-20
1.261996609961207317e-20
9.985335321450177409e-21
2.628044743143073184e-20
1.636797810435681215e-20
3.131216193989767051e-20
1.371240593651690501e-20
1.688576142780658019e-20
1.476844758403737883e-20
1.027273501460564170e-19
7.090026570114918476e-20
4.523555076457257597e-20
1.964905882358545137e-19
1.139939682423942064e-20
1.301178687388796769e-19
4.838026501975563496e-20
1.392403125632288451e-20
5.158674895490595646e-20
2.664106054076181318e-20
3.314759498968352569e-20
6.734563592228341639e-21
1.337379807865453933e-20
9.875332427755102485e-20
8.493729118845111590e-20
1.063057184283253576e-19
1.164474939477715602e-19
1.318428975246250339e-20
1.332584456971454553e-20
1.251578251873140818e-20
4.548382757715225353e-20
8.009821872036072242e-20
1.048160084911252830e-19
2.235877878664279534e-20
1.611878720349895435e-19
1.132534886950877220e-20
1.088570121069417014e-20
7.228461294644282295e-20
5.898920347116710092e-20
1.675922449484112970e-20
1.583691849317349903e-19
1.794184198219621175e-19
2.800274020369637244e-20
2.238344280157790722e-20
1.105221130038931502e-20
1.615117761542478822e-20
1.055173887819423835e-20
2.350097397009419479e-20
1.863602516461212212e-20
1.968221052784404570e-20
3.134697004429787205e-20
5.022993622592046428e-21
9.150969936191699336e-21
4.125320333735159550e-20
2.715190419267774105e-20
1.551218879816892932e-19
4.463448227992878406e-20
1.401448834838952489e-20
1.059781325711137295e-19
1.713725284240302073e-19
1.389381662599559769e-19
1.026340837621904213e-19
3.025574426381269985e-20
2.934666181852821549e-19
3.120821859139846439e-19
7.261275832672249234e-21
1.803425532193397924e-20
1.509149930148314297e-20
1.170787208075261112e-20
4.782324791516206790e-20
1.784684140778555518e-20
8.869599420035294268e-20
1.810413239558959117e-20
1.555624940695726238e-20
4.166330129761338761e-20
1.956933944564888798e-20
2.356335738766841814e-19
2.968753263517255880e-19
1.739735557827437682e-20
9.220149950795333612e-21
1.467189902631872388e-20
9.275407873036980035e-20
2.326213807937345059e-20
7.659252633729598686e-20
1.343897063160776375e-19
3.554879141081731231e-20
2.150021133392762079e-20
3.334414916790940207e-19
1.337125061813907640e-20
6.821345820043904049e-21
3.655034558671041712e-19
1.242777993771183119e-20
4.737261982806753536e-19
6.843098618811758681e-21
2.395862411413712637e-20
1.721551267974693750e-20
6.011827589816897514e-20
5.003171692674418525e-20
4.276403369959450723e-20
2.901989722269825143e-19
9.625118003559624171e-21
5.575047465872591791e-19
4.884749365664705164e-20
5.546710614767833863e-20
3.099249697815918870e-20
2.298401742121756313e-20
2.331828033967502139e-20
1.997593858966297556e-20
6.218456309565495525e-21
1.953891929081062433e-20
1.358211796993594919e-20
5.171407264229557513e-20
1.343083522481345892e-20
9.761100027453350207e-20
5.438691289017095882e-21
2.043263577551077071e-20
3.467569615314005457e-20
1.354121707163296977e-20
1.060412075322347789e-20
1.154251736908272452e-20
8.292064328867875740e-20
4.971390516436391511e-19
1.540681124584805431e-20
2.363382837009990071e-20
1.507795672465354391e-19
3.654034635801519824e-20
1.878536369833812134e-20
5.486815072783827245e-21
1.236696599822940389e-19
2.948430731046954453e-20
6.621737728632396544e-20
1.964618797129074551e-20
2.906510401233821931e-20
1.060369050848075992e-20
1.671863738776025112e-20
1.351464389505203153e-19
2.797556989393559916e-20
1.755094369501659925e-20
8.755290213163749790e-21
1.560119766948425451e-20
1.710614023257950342e-20
8.446689147048254589e-21
1.601484777175727463e-20
9.289358818704999374e-21
1.773643169982238091e-20
3.221769514638919390e-20
2.906852019738608131e-20
4.470536432717054980e-20
1.337445809813341130e-20
4.067030102736901804e-19
2.176289261850846599e-20
3.509130367391366922e-19
8.371829819765460093e-21
2.624342900930207388e-20
9.690166172655174901e-20
8.486093409995546011e-21
1.248257379496058123e-19
1.926972093549542655e-20
9.454534926689312969e-21
9.690412518334585181e-21
1.500795772540187928e-19
2.814568394979055156e-19
2.612607019587587666e-20
1.061901878048769173e-20
6.467298954151360915e-20
2.835085902149390161e-20
8.811069127135096177e-21
8.265846746879561234e-21
7.701837176819861479e-20
1.645659866374427669e-19
7.922453521122784718e-20
2.438786983289545738e-20
2.372682570002016087e-20
4.722363603691817166e-19
3.779968740393584726e-20
9.367939289337352059e-20
7.606546449513420723e-21
8.620524086467399306e-21
2.451745307189677864e-20
1.584338661699412851e-20
5.192779397150355253e-20
1.723738430303727048e-20
3.194948335363111833e-20
5.630763237542118061e-19
7.459803008109625475e-21
2.772816094378638659e-20
7.177072951849494803e-21
1.348690166239953952e-20
4.340618429041875617e-20
6.592177391828131282e-21
4.137055868872873672e-20
1.070006264810632053e-20
1.427018294517571825e-20
1.217491906771472021e-20
1.270776313077966509e-20
2.184871782417948441e-20
3.353082153801326005e-20
9.004703357750235620e-21
1.674169911228273719e-20
1.352059435416381437e-19
1.108424917434323288e-20
1.023435093322946114e-20
2.276682272594036922e-20
9.837012044017469181e-20
2.684652675936872592e-20
9.453610175535923254e-21
3.146472914042430069e-20
6.886807559429155292e-21
3.137681964015132274e-20
1.193296817346397965e-20
2.090169396108663859e-20
4.410972680895125390e-20
2.623949608415898811e-20
4.274827996098632614e-20
3.064994261251898290e-20
1.100355651928474455e-20
1.058211386540040549e-20
6.957531164095259183e-21
1.651294748910790538e-20
1.505093934674190699e-20
1.524721716932617660e-20
9.346362196157219784e-21
1.094882163939077743e-20
1.725150037673773755e-20
2.873649419051209012e-20
7.523032661267743772e-19
3.391844036724937453e-20
2.495617787878336993e-19
1.115042712474131781e-20
2.646500643789424881e-20
2.737275962206978231e-20
1.456613942820758748e-20
1.725640512731726035e-20
3.829443022497942339e-20
2.971619882697444682e-20
4.511878237426541076e-20
1.972293264607167193e-20
1.499143460044997098e-20
1.462427051089750630e-20
3.103599721703139208e-20
3.083198316511100492e-20
1.006656952370693772e-19
3.042646973783091662e-20
1.909774179600624145e-20
1.641550831656324765e-20
4.314956400127110948e-20
1.047875043651683431e-20
2.363924896949401240e-20
1.038939533411082325e-20
1.700761192228732396e-20
1.461919461408904053e-20
2.355237754402863071e-20
5.925034947136715716e-20
