1.544968241919238470e-20
1.222430063186059695e-20
4.925639667541421621e-20
4.961848789518998301e-21
3.406355983519445751e-20
4.156828923139233159e-21
5.118811521281740373e-21
1.807990791709599623e-20
5.193838083602171836e-20
5.213484798052857312e-20
6.611752563971381347e-21
7.946216019908291592e-20
2.636353350705482552e-21
6.656255629125995426e-20
5.657633667807940301e-21
1.454186352713630328e-20
4.364195996735653833e-20
2.898200902081325265e-20
4.844943688276453127e-21
2.492281941550756192e-21
3.092975700376340462e-21
1.222099991172396996e-19
3.380082891516274668e-21
1.315562979811146436e-19
5.887520976118433417e-20
1.376929847061854808e-20
1.391713430897560082e-20
3.794080120617987203e-21
2.617709396423028800e-20
3.187511809588214688e-21
1.297127402938972221e-19
2.703651841265309760e-20
9.398693346901826280e-20
2.619228183771067975e-21
2.517550297097179939e-21
7.437702781662943406e-20
5.224499309770488820e-20
9.885291914222316291e-21
8.007058517502867877e-20
2.220353095803881389e-19
8.488853155658955569e-21
1.320269122279538665e-20
4.090127928994600860e-21
1.116401588724422158e-20
3.904916465326744855e-21
7.124171263095193007e-21
1.288159204032986075e-20
5.966537336498921043e-21
3.790515308867531012e-20
1.493608026647518323e-20
7.090379314416322334e-21
1.018821094679659460e-19
4.509456827058493271e-21
7.282996965493647822e-20
2.273721142708755080e-20
2.170855492155940160e-21
2.542623109865385857e-20
2.524400983048052640e-20
3.333398917345554612e-20
3.238196928184953426e-20
5.024950425575603868e-21
2.511148645381065698e-20
2.670439190840714645e-20
2.159170542960822585e-20
1.053328327860512505e-20
2.337685353119372618e-21
1.813558781179595850e-21
2.436159765800686684e-20
3.971749321035670720e-21
9.373610731132321172e-20
4.029008489914427573e-21
2.409675517431318423e-21
1.028949191869652495e-19
1.142988120532482527e-20
2.016280193998601475e-20
2.540316436074247223e-20
1.016128868829471894e-20
7.143981560728711162e-21
3.265177499177270076e-21
6.815993635997576477e-20
3.863434646410451069e-21
2.731225340612662824e-20
3.224272448639257388e-20
3.393087725421372265e-20
1.255764723784849066e-20
2.853207480024696411e-20
6.439683293553514396e-21
1.199924966408844592e-20
3.127556768665579488e-20
5.985301534343617869e-21
4.053602104560247218e-20
1.203751443913343688e-20
1.281466403235963353e-20
1.333897016848357049e-20
9.984595104497043653e-21
8.309393914464433788e-21
7.102358727797829671e-21
2.483187902273338744e-20
4.635520893006064074e-21
4.322355691701341281e-20
5.772852452323098626e-21
1.040687222628284834e-19
4.083101806360388596e-21
8.915459384549822406e-21
9.045119374735760234e-21
8.133939241711352897e-21
6.960635249695582064e-21
7.955990735894483314e-21
5.222275451516140469e-21
1.082108028024656878e-19
5.164107780771448342e-21
5.736854306001444692e-20
8.503548304064995231e-21
9.085166800513197414e-21
4.568344322158484202e-21
5.513805342617775415e-21
2.268756960372046821e-20
4.438056364897253849e-21
1.555777107478635261e-19
3.854338142576735613e-20
6.273450732727701046e-21
9.630440341226227720e-21
9.862997018965506429e-20
4.814002380143362177e-21
7.649152818020952484e-21
6.141671904236421259e-21
6.360454895022219566e-20
3.884405587697597655e-21
1.242386402390631799e-19
8.005535041855491822e-21
3.241426543943975281e-20
4.077080817622705540e-21
6.807609069574291944e-21
8.840381683237772685e-20
1.330926432660158589e-20
7.151753560202608516e-21
1.368914492243608882e-20
8.920215516439728048e-21
6.577249321831230772e-21
9.454809890635637449e-21
9.156726080489913512e-21
1.039805302500653782e-20
6.819594121365999613e-21
1.432527538536380583e-20
1.184499799121942437e-20
5.241516106585615216e-20
7.647044232014153149e-21
4.820055846614602830e-20
5.830058300577638601e-20
4.158858901116878174e-20
4.452101232560411184e-21
4.387839481006437232e-21
4.696796826395237650e-20
1.462736868382892443e-20
4.135476301948130884e-20
1.148919705402080616e-20
1.629665871270382167e-20
3.629883357247054472e-21
8.099026268562557116e-20
2.348568400617191473e-20
1.868020116325557046e-20
3.977725351594322412e-21
3.309971094485887012e-20
4.740196812347417706e-21
1.518752509482161973e-20
4.395739913758659566e-21
2.809565956582022699e-20
1.282485934910069685e-19
2.890044958694000602e-20
7.743009104312260328e-20
5.479750625570587651e-20
5.596726781662400597e-20
3.134290347941370401e-20
4.587667518147406868e-20
1.886639725337730743e-20
3.229119178673767401e-21
8.985340578042056327e-20
5.934695276867472594e-21
3.712849387907177190e-20
6.456865926572327003e-21
1.904925926290217356e-20
6.673319984957388457e-20
1.285836528500020268e-20
1.653237771814007146e-20
3.793442822514239565e-21
5.177544944273229658e-21
8.194565304364200380e-20
5.672350996861192474e-22
7.810263684653152721e-20
3.155465057035932041e-20
2.249983817063778429e-21
2.361086783405398189e-20
3.747539040751439126e-20
1.695029557124631877e-20
6.330215643094027720e-20
1.419774147972346900e-21
1.298825636367620396e-20
2.384391251544286546e-19
2.149572747379777711e-20
1.613653032086934696e-21
1.621160472204835118e-20
4.651594081229655994e-20
1.512273639508812494e-19
1.490553414031449485e-21
8.530617561001855721e-21
5.925870528506099258e-22
5.923566003041481097e-20
4.580998704019493965e-21
1.621559184530610836e-20
3.512438723309667800e-20
7.113968948799457728e-21
4.609826657403046560e-20
5.786340366451940700e-20
1.734933896338372595e-21
2.052193451892705574e-20
5.986725855294930122e-22
2.603601142694322456e-21
2.373085901693086676e-21
8.058918576185518039e-21
1.812543650724146626e-20
1.726303832206635642e-21
3.522863911429474669e-21
2.132269347274281523e-20
5.286423358402294856e-20
2.516773626697844888e-20
1.885892380927898480e-19
3.133083277303669191e-20
6.617175404305715056e-21
8.920236085341035197e-21
2.974496466966809565e-21
2.091803697521392916e-21
1.146301180374298759e-19
2.672661680967178113e-20
1.223572662745951145e-19
1.973659108485284376e-20
8.432393849585909617e-21
1.409436628310914576e-20
7.760082655357886853e-21
3.390518951421042752e-20
3.150797555786930734e-20
9.107825333917005959e-20
2.315008636413878324e-21
1.989871050194828035e-21
9.519601637422756787e-20
2.944353376996856208e-20
3.137386217703362589e-20
2.919246089719147547e-20
9.566454845177677547e-21
8.223016011160025417e-21
2.854995004378439309e-21
1.930850643927823294e-20
4.292130971175152892e-21
3.396076237643944488e-21
3.577251542475447850e-20
8.103340043650346287e-22
2.270461870607349674e-20
6.788638609590579342e-22
8.359680461025311436e-22
5.022843228839679699e-21
1.001160410267875665e-19
5.018179177678508878e-20
1.080363095013422929e-20
1.554319345031759848e-19
5.733170617589848745e-21
8.451826381482716303e-20
6.459911706586725751e-21
1.068569771425755764e-20
2.874362150782509455e-20
1.931757770876534588e-20
7.916657962602446922e-21
4.676629399399991837e-21
6.726168706319933789e-21
7.520287566272858495e-20
2.916505444002304197e-21
8.095419352905489214e-20
1.134874214604594583e-19
1.011799903910899195e-20
1.022663223299569314e-20
6.196222955275647614e-22
1.982197986840960069e-20
2.750345433485919933e-21
7.981974593450177104e-20
1.035236506809333062e-20
1.170881425715117792e-19
5.695929212198039623e-21
5.474814439331394194e-21
7.818683267320256070e-20
3.027147235258479856e-20
7.759341376036322340e-21
1.543434712709092224e-19
1.366311586590454882e-19
1.386339379108598835e-21
1.036329419191731806e-20
7.674899136066924204e-21
5.049830216619628228e-21
7.327360054852096902e-21
1.163469197126901514e-21
5.826743116493500305e-21
9.744126226280867006e-22
1.451399831689430852e-20
7.409512541113480232e-20
1.573482374609283721e-20
6.705431958243808295e-21
2.142485373093277142e-21
9.750957032231476474e-20
4.376128911092434038e-20
3.631892843191707423e-21
5.286403086880887960e-20
9.586644612632135901e-20
6.930516071410748107e-20
1.060799363919167397e-19
2.387401232608533330e-21
1.568407892775284612e-20
1.667897243675689045e-20
1.071124480522530398e-19
6.144045131445440594e-21
3.911003166404398168e-21
3.034126952196242372e-21
4.688767229590812957e-20
1.175233846049840005e-20
2.759116789092344566e-20
1.192176736404624969e-20
4.031444422623150727e-21
6.772090635541097348e-21
6.667029084389629521e-21
1.259324005423027070e-20
1.586625449598195154e-20
5.927061358098774816e-21
1.585377674715507552e-20
9.661604497720071922e-21
1.711949653864376956e-19
1.835554155917255871e-21
6.029542092040468577e-20
6.703629711889933098e-20
4.051986859210418599e-20
7.324852976357852463e-21
1.782050273936349086e-20
5.587296326385560685e-21
7.057211131562800830e-21
1.953402770521173352e-20
5.193058687936547565e-21
2.531790201530672760e-20
7.079716088452079635e-21
3.344636387753094389e-20
2.960156787786137134e-20
4.743775090446697697e-21
3.947871241207479382e-21
3.374397465668630360e-21
1.550944231172185969e-20
4.021941402351833820e-21
5.280767653865738547e-20
8.898090085235881489e-21
6.811665345608122668e-20
3.651733095842832237e-21
2.741180647393667780e-20
2.781046395249005676e-20
2.093729706334133235e-20
1.211165655002998453e-21
2.047924585130867249e-20
2.566265933599665974e-21
8.114464719917623945e-20
2.537681897147529757e-21
1.206287299856682082e-19
2.261392869792598554e-21
6.726774208641510857e-21
4.085711046549257750e-21
1.419289928007088361e-20
2.063951011208926946e-20
2.180894701240674766e-21
1.018311052358129827e-19
4.708974837368982516e-20
1.614827670826309469e-20
2.289974086520034128e-21
1.228054767278621212e-19
4.305415992236956045e-21
1.968942477619261846e-20
1.068664253745133253e-21
2.542949178794691715e-19
3.474028597615685043e-21
8.131857698460248135e-20
1.903596008595557211e-21
4.192966284539560731e-20
2.003508567852339977e-21
1.752323556215572052e-20
1.100727583085226254e-19
2.034041616189872415e-20
1.700579594053738752e-21
3.640425574622301859e-21
9.903360778883298293e-21
3.232110413959649739e-21
1.645157460968981883e-21
1.016593845309887830e-20
1.809283815487774101e-21
3.351200494327999042e-21
1.060661792015860096e-20
2.816562638227246920e-21
1.956377058203276943e-19
8.489866391921308511e-21
7.946706207754800229e-20
3.384077023943188489e-20
6.856607246551745502e-20
7.472440596229605265e-21
2.055120675448119539e-21
1.001306774114725216e-19
8.658763122217855023e-21
6.659943588155322718e-20
3.998030532133056207e-21
9.646909880170759803e-21
9.307017382175519353e-22
2.322063866729602075e-19
5.488016753915237046e-20
3.297186102922936928e-20
1.019888391589688241e-21
2.043105258633716462e-19
2.220153338999065697e-21
8.990351241654579061e-21
7.377843329754391505e-21
6.043615734579915525e-20
2.141417173705381905e-19
6.216732924559911973e-20
4.024302078363698488e-20
2.804961269492544939e-20
9.227184263888111542e-20
3.297982168911832952e-20
8.323876516095643922e-20
8.179913908581485853e-21
8.279458419793547470e-22
4.334764032200932170e-20
1.521655289265564904e-21
6.553438743547271368e-20
1.655539792842046852e-21
6.628793969631702946e-21
1.100213670512586297e-19
7.611590406198978582e-21
5.752965205061847418e-21
1.996216797720756137e-21
1.200763249071167408e-20
4.732655782038801971e-20
4.167252078014181230e-21
4.510707793949213848e-20
4.456048537399216282e-21
2.036178623569575119e-21
3.131196961715343502e-20
5.292156800834094775e-21
1.008586352168667771e-20
3.655926892044689559e-20
1.284859805867732754e-21
7.728347893291872074e-21
3.754135219875005173e-20
2.850693885073515865e-20
1.460315307548049224e-21
1.250526223523805875e-20
3.868250160740606617e-20
9.349401662277216658e-20
1.348913257029658462e-21
7.536830386102501399e-20
4.353502857567332912e-21
3.421072119548854214e-20
1.062413739916155010e-20
9.648695834694812824e-21
2.348535863262400611e-20
6.285216393267174521e-20
6.276867808745637820e-20
3.341819385776196897e-20
1.570071431731765860e-21
2.721552611526880576e-20
4.398210860855442999e-21
2.356193387192338219e-21
2.147582906275080814e-21
4.240830661204734632e-21
2.403736792740080107e-20
1.562261441290099895e-21
2.838575879101728922e-20
9.329402080361523098e-21
4.754119404573904583e-20
1.101173880247758958e-20
2.391080370597120943e-19
3.004940452408156316e-20
8.290389347144291683e-21
1.766726078819531827e-20
2.396724408289502937e-20
4.494480309947570029e-21
9.379131908847370380e-20
2.697198963442396743e-20
9.043368039311551275e-20
1.367966658303704517e-20
8.509559786498122508e-21
1.782641047694734075e-20
9.722291256942843181e-21
7.002087247965325750e-20
7.085411023791118710e-20
7.452098686808989645e-20
4.974061737269699161e-21
4.275466318867434493e-21
5.802654133122596975e-20
2.823929588088277995e-20
1.288898793819982311e-20
2.799849186607232367e-20
9.653998722304854229e-21
8.298265904139826196e-21
6.134284420369689693e-21
3.824208411410447097e-20
2.722694335649297319e-21
2.154285970713216694e-21
3.828064129573943033e-20
2.357667028633970898e-21
7.420901518460124372e-21
1.975154606980193264e-21
2.432249280754004457e-21
3.186218430858284458e-21
7.040265477633269285e-21
3.311934106260341252e-20
7.467816774588996884e-20
2.160531557618172860e-20
2.394655114516906327e-20
3.264668718001942551e-20
2.810689432891023974e-20
5.330067635952608949e-21
2.325028881775891521e-20
6.313862549631758294e-21
5.472248302879263874e-20
4.096688430989010448e-21
2.809414784251396798e-20
3.432367387767153035e-20
2.029006072932615693e-20
3.694865805641426008e-20
7.980555036529157421e-21
5.046897325852446540e-21
5.101083986041544521e-21
1.802791254596827107e-21
5.726346360210527952e-20
1.913408939003163376e-20
3.643087986078524936e-20
2.897753464553645449e-20
2.777981437370832891e-20
2.379099965744643735e-20
2.286743805940897964e-20
1.355725416638123997e-20
2.649108408105704064e-20
6.937657700721724831e-21
1.085359550120366718e-20
6.236042558231256642e-20
4.033554839133390944e-21
9.265862174519726169e-21
6.723147766159724617e-21
6.214778902693087947e-21
6.418706423531186946e-21
3.385113977842397013e-21
7.170918355357404551e-21
2.835053817659917897e-21
4.062645456440884165e-20
2.214611741955227547e-20
6.234446066701433958e-21
1.008561153536126465e-20
7.987692957518005788e-21
1.896978333798036683e-19
2.415883612937780027e-20
3.472617470336045267e-21
2.306171845708032889e-20
6.451923487711344241e-20
3.023409448246382092e-20
2.159858729292226049e-20
8.900797294566648758e-21
4.264559442045038784e-21
4.535074690482405083e-21
3.201458717423798644e-20
1.551665166052897179e-20
3.739487509290204874e-21
2.901066390536749824e-21
2.588478572040137992e-20
1.486827391966712212e-20
4.625565578267548417e-20
1.508262405571099409e-20
3.854646856923001759e-21
1.018587256684580657e-20
1.683743620039987878e-20
3.424148847158475788e-21
4.314093657167265283e-21
1.496866388456439192e-20
6.281577580950498300e-21
1.222321690771786599e-20
1.001728167512258257e-19
6.843380677644535979e-21
7.332343613125091240e-20
2.924431196701280080e-20
5.572913938612287045e-20
1.849875605845303367e-20
4.845461028933405610e-21
5.175118920079734715e-21
5.830210683457372632e-21
5.311374845482583728e-21
4.809964372591312761e-21
6.884031799986412542e-21
5.848802821008594412e-21
1.947426161626851904e-20
1.172872231696628665e-20
1.768591718659028910e-20
1.471859911232511615e-20
1.258055303942298193e-20
4.217075096088096474e-21
3.725240944975588821e-21
1.341805199402918233e-20
1.444881689274343810e-20
1.120557392942758263e-20
2.185553301483848542e-21
1.351875140357248152e-20
1.371535834200474053e-20
5.831037450523771996e-21
1.104805350740836258e-20
5.703470183195046026e-21
4.937471356791379014e-21
1.037863671115625586e-19
4.882475941314031785e-21
4.750692018644294674e-20
1.442710195557223626e-20
4.351583243678191746e-21
2.445288040591016595e-21
3.952722597536573319e-21
4.967659541530929293e-20
4.196020754735178224e-21
1.675179152438757727e-20
1.196516744305897511e-20
4.497295231683349844e-21
9.123869764059942027e-21
3.698818733920036694e-20
2.576780911728481359e-21
5.483505005537136526e-21
9.748179209062596825e-21
1.974912676666735064e-19
2.079197595139637278e-21
1.337736485871743770e-20
7.584436072027772587e-21
2.872648308373153656e-20
3.854731513729567552e-21
4.880221286833778165e-21
3.315317780395412790e-20
3.257398241313483934e-20
6.775564331010892536e-21
2.322497414240361763e-20
2.027897950341996980e-21
6.218549832255302846e-21
1.500685524050190135e-20
2.081665629742672629e-21
1.650398879874732192e-20
6.447678019245786483e-21
6.861473178951701804e-21
1.122193951659714596e-20
3.100792699553963420e-20
1.738458593931537874e-21
5.190917127784856466e-20
4.348774548526463309e-20
4.478846840957401008e-20
7.945919030345156121e-21
6.770264900567253412e-21
4.962589634528056284e-20
1.498778128704371184e-20
4.776007144342858791e-20
1.278956939298883784e-20
1.669820196476128253e-20
4.739619246981819414e-21
1.293586398808110916e-19
2.566312433672730159e-19
3.862226602629058407e-21
5.193804257644837368e-21
2.463690444791304492e-20
7.313938497370788207e-21
1.556173973137935263e-20
7.845327769668707365e-21
3.595815407904881066e-20
2.341756395919306465e-19
3.698816241584855592e-20
2.342537803464812592e-20
5.971740679206012925e-20
6.027346121076284101e-20
2.468154098458445627e-20
4.940216595133013565e-20
4.923349021252357543e-20
4.216332566027120610e-21
1.330024829040552671e-20
7.749063314405244079e-21
7.676504954206309365e-21
8.430873118736727981e-21
2.120529590383002628e-20
7.186773786746551919e-20
1.317519034120985540e-20
1.840354822561421217e-20
6.479927753364995785e-21
1.333302856389076145e-20
4.579561905429028802e-20
1.342387371712816163e-21
4.364793581246396361e-20
6.848735985338225152e-21
2.610719374206139048e-21
3.487027071036527411e-20
8.133794867297158680e-21
1.422552838531295075e-20
3.537663480065900193e-20
1.647403793306230067e-21
1.090038865697558824e-20
3.017688840705532063e-19
3.174647545341263408e-20
1.872366904226658646e-21
3.629412960929278169e-20
3.952523535783070487e-20
9.723457088521768752e-20
1.729530962306789359e-21
6.465177562389832385e-20
1.402383908942421394e-21
3.310405885395278539e-20
1.179682402166242036e-20
1.360892859422209802e-20
5.757811268882695584e-20
5.391529053837321314e-20
5.511256729372144102e-20
3.233716851330353989e-20
2.013092495060028996e-21
3.030830620902801056e-20
1.416785595690630935e-21
3.021031482265381371e-21
2.753558178160843640e-21
1.376617826793039231e-20
2.676898122480093096e-20
2.003078789424230539e-21
5.195429918899108493e-21
1.238113501323297558e-20
1.350824297030574779e-20
1.461377949728678752e-20
1.289699301993820907e-19
7.855403504886331484e-21
2.008564635283181300e-20
1.393861941673694615e-20
4.386711586558986403e-21
5.730856901575385833e-21
2.493350840340194722e-20
8.063551567998835581e-20
6.363200996716696548e-20
2.956057786290288990e-20
1.696036182861362831e-20
1.268404407219413136e-20
2.355480493729153795e-20
2.350357358884852558e-20
8.603665687723470372e-20
1.981067832677139194e-20
6.342365317031791669e-21
5.451594838830147930e-21
5.086914441644017970e-20
7.382211639516317069e-21
1.601023103316536117e-20
7.319261550092188234e-21
1.924133745238609485e-20
1.653923302913421220e-20
7.821751077403526568e-21
3.017116589604582093e-20
3.999089369942882730e-21
3.164212013259954148e-21
1.052847247987450192e-19
1.177754174825678084e-21
2.394555421080231944e-20
9.866730781085036052e-22
1.215011157145746811e-21
4.679912868046220397e-21
6.962300624087455010e-20
7.394157580815654991e-20
2.628986838240626207e-20
9.009883109113327796e-20
1.054559946891275156e-20
2.987164942185174201e-20
1.782411231065045341e-20
5.092422665040889105e-21
7.557802097240456909e-20
2.037339231435265474e-20
1.926462471978094192e-20
3.734702918904555872e-21
1.237212109466294364e-20
4.729188236243800965e-20
1.247739675713501748e-20
5.090864097128568800e-20
7.892177289040255561e-20
4.821877710696523998e-21
4.873648418938424478e-21
9.005703098248424035e-22
8.895153855230300463e-20
1.176653081973505169e-20
5.019523524424206783e-20
8.076446659056301941e-21
7.044729536178153069e-20
1.047709759253101632e-20
1.007037886970825481e-20
4.974908444745673142e-20
3.826485787217534015e-20
1.271891430629632073e-20
1.073340131443824710e-19
8.592151065241210968e-20
2.014930858972977985e-21
1.698724728944290100e-20
6.129086946561297311e-21
1.052459034637002359e-20
5.851546198685694630e-21
1.691007284423304703e-21
1.214379132050806636e-20
1.416229021762710739e-21
1.132316455660117090e-20
5.533246118840804653e-20
9.393388338437353174e-21
4.973458165594843752e-20
1.256984918388985131e-21
3.311930402927567093e-19
6.991712954464253157e-21
2.234357659372178064e-21
1.351247910156699692e-20
1.665811290768791156e-20
1.771496649780953313e-20
4.448653432309221646e-20
1.400675767134520709e-21
5.301249678704565638e-21
5.637525651252768441e-21
7.998900523833922421e-20
4.591414546113729604e-21
2.406067650664828805e-21
1.866609255241607191e-21
7.491213180786749731e-21
7.541011849739461815e-21
1.111461006368696812e-19
7.649727691580055317e-21
2.480163681290084595e-21
5.022899297050214936e-20
4.982237868137079384e-21
4.256540030107027024e-21
5.362825380853923585e-21
4.429263645217042438e-21
9.464401001243857662e-21
6.199470364956899141e-21
1.303933919318787120e-19
1.076909984940962486e-21
4.932240726144785993e-20
1.713502638710106147e-20
2.240221078284849483e-20
5.473826409846491960e-21
6.023365149880684002e-21
6.823082869189895413e-21
1.693510890752365489e-20
6.602539975288005856e-21
6.341648572500040051e-21
8.557500924496383099e-21
1.698911379540024427e-20
1.597987093139951936e-20
1.767156893463213664e-20
2.783147936413461942e-21
2.316195327286878669e-21
1.979741274439418611e-21
5.242222157299681775e-21
4.911506009387700244e-21
1.623642009424950770e-20
1.116519114413724656e-20
4.209980502489380296e-20
2.415555026830750745e-21
1.998857687268839138e-20
2.027927627126736385e-20
7.962150423531403091e-21
6.859614332768730039e-21
7.787960190625440769e-21
6.952915232924678562e-21
1.455146931862256539e-19
6.875471044516834483e-21
6.396073052689089607e-20
8.262135968694675539e-21
8.237773076448573561e-21
2.702623548228510173e-21
5.397353759278446707e-21
9.335610774878491872e-20
5.908809290232582559e-21
6.293717407390373017e-20
1.447836729131693897e-20
6.140955436751097469e-21
1.528423142832631970e-20
3.600006429506714242e-20
2.847954373906770529e-21
7.487602690384390978e-21
6.052536745594573365e-21
1.696379359597563663e-19
2.298006733262492744e-21
5.025931343149294048e-20
1.270538479569832247e-20
3.864245478778185067e-20
5.428207988240773840e-21
6.663832348118479265e-21
3.226750534117848374e-20
1.930255490418308431e-20
1.135036952199999429e-20
1.330051557304220350e-20
1.176269065132089352e-20
8.756921657058705865e-21
9.317590580866047179e-21
1.207456659148936223e-20
1.024714426263659141e-20
9.079578488155599465e-21
1.298912507314620887e-20
1.879890058514253647e-20
2.758106796429933298e-20
1.008381642039642449e-20
1.010108741708986061e-20
1.404337903809658303e-19
8.715458627938700752e-21
9.077748906513669081e-21
1.189075060304072749e-20
8.429341674456888580e-20
1.293852978838327626e-20
1.174607557373404646e-19
1.189997869430340717e-20
1.441508782359066456e-20
3.136166901157863305e-21
7.355549338250238531e-20
2.315504383940837670e-20
2.659427875871954719e-20
3.436697370636058326e-21
4.392224904868642459e-20
1.284561533049129365e-20
1.343401196063426634e-20
8.962829259947666877e-21
1.178379897434817444e-19
1.890501074537844788e-19
1.212134164008315289e-19
1.223960852404358651e-19
1.199508139427935643e-19
1.172870777230648614e-20
6.019134301917868007e-20
9.284677314398553125e-20
1.534616168980684318e-20
2.789912427304942484e-21
1.487667251414292731e-19
5.127491179189077932e-21
5.285839844453651312e-20
5.578639094201726188e-21
1.973034132019295751e-20
1.398485633265258778e-20
1.137377103605883547e-20
1.712347187423207042e-20
6.058462124891013082e-21
8.180845290147335994e-21
1.313497909045706671e-19
1.752165681423252634e-21
1.251898622788935603e-19
2.614765128633310079e-21
2.800672198694504953e-21
2.957280605537005344e-20
3.105385172971273364e-21
6.815417020319981299e-21
1.014663341151755804e-19
1.767266926319858797e-21
5.222350437088489284e-21
1.152639962597370391e-19
2.692357536663080162e-20
2.008598084586524211e-21
9.894276845936717615e-21
3.959479527831943436e-20
3.637475572711083990e-20
1.855369570077555788e-21
1.289192176147274266e-20
1.830476812586423667e-21
9.494819151597330703e-20
7.238264867869763015e-21
6.520005518047328801e-21
5.214074063664448855e-20
1.075100723313855256e-20
4.327871299837134954e-20
9.274861679744819585e-20
2.159562701383808469e-21
2.570389168558700979e-20
1.849274770468438621e-21
3.240838125826332159e-21
2.953903783476246325e-21
1.287080239396865464e-20
2.270225822553093096e-20
2.148820410481926580e-21
3.180316484537203951e-21
2.325500395867214207e-20
8.715774956931413329e-20
2.744849318720301103e-20
7.847742958851141248e-20
1.331900402242242448e-20
2.858651570339525242e-20
1.968256016501769217e-21
2.685269821635911749e-21
6.924103364953818448e-21
7.563505014255349670e-20
1.717548566863268681e-20
8.185631181465266202e-20
1.685393591802906181e-20
3.718466165716427665e-20
8.560100944607322158e-21
3.352392994489634057e-20
9.756501569852712178e-21
7.312463718091251274e-21
6.009509870656269705e-20
7.662936588305750692e-21
6.586694942170417942e-21
7.313814736868971468e-20
1.251669713209902395e-20
1.854224287040739557e-20
1.240996391416434044e-20
4.218557541568874364e-20
3.626135989739488074e-20
9.450351646364334200e-21
4.260434769347241384e-21
1.858316699213274790e-20
1.470361744923004670e-20
6.247433957894275257e-20
3.427410431911509018e-21
3.551175095758808706e-20
2.871340788323327887e-21
3.535832862155922816e-21
2.174685141802045716e-20
2.318560264138628262e-20
4.568268344633070766e-20
2.268781569991089853e-20
1.032262039855412600e-19
2.717513734170484075e-20
2.297928242291789264e-20
1.122525713667575253e-20
5.320148205243360246e-21
6.249697462941067578e-20
3.021416116158006837e-20
1.662512146553138333e-20
4.114247032286099421e-21
3.188193245408083747e-20
3.668558494927233764e-20
1.007557074169078014e-20
3.949120186612566252e-20
2.628224440151112616e-20
5.037504884378954460e-21
5.091590701415971637e-21
2.620771074761990462e-21
2.929712300079205534e-20
9.501542346221509272e-21
3.893779385833734230e-20
1.465948022137544379e-20
1.243601434424183320e-19
2.699861367376836175e-20
2.595053317490887980e-20
5.830383349334552320e-20
7.462791301388469366e-20
1.270699325090920561e-20
3.574398626312068444e-20
6.665162646417389098e-20
5.863698209048187555e-21
1.697132565407884380e-20
6.751963496981362236e-21
2.048596264807482839e-20
6.446217304290705762e-21
4.921040511640350451e-21
2.363771388819418836e-20
4.121401755068068171e-21
2.055256647732999962e-20
2.131087963111467293e-20
1.059315454805638881e-20
2.211031284799465308e-20
4.285580114789563354e-21
1.656559830790620126e-19
2.695266911248285754e-20
6.281972571784744885e-21
4.029155352508449846e-21
7.566761025863144542e-20
5.282254392229201193e-21
4.450518924221760958e-20
4.775481493121942391e-21
2.193387810628992276e-20
2.332521725063832013e-20
3.080716139921073662e-20
2.128896727571169434e-20
6.764741053848080721e-21
5.248035422834695635e-21
2.887821502796325219e-20
9.658158407055975497e-21
2.279314617009841248e-20
9.797396329338417303e-21
6.973064564685060625e-21
2.233011139613556598e-20
2.310109398079854062e-20
1.761140029867919563e-20
2.218864708098633952e-20
2.053712376686515813e-20
1.067323727059214748e-20
7.939977819643886886e-21
1.668559843210032733e-19
3.671630382643358360e-21
2.488557340170072662e-20
5.109327664007654772e-21
4.412539765144225614e-20
2.538043780228492367e-20
2.492162508735903120e-20
6.861925076463382859e-21
5.467762339099658784e-21
2.731795629087618072e-20
6.377750087464907571e-21
3.540659156771367599e-20
5.485198654016196454e-21
2.325072548162560518e-20
1.992866195738799265e-20
9.488899411854755764e-21
7.896865341321488679e-21
6.749754682052710161e-21
2.168965220902403858e-20
4.939466058840306540e-21
3.282881632995872990e-20
2.947883024275377094e-20
2.472504212737318249e-20
6.645515764122589965e-21
4.731603230884905129e-21
4.800416244552317823e-21
2.380504675014825500e-21
1.284379473257896336e-21
2.328425696131302676e-21
4.546695438174866744e-21
2.785374101736849784e-20
4.496052632049473141e-21
8.212767902842006057e-20
6.421531134996105227e-21
1.768236761190821368e-20
7.435279757549205769e-21
1.613687907565630415e-21
9.633464500991555480e-21
3.863926906188500371e-21
3.696274316317965616e-20
2.927416621430405720e-20
1.836008157173206809e-21
1.129466989573349027e-20
5.839300296749920701e-20
7.835104345410096658e-21
2.238625529660384401e-21
1.133263997079998756e-21
1.964285680932952206e-19
6.322124647266741485e-21
2.951708781434318892e-20
9.388965865809276505e-21
2.079217640651325788e-20
3.549648984749213147e-21
1.992336644548770840e-21
5.233869916725120754e-20
1.255525444163318686e-20
8.387643012784620040e-21
1.033748115347041946e-20
4.078906319561582575e-21
5.726383023061432039e-21
1.744605673400169634e-21
4.187054427930778360e-21
1.918653310809477468e-21
5.937376871382139112e-21
2.788113758038162035e-20
1.389192368013934931e-20
3.587932910752621417e-20
3.496729085350494621e-21
9.028718417946779101e-20
2.957330839591519198e-20
7.790193133245286605e-20
5.760493130352660460e-21
3.612020810793856725e-21
6.533954808482654594e-20
7.093293560433312491e-21
5.172478341873766846e-20
9.742807473114318336e-21
7.902787357181843558e-21
7.489211293066660984e-21
2.209678011579307924e-19
2.038005446428169139e-20
2.455322922345403254e-21
8.206882340833859569e-21
2.091120552360576401e-20
3.902077459207837753e-21
7.364931880955185618e-21
5.687568240999121757e-21
6.041570246594457873e-20
1.145690675988136650e-19
6.214628844309884081e-20
1.602828918820742517e-20
5.955042023376350114e-20
1.048354454426131364e-19
1.937695445195494914e-20
3.767129013857992843e-20
6.606116339288284721e-21
6.662350670662534615e-21
3.563601396772952934e-21
1.224452207250364319e-20
4.880163832109346257e-21
1.332186972855710806e-20
1.615371941409498017e-20
1.250017198438792782e-19
6.235445461535755484e-21
1.401941079287832930e-20
3.107096032408554189e-21
7.887776019918156629e-21
1.087599389133815931e-19
5.598397984823320366e-21
1.036594095830671126e-19
3.582200535853683205e-21
4.879251898810119280e-21
1.265061553938168076e-20
4.254344800928569246e-21
1.278367030821045133e-20
8.401591067738237497e-20
3.078882458993323630e-21
9.795557047005721385e-21
6.611616830158431477e-20
1.151733116807036550e-20
3.499322777843630962e-21
1.255727823304477197e-20
3.194928396733365211e-20
8.151707865868988642e-20
3.232372393318891919e-21
1.494012522275781482e-20
5.848612267377331604e-21
7.861877387163754739e-20
6.978962445281778466e-21
1.222956727400912176e-20
2.819515462070500825e-20
1.245907299979728748e-20
5.448613083301343127e-20
7.679748728735954228e-20
3.762329063800648585e-21
1.099557650942711409e-20
5.908674195676336802e-21
5.646096528735760801e-21
5.146207632277922302e-21
6.600820179747197144e-21
9.711541750526777560e-21
3.743614148394115663e-21
3.172823108913111840e-21
1.478898789894880047e-20
1.423765409793278700e-19
1.745583162709135439e-20
4.541240877820016086e-21
6.141220453841176123e-21
4.540056055150605174e-20
1.743586952308660130e-20
2.678942861560265457e-21
1.201608097542729930e-20
4.737453622379781021e-21
2.978875130446922634e-20
3.154261723924981512e-20
4.021515393325132860e-21
5.357568005703010063e-20
5.967427427130144435e-21
5.324206794488583410e-20
5.542392254662139542e-20
6.219285489351988634e-20
3.764098027542688575e-21
1.329825129715691511e-20
1.143054278856561062e-20
3.594602408892101849e-20
5.771287125731591387e-21
1.549263927072109065e-20
5.722073819693015443e-21
6.078099922840514425e-20
5.224538639633754549e-20
1.640012932269854140e-20
3.774122071883079531e-20
1.945729519894486736e-20
1.539525664937219344e-20
3.109405113018780327e-20
2.511431923699906892e-21
3.441161655684253622e-20
2.103972390489318708e-21
2.590878362336378154e-21
2.276979525971824441e-20
5.738761366766987263e-21
7.044311290218355847e-20
1.091988464290507665e-19
9.919649309469042445e-20
3.743168551340357520e-20
2.830027568720450280e-20
2.088228402259227154e-20
8.736063699925523262e-21
8.376033400774212276e-20
2.927814316226407246e-20
8.001846056013259951e-20
3.575197770465496795e-21
4.391493791456466291e-20
1.636253616791891721e-21
9.251720579491867282e-20
1.761389983947594365e-21
6.505223570686638873e-21
8.271943160389328479e-21
8.360755938656003069e-21
1.920367657338230334e-21
7.451539658285675096e-20
8.724628819061781764e-20
1.736706832362103719e-21
1.523041021825257395e-20
1.057928057241263953e-19
3.718853758223473360e-20
3.574488638250988334e-20
2.779521340260803024e-20
3.885115241874814244e-20
1.079386527639959901e-20
8.847137192582470088e-21
2.972801579090823206e-21
4.296619609963815176e-21
1.441617218604605572e-20
5.867320229251844956e-21
2.098102423242400116e-20
5.601632948479148895e-21
3.605888026623466693e-21
2.420894035623539395e-20
3.019953444063619504e-21
2.135300936736021123e-20
5.918180861173457984e-21
4.704758253736479247e-21
3.500818739115153683e-20
5.729816895733480824e-21
6.283418713670359700e-20
4.204338567105654078e-20
1.543060379480816544e-21
6.635975405577703298e-20
5.473231658995206759e-20
8.699816007594391002e-20
1.218350620795297935e-19
6.384814613574452037e-21
1.142094946538365037e-20
1.214541843433700950e-20
8.555364965493579031e-21
1.658794642805567569e-20
1.661644296971922425e-21
1.289091195249676568e-21
4.504703882370025482e-20
5.664827472015005221e-21
6.997730959436994626e-20
5.746495091663439415e-21
1.712815446163364524e-21
3.535620366819481750e-20
1.799992007222232558e-20
9.170239382709866527e-21
1.155360742815955072e-20
1.600212468830151469e-20
4.740325548457137509e-21
4.657058062647688372e-21
3.279703894342846695e-20
4.908966636455156188e-21
2.559233560579401847e-20
8.415007551467083119e-20
3.624507602035536764e-20
1.977594014460373947e-20
1.297666647633747325e-20
7.416455005512914092e-21
1.704467826197017577e-20
1.422443385450316827e-20
6.893152582258670473e-21
1.843617854885290978e-20
1.709903255891914760e-20
2.641407739399382676e-20
8.850955247051356856e-21
1.268665028203046146e-20
1.055810211081691224e-20
9.024416154493189497e-21
1.129378127299675615e-20
5.338637097962547804e-21
4.614014534445081375e-20
9.715420832584294146e-21
8.909314829069698441e-20
2.795192565081281325e-20
5.105257924417277278e-21
5.179505101576074037e-21
2.667743684415857219e-21
7.744851069165592967e-21
2.609380695901046437e-21
1.236835276362845608e-20
2.214087771888613709e-20
1.223058939249100622e-20
9.595122923596727674e-20
1.013308596914987935e-20
2.057458608789632421e-20
3.127377834208644919e-20
1.808400449371025535e-21
1.979071278606865890e-20
1.051102095543033068e-20
1.331899513417725671e-19
4.114416646612303908e-20
2.057546543488530768e-21
2.929794731440002820e-20
8.247049107943013682e-20
3.295549388530884632e-20
2.508744965387083392e-21
6.833619706774596951e-21
1.171689383243507751e-19
2.659169948096615960e-20
1.063605986273072483e-19
2.435462300470472850e-20
5.780522916997847167e-20
9.656092304273215281e-21
2.232738106549764565e-21
7.391978496437609822e-20
2.396838797631417613e-20
2.175722932578902038e-20
1.631240011618288119e-20
1.911239264320261675e-21
1.557745097553711955e-20
1.052003040863967596e-20
1.961913855714024194e-21
1.156954346824658150e-20
1.615141648136038305e-20
3.244151902993580328e-20
3.603512557991033431e-20
4.583273213931197789e-20
1.638450457310528567e-21
4.792476616822960182e-20
2.721724624647004625e-20
4.135062885270822110e-20
8.167266985705648266e-21
8.391646789826584441e-21
1.148281626063496206e-19
1.016917996273300069e-20
8.124641792530642341e-20
3.244974183039204841e-21
1.132969700995770028e-20
5.466065798021847781e-22
1.393010282497168349e-19
4.319501055456976482e-20
4.143125168759252089e-21
5.989864234856566488e-22
1.132444751939915725e-20
9.065522459440050783e-21
1.055860963212807424e-20
8.063873573409878141e-21
7.725530911439501062e-20
3.944600206722249094e-20
7.946825954213246742e-20
3.687947168271786910e-20
3.303941201465424228e-20
5.564703622822675051e-20
8.771576151144547816e-20
7.658074583839549440e-20
2.354244792397114608e-20
4.862574403401958832e-22
6.269689756191367149e-20
8.936770601678829675e-22
8.234814824750918020e-21
9.723082129673548595e-22
5.380215364354234475e-21
6.635136812148805064e-20
8.939340590648000667e-21
4.669354927709212294e-21
2.578754441378813427e-21
7.181756619833283931e-21
7.038331715049908889e-20
8.941260004760827806e-22
6.708254135862543618e-20
2.413114013615885744e-21
2.904507521887398966e-21
3.107351804583310364e-20
2.865897359771186336e-21
1.132993326130953144e-20
5.437037337436979795e-20
1.832788600919393543e-21
8.681623111685292347e-21
1.083331489071471444e-19
2.828984856719172606e-20
2.083067146469177045e-21
4.512255155731980281e-20
9.168821073618131556e-20
2.970484147610638190e-20
1.924157662822396852e-21
6.178579804779921024e-20
9.340879853739937320e-22
5.087764990193472190e-20
6.354289170281286146e-21
1.083884187315335543e-20
9.454065044070389357e-21
5.152525542795726113e-20
3.766255677257308847e-20
4.969901563122887866e-20
2.239628798072449796e-21
2.700827039019580375e-20
9.436805387931049904e-22
3.360992663857926427e-21
3.063420189638284640e-21
5.478393386531676285e-21
2.385431498557774622e-20
2.228488235195823732e-21
1.485737809275183081e-20
1.421475545064073437e-20
1.664443241964209217e-20
1.677804995596093676e-20
1.783952088841818178e-19
3.850035550952178362e-20
6.762193815917075037e-21
1.633364401142719805e-20
1.254468516422157171e-20
7.462417662282470906e-21
8.086154385799561400e-20
4.870900599141953525e-20
2.067972052845533569e-19
8.963937920768545687e-21
2.011091948997814184e-20
1.990335617451053746e-20
7.930148399711866320e-21
2.309765735057120138e-20
2.032998895862573295e-19
6.424775881753964586e-20
8.258691461909729024e-21
7.098777427457862802e-21
1.386174970943153859e-19
3.618118055821243599e-20
3.676812270268487452e-20
3.587265397257269209e-20
2.281560925967988670e-20
1.961156178364944372e-20
1.018506907299469089e-20
3.535537261057433480e-20
9.187967540082014627e-21
7.269824347082546570e-21
5.076939745496924933e-20
3.315041782703407917e-21
3.427915270640969379e-20
2.777203044329795919e-21
3.419909551995323202e-21
1.075216969273045693e-20
9.600567563834165357e-21
7.341990327298143953e-20
8.904491296001457027e-20
9.317409008115316572e-20
9.089051787657799204e-20
5.863183401763326149e-20
3.419795518223270204e-20
7.218330719843303964e-21
6.313416551133173460e-20
2.916544007055119475e-20
6.525011104765488793e-20
6.775364386277266112e-21
1.066329606809526402e-19
7.437672826685121495e-21
2.031318059115809258e-20
8.006486455619347450e-21
1.088280805155836882e-20
6.834842725327779044e-21
6.908225890526357628e-21
2.534848331803402026e-21
6.827414289364985390e-20
1.915589206025914032e-20
7.894287952929775663e-21
3.373839656637366339e-20
1.018564092786240600e-19
9.030011322123210007e-20
8.679468183665952698e-20
6.536556170788431000e-20
3.247199671085541225e-20
1.202968724601665009e-20
1.480067438520251430e-20
1.351301857916237254e-20
5.671455155523001023e-21
1.606672292473749031e-20
1.111917020438901666e-20
1.935223328683034013e-20
1.061566571160094133e-20
4.759702765264016840e-21
2.232956104577660893e-20
3.986280398212482157e-21
4.730117492555145063e-20
9.824596555708866347e-21
5.206606325292747127e-21
3.408851236338656376e-20
2.201491437828699527e-21
1.181598154273099472e-19
3.187512418130566162e-20
1.909781943173086976e-21
1.874218088494493432e-20
3.156194801323737545e-20
2.457114671386863239e-20
8.278751907366772711e-20
2.453152510750139712e-21
1.493843236297954086e-20
1.588602702002532924e-20
1.420250768682233350e-20
4.120417958291115845e-21
2.056548348031127691e-21
1.595454799130855052e-21
3.415233891341986601e-20
6.917798461325088314e-21
7.528680340886191536e-20
7.017529677559732382e-21
2.119880760707065113e-21
3.442738615396858997e-20
4.471149833709888517e-21
1.199453698540126183e-20
1.511194700905558412e-20
3.974900824671875233e-21
5.245967519147719143e-21
5.687126264522591795e-21
1.091190314857144339e-19
1.886107045897053682e-21
3.530375976977308741e-20
2.376675379857640577e-20
4.117327773384610423e-20
4.912310228835645858e-21
1.697328711953980891e-20
8.297273762379967119e-21
1.316093017439752238e-20
1.860534832775695096e-20
7.711821081411839527e-21
2.411424786692220403e-20
1.320289946802862713e-20
7.176943343305793113e-20
9.795070668632525721e-21
4.874423123610498377e-21
4.056599332867392545e-21
3.467331549514826033e-21
1.477209825507970708e-20
5.972682836593244816e-21
4.915884505632577970e-20
2.947667930113031251e-20
1.022454194973992278e-19
7.864862122085294240e-21
5.660069557463489597e-21
5.742385513559287820e-21
5.476924803776245163e-21
1.860012115384789550e-21
5.357104559692591788e-21
1.973616240222107484e-21
3.049043040223134121e-20
1.951633359253170859e-21
1.023257288738583686e-19
7.120958672620633835e-21
1.912366996999011888e-20
8.799535236672079810e-21
3.712677996082880507e-21
3.118942011886574589e-20
1.677242075432671407e-21
1.528519612231469842e-19
4.383600634936171564e-20
4.224179318570286810e-21
5.052979660028470932e-21
7.018755964873652721e-20
9.272721271911314122e-21
5.150497631216493192e-21
1.641169769827797147e-21
6.470204147282109917e-20
7.482133883095968312e-21
1.220619568764196308e-19
4.200410812055450187e-21
3.304883257261834508e-20
1.540821235697517381e-21
4.583850685331418135e-21
6.291037252842303102e-20
1.566186153178499094e-20
3.752441632241985695e-21
1.146343053165031588e-20
3.751319650197779398e-21
2.485691572202851648e-21
2.526502296756793965e-21
3.850782126722765861e-21
2.778554529742300113e-21
2.577279163959757465e-21
3.015374893099892907e-20
6.214932215144089751e-21
1.932303301605797422e-19
3.215898454540451698e-21
2.638707037103631693e-20
1.966296303708140017e-20
2.276739232472966414e-20
7.593406352855087757e-21
2.435617250945323161e-20
1.071967465796201652e-19
6.228597903405006633e-21
1.383512048728317487e-19
1.636297994851194306e-20
6.939411761916642118e-21
7.339584380720064295e-21
1.275869040390965689e-19
8.329780993853701283e-20
3.104513620091640473e-21
8.042917082464444121e-21
2.324636093703751576e-20
2.631204988014094181e-20
6.467122625281075877e-21
7.497277721925784231e-21
1.314015899616345760e-19
2.191275874867876270e-19
1.351655410485478418e-19
1.898000004555091596e-20
2.157410687303579780e-20
3.063890297846119523e-20
9.344181395189181299e-20
9.912239987529152738e-20
6.254711946582893263e-21
6.529243602266274913e-21
5.862954194312995334e-21
1.199988883154210033e-20
6.170485742294835430e-21
1.305571216454089224e-20
2.713006364911978732e-20
3.653263979818638047e-20
5.475324290137828504e-21
2.354550660339431245e-20
8.660104726385298813e-21
1.289266527429269828e-20
2.391768341141599763e-20
3.873341781009718017e-21
2.279601262921490293e-20
8.995219156082253372e-21
7.286283499078503968e-22
3.780512280227420807e-20
1.068303224983210831e-20
6.121574170892421857e-21
1.847615926581029714e-20
4.597756156436940461e-22
4.690689572144309449e-21
4.055588411315812862e-19
3.441841369757110538e-20
5.225608011828367583e-22
1.739988605282958493e-20
1.295673957921390532e-19
3.975422676543004076e-20
4.826965715391215103e-22
7.033137412423331641e-20
4.046456560889454496e-21
1.728926075577413700e-20
1.140719849824173981e-20
5.856237007120245476e-21
5.514677339619539853e-20
5.865169878597093996e-20
4.419151551296125841e-20
1.688873684633260404e-20
5.618360507756012096e-22
3.285920111370394924e-20
4.088011372990847958e-21
8.431427773090998027e-22
7.684933783198414724e-22
1.839782016403766378e-20
2.902198927278620547e-20
5.590413153912069072e-22
2.598406395706943094e-21
1.362409332370176637e-20
1.571156658095758659e-20
1.608087590275340330e-20
3.646812795252817070e-20
1.253072276096564217e-20
4.524316239257284955e-20
2.128841302073780556e-20
2.193939600873442696e-21
2.445695689234312759e-21
3.713314213883070024e-20
8.435468439994035279e-20
7.924075699922740797e-20
2.171002333109883537e-20
4.619968081039746173e-20
5.797537133708973742e-21
5.305748424436510791e-20
1.387132604120710835e-20
1.099271954487612424e-19
2.950377950317993954e-20
2.706662508210517816e-21
2.326518045340421120e-21
7.229629497531159244e-20
1.177590016350035800e-20
2.224901326126191341e-20
1.167548391908196257e-20
5.241301203643266549e-20
4.505253452232770236e-20
3.338003935678584792e-21
4.608033419299584212e-20
6.144047490854215420e-21
4.861373948459207274e-21
1.094386610169798973e-19
8.399246302053328900e-22
2.388349368565211622e-20
7.036536468966503060e-22
8.664947394579035519e-22
7.190038594897970517e-21
5.987710789140242535e-20
6.608716989664800684e-20
1.329529256581684937e-19
1.636955807426086511e-19
3.890484913118331847e-20
4.072055304396371787e-20
1.013336076168927686e-20
6.151607232397410378e-21
8.514583614505318156e-20
2.032058988535116013e-20
9.742491597697075966e-20
1.997323575790005854e-21
4.564325679535968188e-20
4.636515284524455083e-20
4.952169421521064801e-20
4.991103762137660540e-20
6.787422384477632699e-20
5.824791017934706584e-21
5.887329633480577214e-21
6.422487821497421039e-22
7.345637678068859805e-20
4.670032960966506428e-20
4.921161175962781073e-20
1.044347702704813038e-20
1.406335505942073135e-19
3.865213185572715852e-20
3.715166423443247224e-20
6.603423376862347965e-20
2.215806348151944562e-20
7.480958584904257047e-21
9.230929016808664260e-20
8.423779674411027751e-20
1.436963750829281807e-21
9.991489083383399267e-21
3.277843009806090108e-21
9.490245805282525237e-21
3.129413886791144786e-21
1.205955112198279754e-21
1.095031358435992093e-20
1.009994838325477993e-21
1.464173712925349584e-20
6.790362851581743593e-20
1.622177550387925355e-20
2.002098323745195305e-20
1.597261521919062560e-21
2.474717408691845303e-19
2.364879060163339765e-20
1.597762009549219009e-21
1.352767709602012371e-21
3.241939228691756857e-20
1.773489118820500196e-21
7.057277310483662375e-20
1.779850716423826088e-21
2.411391372221539042e-20
2.564353980669424779e-20
9.816197545522976692e-20
5.478216624648606514e-21
1.720549737644866335e-21
1.334789594758058387e-21
2.533830164630904937e-20
8.628037531535483790e-21
1.293900828487608931e-20
8.752424600853748197e-21
1.773534908705060262e-21
2.022001176672678777e-20
5.944524948261022753e-21
1.936181943164738161e-20
2.439400450439060055e-20
5.284747324050070839e-21
1.634440979008940398e-20
7.093114829986391899e-21
1.803914086287143659e-19
1.368438758773121873e-21
6.300297307777979984e-20
1.715429879699917740e-21
7.237825767356086771e-20
6.531060643226426204e-21
2.739861661771698009e-20
9.141503675615157852e-21
9.549275082776685284e-21
3.003312218082101234e-20
8.496482432705891117e-21
3.892569704838143025e-20
9.579727058784522646e-21
4.254837879408890882e-20
3.051765920140982051e-20
3.536569964848442798e-21
2.943209277535283419e-21
2.515674225487007494e-21
2.384541390714117793e-20
6.580390579801665992e-21
5.345709361674797310e-20
6.966458039462279386e-21
4.914666054012456309e-20
2.200743131212017758e-21
2.529527491297108079e-20
2.566315108799471031e-20
2.601826292407006403e-20
6.905558323705947572e-21
2.544905397454328637e-20
2.018787403641056118e-21
1.724641176874337382e-19
1.996301389242020781e-21
4.533405075084276116e-20
6.901551179559000284e-21
5.884441084353724276e-21
2.462283054598477251e-21
1.763716605856901803e-20
1.062050845579078729e-20
1.715629971893270502e-21
7.347188253570023342e-20
4.766884764109436383e-20
2.006706538552485261e-20
6.951848184076455608e-21
9.741325028468433485e-20
2.594689815285879364e-21
2.446756279479985643e-20
6.093075131558671103e-21
1.194842613582452533e-19
2.093648241307806463e-21
5.867194431747944912e-20
5.778890919975944976e-21
2.417468033391012178e-20
1.576086798687267307e-21
2.177569285840932731e-20
8.731324889031594390e-20
1.742526998817753383e-20
5.162578577806371833e-21
1.111022492121668120e-20
4.755457809514766263e-21
2.542582865418277134e-21
9.379997485458204697e-21
4.881544001801668817e-21
1.031577708662583714e-20
2.636266669189445522e-21
9.278447041561729702e-21
8.550453027900020792e-21
8.863022038568708689e-20
4.076717221216951531e-21
1.690616090899772627e-19
4.515438020956522078e-20
1.458703799655811668e-19
5.939412088305328821e-21
2.090403874470925372e-21
9.044055410429878399e-20
3.864715276719592138e-21
7.217957179807143950e-20
1.216914196020276816e-20
4.305760471881767929e-21
4.170325117999843676e-21
3.690256784823774942e-19
2.626431846315587985e-20
1.465085379478409519e-20
4.569956197942240031e-21
1.456193312371397561e-19
2.258269890040015384e-21
4.012714898914706790e-21
5.864222176684318879e-21
7.601235639702037943e-20
4.080418046484530073e-20
7.818970289307805099e-20
7.161600973563875715e-20
1.500940342780270213e-20
1.963030440838936444e-19
2.197001450188914122e-20
5.583683854915188356e-20
1.201491932572407874e-20
3.709892438541308738e-21
8.000174786339199713e-20
6.818293136440051799e-21
2.911982214157375265e-20
7.418208109464964065e-21
2.017661801055461841e-20
2.340641375393188820e-19
3.397324688036303303e-21
1.751078429987696690e-20
1.982720273615878731e-21
1.198040422079773347e-20
2.976472962264106939e-20
1.216371085789583470e-20
2.836884913607638546e-20
7.243295831831901892e-21
2.488128786903455732e-21
2.863539185836213629e-21
8.602387737736687768e-21
1.828533264000181110e-20
2.299294106172551353e-20
1.570047260642760901e-21
1.401123579380608112e-20
9.723413005227481079e-20
2.607013786274169239e-21
1.784446861688566327e-21
1.431972550360208457e-20
8.391989632312444738e-20
3.766818805587032892e-20
1.648318014441856927e-21
1.100599584160490930e-20
1.270735462773033730e-20
2.151588692428857762e-20
1.060004631535044174e-20
1.749276227070050630e-20
1.726173646266909768e-20
9.178270167183332653e-21
1.717908703227831573e-20
2.101744877428599963e-20
1.918564452826889798e-21
2.488911634978337371e-21
1.283785194703086902e-20
2.879174020552087537e-21
2.624260361793565285e-21
4.212158187699232275e-21
2.198263022929321813e-21
1.909020957075351207e-21
4.219667743949191959e-21
6.549302970463469769e-21
5.017919308882642880e-20
7.730314657661405426e-21
7.423813851029358941e-20
4.041005616901918582e-20
1.362290473542889972e-20
9.533250459116043816e-21
3.562836121891937263e-21
2.231076691216519625e-21
7.997150934339825497e-20
6.078518220787889563e-20
1.346173633135520763e-19
1.068180179887867635e-20
7.704653470148020164e-21
1.017839141994995299e-20
1.597582960914231554e-20
6.569796475120106438e-20
3.836107303617201417e-20
6.354059048875354897e-20
2.469142690008644988e-21
2.122357333948972795e-21
1.080224342769349789e-19
3.797584513881115810e-20
2.183563124264641631e-20
3.765201496918442483e-20
8.740841667817961231e-21
7.513345554723911616e-21
3.045081531960083094e-21
2.063542109379700692e-20
1.283309824993492218e-20
1.015397254059605010e-20
1.981896073903131654e-20
4.872140087979917930e-22
3.294786533163666142e-20
4.081674733434974008e-22
5.026264981781150219e-22
1.501786433885793077e-20
6.773496746500714867e-20
9.150144570398322289e-20
1.067723936771576989e-19
1.140857448285002153e-19
2.931953768102837278e-20
3.220003175973277930e-20
1.182665651056588346e-20
3.969231404977169674e-21
1.407564318239025551e-19
2.803275215150686010e-20
7.824041051493795230e-20
2.562056698494443784e-21
3.439774777133796808e-20
1.170567491974880920e-19
4.119405716956292864e-20
1.260089410797888093e-19
7.678156988104417335e-20
3.758358191994821023e-21
3.798710286572890755e-21
3.725484317804805544e-22
1.115300711454708271e-19
3.884713716412160987e-20
1.242431210046521133e-19
3.996087534126535204e-21
1.289737018023894977e-19
2.912908446386254093e-20
2.799829953745471805e-20
6.746135314131266481e-20
6.223426746363595181e-20
1.232588317648708764e-20
1.044233261498429950e-19
2.126727087331401015e-19
8.335377298886070746e-22
1.646231907357983117e-20
4.204636515425345115e-21
1.037776598076541922e-20
4.014239809813252132e-21
6.995368435628238877e-22
1.197437812740624722e-20
5.858664174730618915e-22
5.602507964410349009e-21
3.885747552729152434e-21
1.874424210428239352e-21
2.003779585202546985e-20
3.451556745062063882e-21
1.721923266627945055e-19
1.431562569832477096e-20
3.098345517910343457e-21
2.421479082253046764e-20
3.350312966407072831e-20
3.174578143272375501e-20
2.765916154958897406e-20
3.846117658988969158e-21
1.427671403575115384e-20
1.518233368925480184e-20
5.617264706367712162e-21
8.361479337597312752e-21
3.336452823457613996e-21
2.588395101119486353e-21
1.533835908609854285e-20
7.044648741071707103e-21
1.863212817050666681e-20
7.146208708570103020e-21
3.439200520729732992e-21
2.023699151544722028e-20
9.073212312027648528e-21
1.146322253707074434e-20
1.444254261286352388e-20
8.066184414038520021e-21
1.888594587465342340e-21
5.791409955590248007e-21
1.045143295660469653e-19
2.957088719180255173e-21
3.663060170583161039e-20
3.070651037336844279e-20
2.243626472912335531e-20
9.968450019888808730e-21
1.622143211311068155e-20
8.119440673389908656e-21
3.222617524402590432e-21
1.778119893417963012e-20
7.546535831832141212e-21
2.304607422104384322e-20
3.232894228203152616e-21
5.398479207643582605e-20
3.526311854028608428e-21
7.642250031723116579e-21
6.360044172228362055e-21
5.436174491279408657e-21
1.411774792503907470e-20
5.844672038250658530e-21
3.183424506130474310e-20
2.253560728689631919e-20
9.078770802679518867e-20
1.152482135612803565e-21
2.676321435283462281e-20
2.715243917689098288e-20
3.029593541191796477e-20
3.170217373190981855e-21
2.963314260284096109e-20
2.034826244183312271e-21
1.752567453808093883e-19
2.012161583137896471e-21
7.335884684394868519e-20
1.017177076750014859e-20
3.178139409632254195e-21
1.289445002917734704e-21
2.053689922801685637e-20
3.243026700239011492e-20
1.729260290518736140e-21
1.357232362590392339e-19
2.838728548312217652e-20
2.336629922607800090e-20
2.699182964767994859e-21
8.504526598237814335e-20
1.358783593215888588e-21
2.849028408551198156e-20
2.797220982395359760e-21
2.274500198829589329e-19
1.096398830987412475e-21
1.083835868300930047e-19
2.243760725698885157e-21
5.492885747408363596e-20
1.588608476204834026e-21
2.535584279063508328e-20
7.622760203526373759e-20
2.390899692840171095e-20
2.004466119298939176e-21
1.637467550899261438e-20
3.582204672482149078e-21
2.562783150535101261e-21
4.306187797560868289e-21
3.677183235059931544e-21
4.735787347667512329e-21
2.657211252387129200e-21
5.011214791729257829e-21
3.319870708169488475e-21
6.370412933867825264e-20
3.070921047604238372e-21
3.407122731375539594e-20
1.414749600151705218e-19
2.939746581677271284e-20
8.927111034647124514e-21
2.845539431154750945e-20
8.745719198194855790e-20
7.050858998173721774e-21
6.358889463052285719e-20
1.216378679467799102e-20
7.855510119989353231e-21
5.032055359931348628e-21
8.387486788915989755e-20
3.109852575325527771e-20
3.691281192151601954e-20
5.514263739594495874e-21
1.122042969892893674e-19
3.074045210485850714e-20
7.320872283283450663e-21
8.814098386299762120e-21
6.456921192057661460e-20
8.926633412466791555e-20
6.641877367595995169e-20
4.948358699804740955e-20
7.631775059051109601e-20
3.956123257885754099e-20
2.370155917381342694e-20
4.912072006374002312e-20
2.628917996681013731e-20
4.476481713513318269e-21
6.157037761931828204e-20
8.227183145678031977e-21
7.336736363327756103e-20
8.951060845880406140e-21
2.016773906662114311e-20
4.717127962419842495e-20
6.198142846551670992e-21
1.750307848555555879e-20
6.393742845863513244e-21
1.501257394163206773e-20
5.064658191418610165e-20
4.258572924127826932e-21
4.827140242149420125e-20
1.042244502554757242e-20
1.370128230457949281e-21
5.757830227466655682e-21
1.237805487537696063e-20
1.580059344571975510e-20
3.912395266795657621e-20
8.645718365876666946e-22
1.210729084390473979e-20
4.292924609848872746e-19
5.242024574442218775e-21
9.826344334829743681e-22
4.433455686799306585e-20
1.302838970083726090e-19
1.124167312789410964e-19
9.076728890588500146e-22
1.188499587903144643e-20
4.448905189144269941e-21
3.661065104177664486e-20
1.328285558325905693e-20
1.511572309476651446e-20
3.426301671178184773e-20
9.911297867408978986e-21
6.044902518336740315e-20
3.576252680502712483e-20
1.056488447305251759e-21
5.004551960125066979e-21
4.494592920227034998e-21
1.585463592850777424e-21
1.445091276902819760e-21
1.358308412771346549e-20
4.420133429271896362e-21
1.051233167508153220e-21
2.188027153421609629e-20
1.506343156653387929e-20
4.458314273089764680e-20
1.777976471062756428e-20
4.573620881512362951e-20
1.533282371434320512e-20
2.658735092987842935e-20
2.177688098626886086e-20
1.847439810650841407e-20
8.811785064845875469e-21
4.242074852912805311e-20
4.996952096919996771e-20
5.605066805143833354e-20
1.386202573505358347e-20
1.467344109551880990e-20
1.094318227182620280e-20
3.117947284102755364e-20
5.745065481499603620e-20
9.569825734333977731e-20
3.370499609981689978e-20
9.752042484441299373e-21
8.382390767284445009e-21
4.230096993069259669e-20
1.440920884843956003e-20
1.455143453032491997e-20
1.428633767786992087e-20
1.664685191033251877e-20
1.430909694441927149e-20
1.202675106158370987e-20
4.713765899556857832e-20
3.310877574389512943e-21
2.619676037764039266e-21
3.307175946667665170e-20
2.947771595020877352e-21
1.961818338328071736e-20
2.469519476464958868e-21
3.041021168273649860e-21
3.874536708623904387e-21
3.697807520808966548e-20
9.082583275911806702e-20
1.239864304130556284e-19
1.217205442782863061e-19
6.585134128351208927e-20
2.501921417205774519e-20
4.571533463234345152e-20
3.692251760661968293e-21
6.191756289101775807e-20
1.669157218262197679e-20
9.085446977175513111e-20
2.574166587986071408e-21
7.725694219729234621e-20
2.481711704829885930e-20
4.261256572814269743e-20
2.671506479847166745e-20
4.191682334716157706e-20
3.496093635203666180e-21
3.533629892743452043e-21
2.254015001911316085e-21
7.519334627396549000e-20
4.018483003367328948e-20
2.634069455676097970e-20
1.599747347971987991e-20
1.150060810258721624e-19
6.542358556858327771e-20
6.288385575028823815e-20
3.888019532131880923e-20
2.082836567870889085e-20
1.353226935107225528e-20
5.700709326896200048e-20
4.508858773025289751e-20
5.043120269890636671e-21
1.807355567607013819e-20
4.224510269032947831e-21
8.213557641912533022e-21
4.033213628979055323e-21
4.232380021691958678e-21
9.477207826597506432e-21
3.544644350774052412e-21
2.242843076263173098e-20
9.704556078273965254e-21
3.681637016482133050e-21
1.466390844940196847e-20
3.416796023579684362e-21
3.333785221848822122e-19
3.408369362412484539e-20
3.613637930363313804e-21
2.994289173289201225e-20
3.987694993324113749e-20
3.925536682859387375e-20
1.155496551457400275e-19
3.807383303853757918e-21
2.456370781709430054e-20
2.612186584326020373e-20
1.402897630628845868e-20
8.421062952563384750e-21
3.891345366751042025e-21
3.018876578516808063e-21
3.651869242771372315e-20
1.074407789271143866e-20
3.195852689923059660e-20
1.089897109486852072e-20
4.011181251410614600e-21
1.480968231562488968e-20
9.137867711756761930e-21
1.972297325125497769e-20
2.484902310082922632e-20
8.123663767507172735e-21
3.709469662020459013e-21
8.832712880162676276e-21
1.276084766521846007e-19
2.927307798581725736e-21
5.835235550403364920e-20
3.797025224554941029e-20
3.252710606391752240e-20
1.003948485281805322e-20
2.790967990277581931e-20
8.212938108774110280e-21
2.211192414140592921e-20
3.059332659903888072e-20
7.633436121481889812e-21
3.965177365598232489e-20
2.218243753405685432e-20
2.485471197215282699e-20
6.926180413816534954e-21
7.565284724624724697e-21
6.295991995075972612e-21
5.381426630711479123e-21
2.429019970545369735e-20
5.911974931173968418e-21
8.838805187399940001e-21
2.122360309513517961e-20
9.383575742680175537e-20
4.543682389644021582e-21
6.471159802123492708e-21
6.565271667843966872e-21
9.160333022703778677e-21
8.878355917008137882e-21
8.959929807762603491e-21
2.823603514546399004e-21
1.243622429757409687e-20
2.792153155201536113e-21
1.093871752744195595e-19
1.530651002383555526e-20
9.462492167341488847e-21
5.083661057406892595e-21
6.209573450184074129e-21
4.775704020925569890e-20
2.399588391309484106e-21
1.402799228175791392e-19
7.881753932007288360e-21
7.065075875980943210e-21
7.280676309843759798e-21
1.283924498549467461e-19
5.357029747406508934e-21
8.614373069730655080e-21
7.833760445023289689e-21
4.514676985977218372e-19
4.322572911496716491e-21
1.120223891964942678e-19
6.052237204289622979e-21
5.676050297610836301e-20
2.204414499504541032e-21
7.666637813802680471e-21
1.150804628432036222e-19
3.091957566077807313e-20
5.406772782414427122e-21
2.464065899088759084e-20
3.651560212964324023e-21
3.556216916092125260e-21
1.205969919776836229e-20
3.748377668107795812e-21
1.326281471277619925e-20
3.687248998571737675e-21
1.492023306840739255e-20
8.954896475049243615e-21
2.882368077154704483e-20
3.130377557911992342e-21
1.247043153118652933e-20
5.146683755904226067e-20
1.075978511964125452e-20
6.570673016099400204e-21
2.365184436904557666e-20
3.974729380394341618e-20
6.945973171581338388e-21
4.207237358519274202e-20
7.943673028519503120e-21
7.738654617354404393e-21
2.456567891206401630e-21
6.742813681015377135e-20
4.867499101381462775e-20
1.147294763862592534e-20
2.691974208828338523e-21
3.517386532063565423e-20
2.555116197153377544e-20
7.211969844444701448e-21
6.487491664809797221e-21
2.074516900208255662e-20
1.303630018908162001e-19
2.133940687573747409e-20
5.817945498396799437e-20
6.605940480846767346e-20
1.447983184230097272e-20
4.483542190324910640e-20
2.949299730662407413e-20
1.398813019519501361e-20
2.185345839108475039e-21
8.918091492361209584e-20
4.016377504841870672e-21
2.280346247092547306e-20
4.369762868929327480e-21
1.317072779833943288e-20
1.726518999080878546e-20
6.105941692626092672e-21
1.143054665695075621e-20
7.152622901334862987e-21
1.101670292531450709e-20
1.792190076551854117e-20
8.204445290777206858e-21
1.708141500005369224e-20
3.088584310938123109e-20
5.355163882856120267e-22
1.592159051499038499e-20
3.668109161939333737e-20
5.383571841954836355e-21
1.384448013605361343e-20
3.379190188556796916e-22
4.125191265348318139e-21
3.336881825182456836e-19
1.449528128593456508e-20
3.840639373206685523e-22
3.653802223153494024e-20
6.032184911085018725e-20
4.027524514840684257e-20
3.547651208756360966e-22
6.636160168951113724e-20
8.571134010970132228e-21
1.295511819619881245e-20
9.747380730949546504e-21
5.150223091514064257e-21
3.792472551366410318e-20
5.534117201197531178e-20
4.431849018489281637e-20
1.265499925759783160e-20
4.129298739996031776e-22
1.383862043031482734e-20
8.659154692265653069e-21
6.196804927652547448e-22
5.648157917973670271e-22
1.519527465285769559e-20
1.222258241425284536e-20
4.108758411041743204e-22
1.115873815516672240e-20
1.751492321345085330e-20
5.109762727115429832e-20
2.067332481874324593e-20
8.274286912035483624e-20
1.828958743432988598e-20
3.021012243937649792e-20
2.185806829240956458e-20
9.421773889892602001e-21
5.399841934754401824e-21
4.081060777949103771e-20
5.596378662120647826e-20
5.451489189252746971e-20
1.227034382362717117e-20
1.502469307408991181e-20
1.134799380463115625e-20
3.542796326745476143e-20
3.953772587929469495e-20
2.392345095904454977e-19
3.242567431582251436e-20
5.976029552408726952e-21
5.136710081508625405e-21
5.546731691875515045e-20
1.718786376227152582e-20
1.612913235182477781e-20
1.704129825945486989e-20
1.704534328208514409e-20
1.465162727391669868e-20
7.369965817740671981e-21
4.731339488511346118e-20
