6.920918629202756863e-19
5.476060133567572447e-19
4.530235262686015133e-18
4.005961787951561197e-19
1.142850144837338414e-18
3.356026862471459853e-19
4.132686065987219468e-19
8.099167874302700597e-19
1.119522174394398274e-17
8.946267368002099128e-19
2.325882402211498484e-18
1.376145705052453736e-18
3.257149876868709161e-17
1.527542893231241336e-17
5.153976477001076540e-17
2.179303445823575503e-18
3.153231650751294273e-18
9.723614727105430110e-19
1.704354353136779608e-18
6.651842442916915726e-19
3.821295585791948405e-17
3.390778658053991294e-19
8.884910176069930045e-19
3.650096479413428707e-19
1.269044236435921761e-17
2.063523670648940875e-18
2.085678957098064918e-18
3.063160654094744086e-19
8.796126330645931380e-19
8.378716446403145148e-19
3.598946032593514172e-19
1.561823576643195850e-17
1.252846971705858083e-18
3.235992153319665759e-17
3.110371619193800595e-17
3.138663035798199097e-17
1.141178065886293445e-18
1.688071094178648354e-18
1.725906625837859722e-17
6.160482730527942906e-19
6.853498122903952394e-19
2.254569881391344311e-18
1.091645616070120844e-18
7.047179437292859755e-19
1.042213107877491398e-18
5.751718575355533340e-19
8.131383138743984087e-19
4.817099752594020880e-19
2.189674012999241085e-17
3.016915442064721845e-18
9.092537857834364127e-19
4.340258164865493909e-19
1.333598520312249242e-19
1.576686538403142758e-18
4.485816416122520059e-19
3.994229920127025119e-18
3.994030954550032373e-17
1.227184185514784754e-18
5.236206029940347980e-17
3.392658991655095433e-18
1.486047368716300496e-19
2.960535388696752193e-20
3.148332036173397786e-20
4.361274736672958882e-18
4.792956083163587998e-19
4.301185783674155059e-18
3.336827703120227559e-18
4.806291002205687597e-19
1.223644083535924697e-19
1.140405802621668491e-18
1.241284885500850643e-19
4.433642904513688974e-18
4.383404657172162032e-19
5.200934713696702204e-19
2.377106938229620294e-20
2.994922949431605252e-20
4.623687519186580023e-19
9.161276134342301199e-19
1.005958535046987766e-19
7.095324336701158528e-19
1.142547966500199723e-19
3.656171527324812666e-19
5.064786800608378791e-17
3.738938537887836684e-18
5.714101683861487441e-19
3.363807925685561088e-20
2.620725011947021820e-18
2.405848829194104136e-19
3.687253843305428676e-20
2.435807588674694917e-18
4.779021148079096878e-20
2.413520914267624648e-19
4.085345030782585622e-18
1.710558573289034202e-18
2.952781624912445598e-19
2.457368116383517095e-19
2.100407089670787031e-19
2.927570884736821649e-20
1.886494256614339124e-18
3.055033471342288129e-18
2.202756041664801749e-18
1.093291235740317458e-19
7.642418005322876457e-19
2.570189127873583792e-19
2.607568098796116741e-19
2.684867673204693064e-19
2.128726973485389171e-19
2.626130058309219671e-19
2.487301962745176345e-19
3.758629785619477373e-19
2.459597456739148528e-19
1.373973837328222602e-19
2.294711925580436865e-19
1.884362128615400724e-18
8.550655496219315586e-19
1.820008397016614776e-19
1.664524407133102589e-18
2.113788598412159576e-19
1.634417565035637419e-19
2.724239483125121321e-18
2.070753735824425428e-19
3.056047607596096021e-19
2.011719662521986189e-19
9.010458277176545049e-19
2.524848356770600854e-19
1.878268602771166432e-19
5.676553407777559971e-19
7.270514577215236897e-19
1.305185780705773176e-19
2.540413038795069586e-19
9.042631954307549839e-19
1.941860634141654807e-19
2.247069836591167505e-19
1.803140528398318347e-19
1.003803533106245432e-18
2.269480790427817151e-19
3.694063111218716838e-19
2.110879143714191604e-18
3.132658416726251966e-19
2.891504599993617786e-19
2.166846986195364095e-18
3.179970671072129372e-19
3.248084096803927362e-19
2.971217481295048635e-18
3.758797779794725885e-19
2.011889393347402089e-18
1.809595984611521237e-18
3.860529341429490884e-19
9.184395087397792185e-19
3.330956595845969807e-19
3.309906773356167073e-18
1.510467073153213860e-17
3.930550007266901391e-18
1.914692417892425055e-18
1.740735696067489070e-18
2.095563872931093984e-18
2.133199042743113555e-18
6.891452001152464937e-19
3.324364208059820099e-17
3.791179549578428097e-19
9.078920965919380072e-19
7.551841377919436667e-19
7.399042808889712269e-18
1.631762336865221280e-17
1.988015737769291514e-18
3.268005050750931200e-18
5.828232892770463399e-18
6.067716927721766972e-17
5.995180519035318188e-18
5.725564943761305775e-19
8.074664286674698145e-19
4.482588717669581616e-19
7.614396999136288619e-19
5.206909658020566292e-18
3.576725591656627182e-18
6.130588130718465575e-19
2.085264801624649091e-18
1.126721263931089423e-18
1.804513016566303302e-18
1.225857065682615247e-18
3.474476008178963453e-18
5.344864961423692264e-19
1.683133518395492266e-18
3.015411200355476821e-18
2.635636024131857146e-19
1.401461958482767170e-18
4.173495677679659009e-19
9.725264769200906060e-19
3.977770695424016978e-19
1.994170447097034037e-19
5.836146101567118415e-19
8.779372165263779917e-18
2.368345543153886516e-19
3.348847162591920513e-18
3.223981583399300525e-19
3.682697313622744474e-19
2.566072390165121331e-18
1.010011241800819833e-18
7.992886698699252099e-18
4.185592261186073467e-19
1.601219745893597450e-18
4.088895141788288217e-19
1.208701915772690172e-18
3.866288917504182282e-19
2.559640880615898202e-18
1.015992485472360130e-18
3.016874744652715508e-19
1.239988350587544733e-18
3.203692732828741629e-18
5.670378044760034434e-19
2.134570635076138139e-18
9.985698408166365784e-19
2.946985668185385105e-19
4.500178009638494839e-19
7.630795359117439701e-18
1.026426151618287911e-18
6.753380421553677578e-19
6.155455843199664211e-19
5.599234549912502261e-19
6.739690970842600283e-18
4.477792819684000757e-19
1.886307499886276539e-17
4.406557696017632280e-18
5.127753809874988197e-19
5.201176018422111443e-18
8.003727787404412933e-19
4.648134411362661209e-18
2.050164475376063985e-18
9.072978538812223745e-19
1.592685705462849960e-17
8.136775692974520902e-19
6.212626077750531021e-19
1.264265810026345900e-18
3.080847481210853690e-18
3.499160235562774988e-18
3.023292209349320026e-17
1.122375250253342180e-17
2.404265387259473300e-18
1.098611258194896885e-19
1.017978768928134315e-18
4.936182056674968806e-19
9.005006552057184728e-19
7.740274296561810229e-19
3.849534717541310978e-18
4.368141233261084354e-18
6.526595970178841449e-17
4.330892926834988526e-18
3.429890600512948665e-17
2.948223326299306423e-17
1.110546557629417616e-18
1.963912870288046065e-18
4.728055145651418084e-19
3.740993888175971585e-19
2.259463193209189323e-18
2.216615425750002029e-19
1.316194471604717681e-18
1.856987486740234121e-19
2.286735662631869803e-19
5.532981153977617743e-19
3.841646957814954841e-19
1.946069090952825194e-18
1.487749505432616284e-18
4.363861017633745193e-17
7.185116907386629042e-19
1.227270521192753771e-17
2.910833001728888993e-17
1.274388896753334015e-18
5.170084461161445401e-18
1.119846552554970485e-18
1.090189402331871177e-18
1.027168258521364773e-18
8.429595370045147079e-19
3.399879861113881890e-19
1.251867117377985224e-18
3.659893718513194305e-19
4.354732797386436256e-19
1.206684484027371610e-18
1.219640206696126603e-18
1.694936076983607263e-19
1.603958893744431873e-18
1.180545373811066431e-18
3.608605978566816725e-19
1.441640734661493791e-17
3.462394970544070597e-17
7.138443980766437899e-19
6.861331088273317204e-19
1.557017951456718652e-18
1.706966517195222574e-18
2.205045444798884566e-18
5.922458786677750352e-19
6.177018107776566201e-19
3.792240281789046377e-19
2.945035350754378175e-18
1.685703977512625096e-18
2.135678752448669027e-18
1.609370985878647143e-18
3.182593542717051646e-19
2.464251457190921698e-18
2.665441705183213281e-19
2.021177871801694092e-17
7.939025191617851828e-19
2.215480611625930991e-18
9.029906499141154560e-19
2.811995989111022984e-19
5.341874863049430702e-17
3.502145429278370309e-19
4.669919203577641089e-19
8.776026003761219237e-18
1.276319770752617458e-18
1.150543919231718111e-17
2.582279342341840283e-18
3.133446218492251968e-19
3.304991439126848122e-19
3.514638084317013245e-19
1.147671211438291714e-18
1.568557744483674701e-18
5.028801669157818774e-19
3.901306655210091690e-19
3.752344836195072056e-19
1.669030608578707215e-18
7.207570260397026069e-18
1.693092375260286287e-18
5.183666077223641123e-19
9.119672770292683647e-19
1.702074102531373745e-18
2.653681530284392938e-19
3.343379966511128074e-19
1.513162386730153507e-18
2.232229325930011778e-18
1.372111064438542180e-18
7.119387011819681425e-17
2.409151067754064544e-19
2.446194461793428456e-18
1.112878221812712770e-17
3.736621103954994207e-18
1.870014724414542413e-18
3.755184430391751518e-19
1.067074242621304726e-18
2.976187543401852367e-18
4.116263035577655199e-19
9.917818641816347122e-19
5.335056639454810099e-19
2.985678399082659827e-18
3.119568420864776106e-18
4.167933544436182541e-18
6.226169240222597972e-19
5.181551405307334635e-19
4.428871374476091680e-19
3.268191540095530853e-19
7.681192879487350149e-19
1.927408948873970987e-19
2.369589957159456352e-18
3.154844616885822890e-19
2.635806431774558776e-19
2.534772203350482777e-19
2.571636096149949361e-19
6.387495886962326437e-19
3.550742427489707263e-19
6.247754819907432593e-19
1.312256362848443871e-18
3.247520702685446149e-18
1.297639957269020287e-18
3.551400708678105858e-17
9.538100404260643755e-19
3.735098216997557939e-18
2.949049991393566347e-19
4.329932631765203552e-19
3.284147538108117770e-18
1.115197342151994432e-18
4.716340246983437389e-19
1.718712285120782223e-19
4.926474068907293505e-19
3.324795815744586485e-18
1.054849314467467500e-18
3.107632147793649892e-19
6.006798269810385007e-19
3.132974825400839688e-19
9.163447797755494924e-17
2.507540031386312314e-19
3.766295932581309545e-19
2.763816447314046581e-18
1.922064419373814787e-18
1.024491200137557274e-18
5.345942923813093166e-19
9.454804194163861402e-19
9.807600397739412984e-18
2.469058471854927081e-18
1.535458305755185979e-18
1.650527194899123669e-18
1.652734972091088147e-18
4.823064766107057916e-19
1.694289267365503602e-18
5.304229673691519396e-19
1.713631511951034815e-18
5.889414220424566981e-18
4.089345695868244392e-18
1.777056306861733211e-19
1.414949497831581978e-18
2.622857420637289646e-19
2.174482435392773283e-18
2.263063806167139308e-19
4.846775835105188312e-19
7.678826473968278538e-19
3.692444052004658572e-17
5.875832522100283471e-19
5.027116539492459655e-18
3.702760231444717895e-18
6.546388440426461378e-19
1.577909269886036922e-18
1.011276470315175305e-17
2.235602095063059419e-19
8.099761309571547973e-19
1.729116086556979548e-18
9.378299307079440569e-19
8.295460426944391701e-19
6.100848061690263993e-19
4.785418138203495831e-19
5.521456473488945598e-18
7.274995467023521910e-18
5.679616600020110045e-18
4.722558360579820937e-19
8.325239721667977055e-19
3.045486782248147131e-19
1.419950263587085118e-19
7.849925232728602187e-17
1.206836293944052574e-18
1.403697194683554620e-18
3.031135298016755092e-18
2.579810360192964557e-18
1.609896679249458810e-18
2.806797794096871145e-18
6.139231428054317424e-18
3.631320341469915539e-19
5.165221616802245010e-19
5.328086067122382617e-18
2.964366475760687797e-19
1.080352267916728146e-17
3.775909266782578651e-19
9.741987975218745799e-19
3.598829947354407180e-19
8.135815430335090083e-19
1.228410546453433172e-18
2.277930717128756223e-18
9.662374769622167665e-19
1.869278482021814906e-17
2.916850256201033815e-19
7.751458138162568829e-19
1.432344824758567457e-17
1.095773756807893575e-18
2.073866079118408357e-18
8.809967377982935821e-19
1.034652780694952728e-18
2.676918367563456654e-19
1.073245677605310478e-18
8.137887570399895824e-19
4.180077634137431476e-19
1.017739548616691163e-18
2.729473368327489844e-19
9.558762680921178876e-18
1.788255360047976908e-17
5.824201269853548741e-19
3.485907354324422746e-19
1.141833803321992137e-18
2.666242247018029604e-19
9.472117441462369464e-19
1.979916424255480809e-18
1.028191156109472769e-18
1.421472936022112163e-18
1.295619873872664022e-18
6.297600669329447875e-19
1.748706945945538465e-18
9.425000383482794580e-19
1.125860516439564614e-18
2.034796192789196796e-18
9.055094537433456152e-20
2.401723497204255173e-18
2.170193124642293085e-19
1.032275078767764070e-19
5.204704749334523720e-19
1.182647171536135929e-18
9.506095644461075498e-19
9.237607439225267486e-19
4.022605628070588712e-19
1.049741867930132905e-18
2.879643709707759641e-19
2.774479883909857048e-18
9.635547841451649681e-19
3.184378455938242971e-18
6.103652477655302624e-19
5.125893082508945169e-20
1.326889901126281794e-18
3.196122456729506567e-19
1.022330203687197879e-18
8.787463010108529892e-19
1.807820462091930659e-18
9.700931463191921197e-20
2.036589370233779830e-18
9.618209030819978075e-20
1.093141935469758438e-18
9.396295475505628645e-19
1.260793406314649672e-18
2.559926700205369975e-18
1.940357261807805390e-18
1.535274956337413930e-18
1.138426833945710790e-18
6.328699366663963327e-19
1.522643996497761092e-18
5.301919040493734461e-19
6.528900941366303212e-19
2.270692669784224195e-18
3.406532923960676224e-19
1.797070062615820738e-18
1.744791296816778308e-18
1.254704276362433954e-18
4.648167543444284436e-19
5.642219193671024672e-17
3.083699609552280235e-17
7.485266100309116202e-18
3.293611562934210712e-18
1.295498246674467345e-18
1.278543850375816364e-18
1.759191022285762005e-18
5.453240651259391309e-19
2.306389537011594947e-19
4.629658384322366644e-19
2.482776134386050877e-19
3.861505446035523110e-19
7.087596639511014163e-18
7.163693529514137571e-18
4.839243087606262226e-19
2.093379221678464932e-18
4.365896117940082565e-19
2.447983873594056858e-19
7.845085302535362787e-18
9.114712999823171833e-19
4.617974077496553814e-19
4.438705296019624803e-19
3.382720396789186754e-19
2.286143334668157254e-18
1.319786815952851775e-18
5.251667076428357855e-19
4.190327457347129998e-19
1.082729479854422330e-18
1.762693298502623273e-18
2.887039468821273918e-18
5.479402678438509276e-18
2.756306930629334772e-18
9.086681209631664677e-19
6.322405005620116477e-18
7.610151510952838459e-19
1.099879632605173282e-17
2.403792670623759869e-18
1.590662378988805846e-18
6.182264525302739177e-19
5.693749919946887450e-19
8.938010891688760379e-18
1.232684915677457217e-19
3.051558590930152314e-19
5.809947476637473020e-18
1.150743061990889508e-18
7.616886888707956545e-18
2.659316137417716623e-18
6.344624681110649900e-19
1.839024146007356727e-19
1.955679589670476574e-19
3.474940033259990864e-18
3.453929103249945053e-18
3.286070329406587407e-19
2.549308739739846410e-19
1.320750086312364955e-19
1.426191261516696261e-17
2.605712150589717525e-18
1.446752107555998024e-17
3.387266473121520300e-19
6.243722396850115683e-19
3.747929140190053430e-18
1.476610302898713426e-19
1.860384996735612724e-19
3.331949763309988546e-18
1.602687557453524629e-18
1.172472691557793287e-17
1.390757690517173115e-18
4.878066594789626185e-19
2.281254555470073325e-17
7.367530604233032679e-18
9.777844861531173729e-19
4.117730636870752641e-18
2.089528813431901145e-19
1.493908979543678125e-19
3.072675163720949260e-18
2.290446814514216140e-19
1.388499294116449229e-19
2.968630376502979398e-19
3.082473711731648047e-18
9.990536276581984130e-19
2.992477141289224906e-18
1.260679273738968662e-18
1.049164295163042650e-18
8.967610953759029835e-19
1.818547269096870882e-19
1.075370631014797460e-19
6.121958512566126558e-19
2.684994213230898539e-17
5.543482171300733741e-19
1.806956449891574702e-18
1.206497671821414128e-18
1.224044100955378271e-18
2.353982601726230609e-19
2.657748686545800647e-19
2.302483853795089198e-19
7.735170657910031041e-19
2.265862293075097950e-18
7.649013413972834389e-19
2.938618572965586321e-17
6.001164633591996822e-19
2.705394418353623401e-18
2.021698118178451805e-18
1.595709220357593645e-19
1.076647800478408049e-18
6.573594918655150749e-19
8.287237961896422097e-19
5.459082936547654845e-19
1.815552518747418775e-19
6.785267962474359979e-19
1.358698576805355004e-18
2.130412873135603437e-18
2.213684183824555807e-19
2.345047520970683933e-19
4.858819620066580605e-17
1.719024423968911726e-18
6.617883569402604450e-19
5.640417106311831390e-19
2.572348556855104012e-18
6.038922343946252559e-19
1.970139293265698634e-19
1.217825980108738810e-18
7.480799741016335398e-17
5.038872843624915983e-19
9.660768591549919822e-19
1.797796926058644957e-18
9.742141416385236580e-19
3.610088399543177657e-19
1.845463707679188519e-18
3.970242769300886046e-19
1.010109957549852264e-18
4.265801709524230632e-18
8.345567028886323968e-19
1.117918426410089001e-18
1.541199603127599888e-18
2.530033130948904786e-19
5.200122892899521425e-19
2.182972799818836135e-19
6.007799033857759802e-20
7.702955786834603145e-20
7.393689824753588156e-18
5.834431322836395486e-19
4.574638599775960823e-18
8.602145714574125917e-18
6.500262494654263665e-19
9.036296494477997154e-19
1.185424910970697817e-18
4.122701757549251760e-19
1.590446327088669198e-18
9.902220571040084946e-19
1.850768573697255627e-18
8.321527399637478939e-20
6.057861399743942251e-19
5.931743378571245686e-20
3.847525245950697143e-17
5.797892744226444761e-18
3.957736217032943251e-17
1.116889961905240972e-18
4.672630841807711975e-19
2.937705419413386028e-19
3.876360885563354398e-19
1.492636301029362306e-17
9.989608943472407513e-19
8.038626986799919634e-19
1.423280881951196801e-18
1.477393647349168775e-18
3.161147795156440345e-18
1.607383741990308360e-18
1.426248528628340549e-17
3.502806023964229697e-19
5.128827392052806509e-19
1.237805579198834817e-17
1.010146034355055984e-19
5.007647009254166959e-18
3.674399069709898675e-19
8.409137174169777815e-19
3.502080287504054377e-19
6.044487667702752714e-19
4.391657297058432236e-19
2.140789441514476031e-18
7.178641850445574813e-19
1.527801985122392185e-17
2.838434694963047836e-19
2.771202819251844030e-19
1.170686597900069384e-17
1.269595956867932262e-17
1.949010376789597534e-18
3.149627592669980705e-19
8.730611847360597804e-19
3.893415051113286436e-19
3.792526739111725287e-19
2.909354159679760266e-19
3.436798763453765160e-19
8.784974374496970063e-19
2.656095180466626820e-19
4.430676064908744096e-18
1.461580024198435424e-17
8.054379821700443912e-19
2.866062100621430957e-19
9.196228291700729071e-19
2.594563942054698584e-19
3.386351069721089777e-19
1.860716897250412410e-18
8.875191074949625425e-19
5.081869420671980737e-19
4.631935544459751669e-19
2.145988491670054579e-19
1.643427228946592081e-18
3.369506377847614562e-19
1.321340603551342044e-17
4.340289120240484806e-18
1.900725457855505670e-18
5.122957474405640927e-18
7.608769246722738130e-19
1.371787281212003280e-17
1.813876167698098688e-18
1.137013829904896510e-18
1.115661307316412899e-17
1.188162763305702489e-18
2.107030636330380208e-18
1.031393890314878459e-18
2.578019765183028332e-18
5.196809009052396318e-18
3.814531584627920193e-18
7.862171331676391903e-18
2.127165766040041961e-18
5.553254915623365509e-19
4.472370031075879780e-18
1.674120845155446218e-18
1.314945117353586801e-18
1.130264129670869931e-18
4.998049023097736238e-18
1.289153896168976878e-17
6.593793290173681586e-17
1.278160936740545549e-17
4.327542665910810028e-18
3.719816087220290359e-18
1.621662088868807183e-18
2.461149979241614269e-18
1.404050031366062593e-18
1.110930905885199382e-18
3.639636799704709157e-19
2.939148309080273561e-19
7.603383744372335982e-19
2.462295248978100025e-19
3.032125093988244812e-19
1.643082012259353054e-18
6.516106185221328765e-19
2.680581325176540695e-19
2.844094546998074134e-18
4.404957674796798248e-17
2.809542683551293313e-17
1.410661679352265024e-18
6.387932602195295582e-19
7.167878063390340686e-19
1.044152457511446935e-18
6.469122350519179355e-19
2.084088566687543937e-18
9.820811932353879764e-19
3.296161816498866751e-17
2.262450877895961734e-19
1.012683938772446921e-19
2.435477162343993242e-19
7.386389646844465868e-19
6.787070465325489523e-19
6.859940717529757266e-19
2.247421202069797383e-19
3.298383702513845803e-19
9.549890099794105883e-20
2.401347723361698995e-19
1.576045693997285164e-18
2.520027180491449058e-18
2.791292517103638153e-17
2.682935129234086055e-17
2.726120798488367800e-17
1.801309180692996133e-18
2.668641544105855469e-19
1.004552754465996950e-18
4.110498197468600320e-19
5.028367339848825573e-19
3.564209392791104037e-19
1.611710798054027314e-18
2.378387606610903177e-18
1.538728407014185115e-18
4.219998796769926141e-19
2.744300901357899221e-18
3.534274998600893186e-19
2.209613397476369735e-18
1.293136255550949954e-19
3.199616889052723627e-19
8.478147573317246269e-19
9.992710432862435227e-19
7.704490588894560383e-19
7.590114936727255364e-19
3.928182159957165464e-18
6.059758759683315008e-18
1.212224970350451329e-18
7.944391447765422037e-18
1.609268221248889328e-18
1.113501613785695373e-18
2.168813317651271648e-19
2.306388389921195501e-19
1.869367103822600251e-19
3.719599943731839529e-18
4.230062264806450677e-18
3.281650610095795603e-18
8.132366049351679990e-19
2.621120762054882148e-18
1.021962799793476612e-17
2.658908443057607301e-18
4.360329102080706867e-18
8.562428810781006486e-19
4.036214005042644123e-18
1.741408396872128373e-19
2.194004774564105947e-19
3.588238143181209287e-18
3.223805531858267691e-19
2.154824950698608936e-18
4.001506205591646649e-19
8.561160507451025411e-19
8.843478222383798749e-18
7.684313549435861012e-18
3.879148365564952889e-18
4.434460056170685964e-18
2.464240574560154715e-19
3.091815786067588799e-18
7.727907705643721969e-19
2.701188869909753639e-19
2.873658365588141823e-18
3.500989973254007338e-19
7.752551467395717089e-19
4.298343635327817974e-18
6.019366854869593302e-19
2.212531830218189895e-18
1.841316381201408020e-18
1.573843965670957746e-18
2.144664356125241453e-19
2.225602723039132554e-18
5.413613832638165534e-19
3.274478009490531539e-17
1.687119297648273684e-19
9.691366501194287443e-20
2.234934662715184108e-19
2.267437935281942338e-19
4.205265826219303513e-18
2.273545532913063950e-19
4.113266027831200649e-18
4.920086579961107024e-19
3.495142913285235165e-18
4.865284802675390727e-19
4.397466628466886542e-19
2.062208708537189691e-18
5.619291162909131155e-19
1.084310439203877771e-19
2.850650403291836864e-18
1.453960552951642259e-18
4.181246616492120603e-19
2.522161821337306361e-19
4.827436650893853516e-19
3.243388866678987179e-18
1.129800468592360575e-18
4.757748050303593580e-19
1.142618127496003524e-19
3.954630098562730244e-18
2.006048330589531063e-19
5.027400482368186145e-19
9.219754974275536513e-20
2.014105707299264383e-19
9.391737990320517811e-19
1.381436781509453411e-18
3.841159050769395457e-19
3.519549990210871611e-18
4.264455178936613113e-19
3.533380568604972942e-18
8.390119493274562363e-19
3.319775799707106073e-18
1.058266175989164911e-18
6.196654393633066814e-19
3.088215374069073902e-19
1.086325041802148508e-18
3.396305963170633056e-19
6.424975823053015321e-19
8.860364938447604845e-19
1.389602531845528038e-18
1.044788070500496694e-18
9.072211587398495502e-19
2.998114874281823628e-19
8.884379848297350220e-19
2.586844868246773092e-19
2.528842754313534287e-19
9.280930934440126289e-19
6.791995402083789949e-18
7.154364576623259039e-19
2.049353954666132628e-18
2.690770373882818867e-18
7.970827859174932990e-19
9.437806736389843796e-19
9.789960498471757187e-18
4.646507988812144907e-19
4.268261871826238257e-18
1.034220646342115639e-18
1.710242045296558293e-18
1.002621892197355968e-18
7.428341617251477972e-19
2.496828901700977132e-19
6.826443328251627770e-19
1.379807765654256615e-19
7.021984331923059083e-19
4.266444687371164075e-18
8.434069796899699470e-20
3.481210663394855698e-19
5.249134009897506347e-19
8.568938490982495159e-18
4.879213520868207610e-19
8.395807726506864347e-19
2.775824228538447813e-18
1.543038757722498316e-18
8.483534700584460931e-18
1.678804709140507093e-18
4.461337222090022803e-18
4.150860600877729142e-19
6.289130676660215169e-19
3.871883471460170844e-18
1.142378391956937966e-18
7.551903652631199054e-19
2.744790291634514403e-19
1.584371550409409454e-18
2.616067496017699731e-19
2.047240489741381274e-18
2.096124654153057021e-19
3.502733007956461031e-19
2.431373354620391074e-18
6.687505592170231466e-19
2.120321676106957844e-19
1.322686666599198733e-19
5.124337608128106505e-19
1.529389269415040284e-17
3.188946492001097525e-19
1.503307658550309390e-19
2.761468852200399395e-18
1.218341303092870544e-18
1.275936382095376714e-18
1.388625880678850963e-19
2.333345007939016152e-18
1.655183306175855833e-18
1.984113354779837130e-19
6.681788611772275876e-19
6.397638359167525134e-19
3.546812565024327168e-18
1.945854894398183703e-18
3.131446740873053481e-19
1.938149282118933061e-19
1.616295053262560782e-19
3.044481800998857107e-19
1.672181099244107847e-18
2.425560798879249687e-19
2.210808729928239960e-19
2.426907396451183199e-18
2.688955153353748691e-19
1.608255133127773146e-19
1.328999929702662104e-17
1.227375430486895653e-17
1.015504216011498526e-17
1.448703522120733362e-17
7.613400224595488298e-19
1.411664052186440197e-17
1.990082412516295104e-18
1.022039145717620529e-18
1.122128386133318793e-17
3.732021702745803731e-19
1.558791776104933962e-18
1.331516230264347172e-18
7.325437122920975108e-19
4.431606370972148002e-18
3.712947074220414792e-17
6.503306012176697519e-18
2.333806052965135770e-18
5.814268500751202343e-19
4.752722877861663374e-18
1.238522952935827057e-18
4.130245339645108207e-19
3.550161974468089107e-19
3.424455017721007362e-18
1.326628580015669047e-17
7.293404070405370108e-18
1.315316063953739956e-17
4.212296195084464721e-17
3.620753938266303794e-17
5.093643983035176736e-19
2.212278827318599772e-18
3.792187699476463225e-19
3.000504556213877355e-19
6.078612440130823915e-20
2.813777546731938324e-19
1.086567889158550971e-18
2.357264879623439303e-19
2.902788362869833642e-19
4.437787298831972666e-19
1.481070236733572123e-17
1.120648648549997282e-18
3.957116567065201539e-19
4.342832019707111563e-17
4.786184881327752291e-19
1.277292138489865765e-18
6.073046197171230980e-18
1.327351968395515127e-18
3.185890825876674397e-18
9.244753195989425182e-19
2.899686089259968650e-19
3.811199973543851825e-19
5.615162903521237911e-19
3.946708847688499413e-19
2.018814567033141250e-19
4.248542745779027444e-19
1.678880231827706579e-17
1.256833788482131999e-18
1.270327945587683600e-18
2.151556386895039929e-19
1.652135606734160890e-18
1.903798066591247410e-19
4.189006001748900073e-19
2.792761663528391023e-18
3.468057936471467518e-17
4.755094885349103219e-19
4.570503102979067701e-19
4.024211443361396448e-17
8.098983431720895820e-19
8.981845361667534099e-19
2.283285667202153129e-17
7.170515728254808708e-19
4.813879950826377424e-19
1.199605757219790244e-18
6.254627614512929173e-19
6.727768904218766321e-19
5.971402063798647738e-19
4.039992750587898928e-19
7.762831515206288929e-19
3.383518825612152750e-19
3.915447128972233101e-18
1.155013780316726398e-18
1.564058876137247255e-18
9.844023820056548486e-19
2.239218638873475598e-19
1.093975561983495830e-18
7.990974045029691232e-19
4.336477399297288036e-18
5.418981808299342582e-18
1.427144129856332049e-18
7.104327819099475918e-18
5.479809472478074268e-18
2.495192455297043060e-19
2.630563845949268773e-19
2.797429296410913150e-19
1.669696256769128918e-18
5.207484775251020377e-18
4.669734921140595684e-18
3.622745362507768944e-18
8.561863234849864778e-19
2.138909813160069119e-18
1.834458841394626734e-17
2.169745646015761775e-18
4.813541693004739390e-18
9.941883228848635713e-19
5.650748279081417594e-18
2.112162412763676615e-19
2.661118682201127570e-19
5.023576670410298101e-18
1.575882935952404335e-18
1.758399040370092725e-18
3.336970560398208736e-19
1.918429469909137159e-19
4.293282546193468408e-18
6.871751332859533805e-18
4.663769162287008706e-18
6.208297553042405601e-18
2.988888951576192239e-19
3.332987499849255768e-18
2.900171069544599675e-18
3.276284650428222386e-19
3.097813089157035245e-18
4.246367160197294140e-19
2.909419513961938819e-18
3.939235913588469906e-18
2.942428573338502269e-18
4.957956649111278106e-19
4.126117722064504357e-19
3.526751591859590631e-19
2.601273457241956308e-19
2.399206993167778123e-18
3.011400037161957961e-19
7.744006951903775592e-18
2.082845648459524259e-19
1.557799728179894961e-18
1.276244833404606929e-18
1.294805614788556102e-18
5.321802457720978983e-18
4.389273167128061082e-19
5.205375869389984167e-18
3.068059466625923227e-19
5.685615716909927809e-18
3.033886264822079401e-19
4.477634543140313904e-17
1.195505433550644008e-18
1.868895473174225253e-18
1.742931202990076081e-18
3.607524220646177156e-18
2.177046075023664144e-18
2.607334862007186450e-19
3.113753592651021543e-19
2.685330605270447636e-19
4.104538346760141943e-18
1.372060018551777186e-18
3.151062330976336948e-17
1.836655551317094179e-18
5.004620646497740482e-18
3.872847049663775098e-19
4.138009297772326696e-19
1.481992430173983805e-18
2.486529146950911009e-19
1.140557873664839703e-18
2.148390457376423214e-19
2.395263619247548970e-19
4.454022780485049370e-18
2.824353861198413306e-17
2.349961856915903531e-18
1.018918634538772391e-18
1.924543325944454129e-18
4.088787933685740594e-19
3.864099516302703146e-19
5.962062637182275717e-19
4.197198043138408618e-19
6.556857742981435928e-19
4.006475816308987517e-19
2.946830026078169948e-18
1.687570618552729638e-18
4.610267179060323623e-19
3.505200308960708219e-19
1.901241168534898115e-19
7.470227367846100145e-19
1.640436129486899502e-19
1.942261200153015413e-18
1.087875351671178390e-17
5.794940696504183122e-18
2.933424979044877498e-18
1.452053585112347331e-18
2.192331381914954179e-18
3.268190388587440330e-18
8.430863200852117271e-19
1.595859197169187049e-18
8.749650405158777080e-19
1.736646413061780590e-18
9.238770227395619457e-19
8.522973494044865780e-19
1.175235169049576510e-17
3.045760754787938012e-18
1.917673169248077959e-18
5.163690639930035291e-18
7.087169848856515622e-17
5.311602693371085396e-18
1.524788130588055869e-18
2.292866063741737603e-18
2.207594207401552738e-19
1.764514860873503373e-18
4.510646168887552039e-18
1.732983397077825091e-18
7.500037707904277652e-19
2.309747223849290046e-18
1.378408039424160038e-18
3.451732941950793572e-18
1.499688777174967335e-18
3.634917974505381687e-18
2.632249726965067936e-19
2.578662692655228756e-18
3.154654787339197905e-18
1.117430572487652103e-18
4.442707344697713616e-18
4.989390194871224421e-19
8.477294355995668644e-19
4.755402098853696661e-19
1.338834483445749151e-18
5.046744236354363649e-19
8.343098683436747429e-19
1.590045969493392645e-18
5.004191886829491427e-18
3.854251529883237041e-19
3.184572681751808661e-19
3.834489307043432758e-18
1.522263068762950177e-19
7.595696051777205011e-19
3.619445649963802679e-19
2.000462052430158188e-18
4.323796645500496746e-19
2.610801013241129960e-18
3.343331536072281121e-19
7.351309317578130598e-19
8.856177767113428677e-19
3.606656489577001177e-19
3.930827604096279657e-18
4.787287207549959875e-18
2.581959010407073490e-18
6.130504133411163490e-19
1.347908300286432390e-18
3.523104498683700141e-19
3.891480274390820247e-19
7.251598122941062199e-19
8.947125685993023396e-19
5.839912696707903318e-19
5.322863882804428693e-19
2.373907402734885143e-18
6.404775399325831297e-19
3.872122923423846769e-19
6.864136483543992346e-19
5.445814295629694918e-19
1.899967018479088729e-17
6.427837933634118244e-19
1.041723796542392402e-18
5.033274987096165270e-18
1.445131844916810525e-18
2.160041243743915434e-18
5.795668022496672631e-19
1.224327908848434501e-19
6.172159936418031039e-18
1.565198878369364296e-18
4.325406997745499056e-19
1.761441792869993155e-18
3.443534122471368684e-18
2.230767060631460942e-18
1.694732552676097628e-18
8.102649665746870148e-19
4.382005942010171205e-18
4.904030074848177570e-18
1.354969247900760388e-19
1.164666964041445737e-19
1.946633458295167865e-19
4.730081805665968254e-18
9.977350911331159693e-19
4.689747135354400351e-18
3.906650267772829159e-18
3.358030558006365529e-18
1.671022031190113389e-19
4.675567985523995066e-18
1.730604335385137370e-18
1.369311491106697117e-18
6.846224813560507680e-19
1.353826273067135235e-19
1.742069865443225955e-18
1.134178901355990669e-19
1.396653106202719126e-19
2.025230433592734079e-18
1.113690914079870148e-17
1.500827756899204982e-18
1.392574166247583000e-18
4.345908130784397817e-17
4.285191101159770477e-19
7.823685749629750215e-20
3.284649601976439584e-17
3.082147642104797976e-20
5.155665583524737599e-18
1.482190493284777935e-18
1.020447052719936515e-18
4.800796772257263579e-19
5.027395870060180174e-19
2.101277481611501352e-19
2.739823150639618992e-19
2.261977649199511419e-19
1.262434159867038506e-17
2.918402496039068721e-20
2.949736298598867502e-20
1.035203926460695651e-19
2.849658631112336881e-18
2.583729135982610891e-19
2.230279537079530341e-19
7.621445144447792293e-20
3.390863908014781442e-17
4.257355449715842052e-19
4.092085807449148057e-19
3.259337722296664290e-17
5.854436238326291156e-19
1.589951783454210556e-18
1.716916888033627567e-17
3.817672854218130411e-19
2.316159342585298113e-19
2.123522768799313006e-18
7.878672405505910949e-19
1.597774228398774306e-18
7.521905948975533686e-19
1.943809785211762506e-19
1.843590692691709493e-18
1.627952674102212018e-19
1.068525320264734926e-19
1.418157320149652889e-19
1.184824692499702608e-18
1.212911443527474243e-19
5.537568372147805544e-19
1.801274433833451413e-18
1.186810041487610607e-18
4.337748476055484474e-18
4.073086696763447207e-19
6.311927564472555384e-19
5.339848730457707079e-19
2.876546730631758754e-18
6.170589411414487599e-19
2.445135597033659902e-19
2.600238714362339141e-19
2.050098457106112981e-19
2.768156822585047053e-18
4.671103679923051252e-18
3.623807235315382611e-18
1.271597830715474926e-18
1.596749282705979167e-18
5.504112504053107736e-19
1.619768997558391294e-18
4.814952603383656982e-18
1.224968992244376793e-19
3.003783606971044940e-18
1.963276242132525259e-19
2.473536625161526786e-19
2.670396291903770091e-18
1.193781796511789602e-18
1.312688543082439432e-18
3.696902695290835064e-19
4.744259525326991412e-19
6.108345795743870372e-18
5.165036519308893830e-19
4.127645954845936296e-18
3.300161588521279498e-18
2.778202392743029313e-19
2.728699225014924650e-18
1.044214444549079028e-18
3.045339590260420401e-19
2.536163179731757136e-18
3.947041056411357710e-19
1.047544371997709713e-18
5.418800498140399618e-18
2.228983884684774669e-18
1.226098401199943622e-18
1.020385352319057972e-18
8.721626255008646756e-19
2.417909885637419961e-19
1.964218066585427868e-18
2.633941574567888328e-18
2.674921196945648873e-17
4.511782467146543123e-19
9.306220229775397850e-19
1.732514872703147105e-19
1.757711315387973369e-19
2.350207032760648514e-18
1.058337877591840188e-19
2.298790884027271679e-18
6.647738152920248723e-19
1.270689539901933729e-18
6.573693141762534658e-19
1.136827851876757825e-18
4.449455677258347191e-19
2.469328914040816707e-18
1.041218670600505848e-18
1.593149851309552849e-18
2.569822381593640382e-18
5.649460066908638348e-19
6.744896760222128629e-19
2.348742722785806385e-18
1.812640541513540280e-18
6.659077770267450919e-19
7.186007183821086298e-19
1.097209142972874344e-18
2.210133640461181325e-18
9.338176437673992482e-20
4.418977628977598159e-17
8.853351098072916313e-19
5.386226587437857007e-19
5.535518475526885366e-19
1.354833006839975997e-18
5.189953298227641434e-19
1.966979373235671628e-18
6.440947529570458413e-19
3.058225467049752903e-18
4.945161536104016991e-19
7.162803269175131765e-19
1.921638954536329093e-18
8.372563198540535349e-19
1.437567560105568920e-19
1.972589283281306708e-18
1.580984058898093880e-19
8.681057988787945826e-19
3.893579225059269956e-18
8.190358905452565472e-19
1.645589571078421039e-18
1.647365812655371726e-18
1.699017910744657732e-19
1.929201263668456428e-18
1.465953089780114472e-19
2.065205574117955218e-18
1.102143049215460602e-17
3.200761004293708313e-17
1.094702791248697264e-18
2.472722065578318273e-18
2.446400586644620806e-18
1.219631375022832418e-18
4.619181105093882582e-19
8.382143144492972913e-19
1.163712001269497652e-19
3.093451811802188084e-18
5.061824851383719983e-19
1.945106205666441012e-18
1.190648607647706461e-17
1.136624533969744146e-18
2.039061130478008153e-18
3.123298399033708431e-17
3.296343075876704169e-18
3.212764153650760345e-17
4.097981072668302838e-18
2.139771597515110148e-18
1.972786072648378804e-19
8.031642298997440295e-20
7.779470715659817948e-17
3.628276561065282114e-18
4.109191626349969817e-19
6.343560747128992533e-18
7.552152394281574269e-19
6.148499454364818333e-18
8.216636776110718021e-19
4.056168487387865955e-18
2.352273612459542386e-19
9.623117234986124330e-19
3.520247616793554741e-18
1.331998361624737920e-18
4.022504691599320679e-17
1.537124442525801532e-19
1.714549898674870863e-18
1.465037712965476569e-19
2.743407988679022406e-18
4.389274654562750473e-19
7.435298894001615022e-18
3.258165866663527133e-18
4.126984810955404449e-18
1.187412489870197392e-19
2.769699335451848942e-19
3.162324604216036030e-18
9.004345404892835444e-19
6.769219997969316053e-18
3.147918798918501869e-19
1.607340261144741162e-18
4.679722670772230339e-19
1.092520338747008316e-18
2.907775723479690961e-19
1.041290868746475257e-19
1.791179833517483283e-18
1.111133751700130060e-19
3.559039849477467753e-17
3.948102318625771801e-18
3.554631517761645063e-18
8.683674838262088352e-20
1.821481293467934356e-18
1.085393169703597337e-19
3.384513844405404177e-19
6.462562837748644541e-18
1.809574233729551467e-18
5.079112311630787618e-19
4.629422541800556258e-19
2.829742490445998982e-18
5.707881597694295626e-18
3.367678291423167817e-19
5.755884411252104875e-19
1.385792776615638977e-17
8.999499980933674645e-18
1.635687684913276165e-17
4.452354189598779286e-19
1.849266747302727804e-19
2.207441876584957981e-18
1.916824231682797872e-18
4.859925979539541249e-19
6.292098989129400355e-19
2.811065896950160817e-19
2.616808376280295217e-18
7.584061950022600987e-19
3.792239970450981732e-19
3.138035290168790120e-17
5.132027405032959684e-19
2.588707472987883568e-18
2.957807354919948205e-19
5.153354394386460500e-18
2.233505262830900659e-19
6.963494480033966070e-19
5.985487853503461170e-19
3.765312539302447338e-18
1.737871071551807793e-19
1.104904872766410373e-17
1.723051780978209827e-19
3.560065319701372033e-17
3.060117316022586148e-17
8.587761462657206550e-19
4.149106892051196161e-18
6.124980340854325107e-19
4.846287387618244036e-19
3.117509991827034521e-19
2.463120386358602951e-19
1.454336712148403620e-18
2.063499009646692126e-19
2.541038541647743821e-19
7.167725364963223264e-19
3.883796098878530366e-18
6.161293249362608023e-19
1.035914037163710171e-18
4.385515687995189170e-17
2.906239145734087573e-18
2.240487303263312663e-18
2.658673035862471522e-18
1.000549176911250989e-18
2.132889929627117159e-18
1.237380940650717988e-18
7.590945256031553878e-19
3.464912444587955721e-19
3.409606324141857133e-18
2.255252537338866389e-19
1.253058193237212412e-18
2.427728311659601537e-19
4.402511328049648911e-18
9.473930370556663632e-19
9.575648438609038916e-19
1.883426216516713483e-19
1.331163665993961914e-18
1.181668591344260924e-18
2.393707460813838952e-19
1.094760940593735907e-18
2.048641167220240646e-18
2.887360860503943020e-18
2.775274119768640301e-18
3.378226074654829560e-17
1.069702444596435587e-18
5.098708887968857850e-19
5.987437831755039616e-18
4.097420005949045754e-19
4.213967041614476485e-19
6.809781609577398830e-19
5.686329032385490801e-19
1.627882637613130745e-18
5.428837496358174850e-19
3.536522820104039762e-19
1.878331259921269037e-18
2.961859656131250157e-19
1.534852987183702781e-18
2.523556080500890245e-19
3.578420858125193631e-19
7.045506914340567399e-19
2.764643570631287418e-19
9.972992202610099731e-18
6.088076838395851461e-19
3.143058836574401000e-19
3.473301724725090877e-18
6.474445592600390880e-19
4.553525909479788171e-18
1.396794260143095200e-18
3.080680760363422448e-19
1.641281066840256158e-19
1.745393006557740250e-19
3.648070882932567470e-19
1.545814970877532489e-18
3.384602352759716026e-19
2.625749145178079745e-19
6.523019716979806557e-19
1.450207317341650934e-18
9.021486204990723188e-18
1.471114393539299324e-18
3.488832838346926967e-19
7.115546275670863089e-19
1.677395453555340723e-18
1.317836167899461096e-19
1.660345068771934916e-19
1.491222799417055759e-18
3.605473204373671390e-19
1.192216305456914186e-18
4.109558594882662952e-17
2.368582329397793020e-19
2.149708169289986439e-18
4.404455781665269987e-18
1.182799375065351515e-18
1.842901077073800388e-18
1.864849946396107371e-19
2.339669827318934262e-19
2.211042064990337195e-18
2.044164020047468962e-19
2.174583557754768330e-19
2.649425154084797847e-19
2.218092924802430975e-18
1.806923544197452234e-18
6.732002190596624249e-19
6.121324079514625425e-19
5.094297016798822485e-19
4.354291691030902051e-19
1.623005988476461269e-19
1.684180397214544006e-19
2.551601849911195666e-18
5.196873637627307710e-18
3.730773987912776422e-19
8.942584224266910913e-19
1.839802016117520500e-18
1.866558765384673390e-18
2.387707565315315033e-18
3.651899003745320626e-19
2.335471006748875216e-18
3.437820527129982829e-19
1.306319722181507081e-18
3.399528787378210624e-19
3.710504801253969812e-17
1.016677928635250337e-18
1.746290733462286079e-18
1.000533560116377500e-18
1.618570576816156634e-18
9.766428121995723228e-19
2.921569613371122925e-19
5.577326825357466208e-19
2.275318607782295398e-18
1.841563519229717538e-18
1.287775402975327751e-18
2.543758935145454475e-17
1.054336232155495500e-18
2.245399124471295880e-18
3.222229682182021735e-19
1.729276025844698228e-18
8.507410732470256556e-19
4.453848161284743121e-19
1.070494260831043396e-18
3.275947264658430455e-19
2.683939645795942938e-19
1.998365022666623730e-18
2.280016900906546736e-17
2.384948039395170864e-18
9.563272287295509590e-19
1.636664014465239743e-18
1.946785836671466974e-18
4.329798943117460600e-19
4.960468345432073614e-19
1.998402909764369430e-18
5.455341088957806631e-19
4.489334366750149313e-19
2.753509782378830023e-18
1.583904423984244037e-18
1.446538245332392238e-18
1.668923511528255073e-18
2.055624320490183117e-19
6.315735511669741313e-19
1.773641587291440161e-19
1.869063827598395189e-18
2.418002716257970422e-18
2.684271113678690912e-18
1.310344183261887706e-18
7.313869380797848747e-19
1.325597914528423254e-18
1.459881979621078858e-18
4.048263663537049107e-19
9.740855336748121161e-18
4.092872826386690203e-19
3.271320505995109922e-18
4.436197921412550867e-19
6.474669032654750056e-19
2.612175950708287514e-18
1.360523932656760129e-18
1.845402437898242333e-18
5.467989477359955322e-19
3.678101250811158038e-18
5.624618061097364719e-19
3.450622657726990013e-18
9.078453519122103753e-19
2.386853607848636559e-19
2.665547907252880886e-19
5.489968126412327977e-18
3.769489135790997770e-18
3.601307411202895113e-19
3.757337304142224027e-18
6.618728173604029577e-19
6.502028662423377841e-18
7.201084205278148257e-19
2.197861019659094230e-18
2.845991684749128709e-19
1.151873896231495094e-18
1.907468844195108415e-18
1.564634378506616831e-18
1.475007437718781192e-18
6.336308324479978576e-19
1.041575831541324302e-18
6.039153629673972656e-19
7.583609273220078326e-18
2.981126083381380196e-19
1.107420821397823851e-17
9.006555708112595971e-18
2.371684474660292163e-18
4.894731640460356029e-19
1.881136083260709619e-19
1.817316154822277134e-18
3.826092038574442438e-18
1.008214367336518705e-17
2.138016774609291235e-19
3.158617405791386310e-18
5.637192337721176340e-19
4.519318614207438781e-19
1.974915387187611411e-19
2.492314006355767498e-18
1.088127925572727167e-18
4.580296718813017599e-19
1.305060068688095764e-18
2.268884767542269776e-18
3.494591550074648657e-18
2.078424489796353851e-18
2.150468389255205377e-19
4.474189327980304190e-19
2.298708396074969707e-19
9.625405445218002062e-18
1.099302381744229755e-18
3.449652934542686408e-19
3.144230738901063625e-19
3.323962333911725875e-18
8.501375691109864004e-18
2.287273954151554059e-19
1.660602076066822050e-18
5.293465458710234711e-18
1.091958654212581761e-17
6.248016591969594991e-18
1.093405733261352062e-18
1.704170204892686567e-19
1.776506720449853201e-18
1.563412051062552140e-18
1.402113488481089070e-18
8.266897053243282619e-19
4.520006225350767645e-19
1.289601623138062000e-18
2.985992411778076491e-18
2.228649290433918943e-18
9.767458282406649610e-19
3.614954846524288283e-18
2.083341931592081397e-18
4.539187169814262436e-19
4.676713957834595782e-18
3.591327298055277416e-19
9.149012451444937274e-19
7.864054901844040745e-19
3.942560144495081546e-18
1.601514818996905642e-19
6.689516589986780472e-17
1.587858274590854157e-19
1.108107024856152928e-18
9.524930556760170506e-19
1.128306151130972893e-18
3.384120259417180455e-18
7.360871058584680943e-19
5.824165072851053388e-19
1.246924640051469829e-19
2.829423682187013553e-19
1.172407401863573905e-18
2.370372556046818918e-19
2.918929446935051549e-19
8.614019843120322647e-19
3.884042040416782157e-18
1.588408191054747743e-18
1.335267868466264001e-18
1.617130900700586776e-18
3.064004128616682020e-18
5.177562609345895852e-17
2.871139675323410250e-17
6.508220634674475269e-18
4.015940820490710066e-18
9.975094224230648565e-19
9.784542855908346862e-19
7.813187851342416692e-19
3.594696558080179199e-18
2.821163878517194676e-19
6.904521845794147187e-19
3.036919061751391734e-19
4.402790117249859716e-18
6.162458632914883093e-18
6.228622660100561707e-18
2.163520212076426335e-19
6.929001083309691763e-19
6.511155385646736689e-19
2.994361346403144699e-19
4.472391996442527207e-18
1.360529909991322190e-18
3.044101037031370879e-18
2.925929675641421496e-18
8.110419110071490404e-18
1.648019927675460233e-18
2.069977633205919208e-18
5.987816986487429768e-18
5.125587101450289306e-19
4.840647744841444473e-19
2.764640211584536878e-18
1.282236062962140969e-18
2.058609331707191625e-18
1.224173131408000938e-18
4.062457310334866468e-19
2.375324959163412799e-18
3.402333032841095464e-19
6.270286015021091423e-18
3.349587415594497988e-18
1.495170725562528765e-18
3.910117820500169091e-19
9.873608745805059524e-19
5.176219434182449288e-17
5.088506453977183436e-19
1.948324279420336996e-19
3.159617231359495857e-18
6.352666028369930442e-19
4.142283068763058110e-18
1.133275899395743821e-18
1.100229947240979693e-18
2.589902019526970552e-19
2.754188154533880578e-19
4.842187742561356497e-18
8.360371806755186526e-18
2.098052656008216956e-19
1.627653530276701905e-19
5.452038272568515246e-19
4.349588406569243955e-18
1.783785548724333397e-18
4.412294734938393399e-18
2.162663214156937550e-19
3.948988289041893502e-19
9.072010507649696121e-18
2.079513753984399468e-19
2.619984555724243391e-19
8.065115996877240399e-18
1.506474000882048968e-18
3.575799238031664902e-18
1.601902003555432799e-18
8.459121259295397019e-19
1.181382273018662933e-17
4.006675919758168615e-18
2.787035814761599720e-18
9.967129635612126184e-18
2.942688330393147174e-19
3.444171649074320289e-19
1.760080289349148078e-18
3.225641622709698264e-19
3.201152124419470240e-19
4.180729124207717450e-19
1.765693063332394807e-18
1.119321038751893369e-18
2.812830854411125880e-18
2.186160979644907797e-18
1.819369994494742477e-18
1.555085544446219197e-18
2.561064385731238464e-19
2.479241433249611724e-19
3.241865990968314258e-18
6.207372073031603409e-19
4.250865504363480903e-19
3.752028759986147802e-19
8.226342801068275243e-19
8.345980778299286310e-19
2.079387970882817244e-17
9.279629962353600857e-20
2.033896607911393941e-17
6.107867006419569005e-19
3.813330558994794180e-18
6.039835283412938332e-19
1.032989532479780850e-17
1.830611336441964318e-19
2.539837575142192822e-18
4.197926011924961511e-19
1.409568004200683259e-17
2.443926422395465168e-18
5.190660334838558732e-19
6.354838509458228243e-19
2.890842085509487983e-18
1.603766342716767804e-17
8.634736491773640104e-19
7.531835074936378090e-18
4.423665202959995441e-19
1.955455516027497587e-17
8.187822027305665140e-20
4.389483379501752019e-17
3.569443568071047771e-19
5.074740408241728390e-19
7.177832281060643467e-19
2.047401285374891642e-18
4.768470686706844320e-19
1.740320401848372393e-17
6.750919290515907911e-18
3.733493650468528054e-18
6.412324385843242316e-19
2.946946731546080636e-19
2.557561772342099648e-18
7.692616848493619194e-19
1.260476005452763561e-19
2.625372956528816790e-18
1.386225264500281809e-19
7.976058390212133477e-19
4.004755608444253180e-18
1.062032812372365615e-18
2.277936772010987835e-18
2.192524156301404118e-18
1.136183882734630996e-19
1.640428636128865466e-18
9.803264950415934126e-20
1.456843711919208363e-18
1.020387115844024336e-17
3.183136638197226161e-17
1.122746832713445363e-18
3.138432246051946694e-18
1.743469374867403317e-18
1.250875830710970310e-18
5.504642756409637465e-19
5.279341221923297332e-19
4.622635297601101629e-18
9.071829293673916333e-19
6.032137919783374408e-19
1.594029962317463424e-18
1.102327415307990937e-17
1.165742524547020745e-18
1.438400817518856219e-18
5.577320885385576446e-18
5.542942996943400292e-18
5.737081227819300938e-18
7.608240859144841788e-19
7.573734840044563060e-19
1.319260806876394484e-19
2.502038049565720521e-18
7.504130533261555297e-17
1.354015254272972124e-18
4.896892199299668154e-19
4.193983735729476973e-18
8.999842185585540677e-19
1.803103486191020945e-18
9.791703135819688650e-19
2.890698103846663150e-18
1.573035427912076381e-19
9.869641771979631465e-19
2.508764895387532794e-18
8.699942375795604106e-19
2.734826791281006736e-18
4.395282704144566531e-19
5.617263056528480853e-19
4.189156546190696121e-19
1.313739952438109535e-18
1.024721145974702053e-18
4.562723165075162655e-17
1.560242839697742302e-18
4.253767731360312660e-18
3.395309732265937220e-19
6.466146915821817979e-19
3.259472707966382600e-18
1.688407759500688661e-19
4.153979192301444402e-17
7.349139010268711876e-19
1.587767382529141622e-18
1.833390555302290765e-19
8.242826083182421515e-19
6.788500392665415363e-19
6.534367082542034993e-19
5.868320492855200705e-19
3.177196865605677940e-19
2.419725588366631849e-18
4.069389884473845285e-18
2.062724401533050020e-18
5.449228522184767586e-19
1.121635776994995188e-18
3.103593758587177030e-19
7.901494388374828259e-19
3.965796881324834887e-17
5.928584813443469731e-19
1.185770815936095310e-18
1.080786131098814712e-18
1.848245261742776759e-18
3.502681460501396698e-17
7.862190064761529960e-19
1.314983576779454942e-17
1.935618238964254899e-18
6.931902846788200113e-18
2.284661148183692331e-18
6.229540388402863866e-19
4.324983261170596086e-19
1.607136868818573008e-18
3.169213152971566335e-19
1.110293812531263904e-17
5.575442991822693094e-19
9.422565960647528022e-19
6.216104207527966562e-19
1.120204076730647112e-18
1.503142074439807788e-18
3.497908832884571122e-18
4.647610162995167038e-18
1.884718808026511012e-18
1.066477885517911996e-18
7.356425097214243410e-19
7.486608793237650584e-19
6.170368038452170235e-19
5.303754178551593656e-19
1.791814053840262216e-18
4.064455982619662584e-19
4.874923160942571902e-18
4.029797281398373790e-19
3.968337757845776723e-18
3.411055134693074876e-18
7.609634645789568056e-19
6.859994734013582527e-19
2.055554433200602780e-18
1.626422775226955863e-18
4.693916716033401466e-19
1.492784976927002697e-19
6.598165924426573602e-19
1.250592678524436552e-19
1.540007618698698424e-19
2.405501541227715628e-18
1.356412008894878297e-19
9.037573445561125509e-19
1.937912778397410094e-18
1.266815314781985096e-18
5.965338663219963389e-18
3.774140374728179776e-19
5.731674972142047327e-18
1.978704861610010814e-19
2.242335736941872073e-18
5.613861418705186407e-19
1.420058931922163656e-18
2.801831336760267760e-19
6.998548781375383902e-18
4.990389809464550005e-20
1.271870670176381973e-18
5.372041678733823550e-20
1.537572798012397915e-19
1.873582280147936975e-19
1.893698236506040332e-19
1.141458767804353996e-19
5.013555955438236185e-19
1.199409278284725488e-18
5.296760837870530363e-20
8.326097114187160989e-19
1.532988852661496884e-19
5.926589145671153069e-18
5.696520202747414564e-18
3.596824949532961804e-19
2.010204978294415700e-18
1.008577658211220827e-18
2.091106837418464641e-19
9.066711024261604573e-20
2.553893316715812533e-19
1.347045642265221149e-18
4.598134910725586909e-19
2.106785062273841035e-18
4.389919590387894135e-19
2.143325257526526941e-19
2.430912492688289364e-18
1.795048111706568988e-19
1.167317407247006908e-18
2.630160865072739896e-18
1.893451050211391836e-18
2.852427425094375354e-19
5.165381725305272625e-19
5.477445355578907636e-17
1.339548214684986450e-18
6.682360879065119273e-18
3.415861399533397971e-18
1.259934325632934817e-18
4.478221190875185430e-18
1.371585453069606485e-18
5.755856657300402726e-19
2.009848973126059415e-19
2.137340406104203297e-19
3.802179528895622581e-18
1.631509857569947603e-18
7.195899131790881578e-18
5.582524629128571984e-18
1.435247886677067141e-18
1.575575968106150691e-18
1.794634480826988551e-18
1.598290435497466720e-18
7.417500366610030190e-18
2.880783396853948705e-19
1.770384728493722678e-18
1.613770927060178013e-19
2.033194008586574909e-19
1.573891276069633279e-18
1.907765267416604327e-18
1.295281948449639169e-18
3.352489826743747057e-17
4.425392122558054639e-19
4.198390268320679459e-18
4.331616335961394276e-18
4.105065919231632909e-18
1.945065438242799573e-18
2.283622729538984011e-19
2.327026538583413929e-18
1.827611098732251085e-18
2.503203771492428210e-19
2.162832374968551440e-18
3.244383020613953853e-19
1.833439223783429150e-18
3.830328642863844981e-18
3.562106617187795422e-18
1.143690849369645486e-18
9.518040225287113027e-19
8.135435238895466378e-19
1.987470022789424287e-19
1.675079292949297183e-18
2.464425554222309283e-18
1.313461540449835492e-19
1.028720731356701925e-19
1.460561263131780953e-18
1.147166631221534559e-18
1.163850192632132968e-18
5.887643474691116284e-19
6.816114012445374595e-20
5.758837821246950057e-19
4.644408746611119106e-19
2.025662881529921864e-18
4.592677572856539118e-19
5.807889509420949064e-19
3.443271207402604979e-20
3.790417838878080537e-18
1.634136759264478963e-18
3.991094484663229824e-19
2.430067656948893229e-19
3.946966794541228657e-19
1.537887781298432576e-19
2.197581617685162915e-18
4.540953672352312279e-19
1.589740650656001991e-18
4.333466913105933430e-19
1.722010797308288464e-18
5.536737285298455470e-19
6.014154516735930962e-20
1.461904188596418508e-18
1.389485886157949053e-18
1.228100644175411782e-19
1.321510131972661158e-18
2.083089138212479371e-18
3.625934707161012430e-19
4.927597062833916833e-19
3.884164361995982893e-19
6.523231985131710531e-18
1.180572534098708728e-18
5.543031788606808545e-20
2.108589882037963761e-18
5.849449069195716434e-19
9.258502976921133273e-20
2.164497027042777605e-18
1.018216188371553423e-19
6.064977399155519840e-19
5.976640887260001752e-18
1.955307768531649579e-18
2.612976326100545938e-18
1.807633466411751082e-18
3.489239728288719252e-19
8.685749692866054749e-19
3.010599080987035783e-19
3.631960418843458723e-19
1.413112969182625679e-19
4.591905102620296731e-18
1.103246906430114222e-18
3.915157387534306048e-18
7.878944814733237009e-18
1.229150553223867372e-18
5.719053059788659413e-19
5.184298261924561952e-19
1.173723749888450833e-18
1.007189122115086208e-18
6.267094587933899226e-19
1.241671451742325593e-18
1.526590391695411569e-19
1.145495846817309838e-18
3.585981662218442814e-19
3.371891264314496903e-17
1.675441059465908648e-17
3.468477871774697787e-17
1.014158664061580496e-18
1.126958360420810811e-18
4.051472027791918253e-19
3.639085375855968942e-19
1.253473947140541305e-17
1.415870489285559132e-18
5.087630125179232355e-19
3.686211736162567579e-19
9.350393343719805726e-19
2.001874328263425015e-18
1.017309792070435125e-18
1.306340745904638120e-17
4.830818138227719951e-19
9.698225312463716063e-19
1.133740600714685139e-17
1.861389727778347943e-18
6.690130282043098370e-18
4.259194690816098559e-19
2.781852115357630931e-18
4.059450670535530583e-19
7.758614024474853872e-18
6.512565555424927326e-19
5.465009726103717279e-19
9.214397381460208818e-18
6.253873397532218625e-18
3.290183171086342794e-19
4.109528318579076746e-19
4.792064575612017803e-18
1.213787082887700550e-17
4.975435911108123974e-19
4.670709662654610768e-19
3.048866901344047873e-18
1.078706128448076333e-18
7.422455805529147302e-19
4.314398507723651705e-19
4.835688081720659665e-18
2.906183956913465545e-18
3.078823578038529608e-19
5.919307023236921995e-18
5.982801777133977634e-18
2.932161442074571201e-18
4.032642960892583682e-18
3.001721485497854294e-19
3.007499391690936083e-19
5.021756444887852348e-19
4.750040215914538963e-19
2.936028816593693432e-18
7.536108923709405087e-19
6.868883849840075176e-19
3.954399461534820033e-18
4.195342903028829425e-19
4.996776772598646117e-19
1.214195864808546835e-18
1.565949595148954500e-17
4.786681078313484731e-18
1.848331519114637886e-17
1.006232742131254301e-18
3.257317134033868139e-17
1.832843093903750153e-18
1.907822819992916831e-18
1.025194671403929880e-18
1.302624056332648280e-18
2.443200698370102622e-17
1.965921089827740178e-18
1.302045545856373697e-18
4.228433486544367557e-18
1.217553904369125833e-18
4.448852819755593142e-18
2.149408627394174095e-18
8.049276393501427686e-19
4.936159561393164375e-18
1.941221521659152620e-17
1.441619949321059952e-18
1.239147775699451261e-18
5.000642590757579173e-18
3.061103665203600034e-17
1.101309463649028149e-17
3.035000817050399415e-17
1.381301046355768482e-18
1.187321824462470378e-18
1.777884405606201628e-18
4.129622675051347709e-18
4.742136941389421642e-19
3.752135871542801833e-19
2.541977551088984303e-19
4.925295917471558531e-19
3.364768198368580548e-19
4.126206459175516248e-19
5.081102338573894784e-19
5.549460299848867060e-19
7.993985988305230955e-19
1.060582308224092159e-18
1.584981608063851199e-18
1.757357965793626125e-18
3.134072846622530158e-18
5.543252959313511108e-17
1.162828340189502947e-18
6.691148174969492295e-18
6.980320643402737368e-19
2.862817120402920404e-19
1.161438901974079770e-18
1.576479899351215599e-18
3.676901336165264297e-18
2.261501287676718412e-19
2.446108303144840856e-19
2.434454949965755836e-19
9.061653334464791003e-19
6.335667788407087610e-18
6.403691497897421038e-18
3.766129949004562414e-19
3.399221757741211045e-19
2.306747897625752910e-19
2.400339835706156853e-19
4.238057947590657868e-18
1.151921988307354074e-18
3.113714604178019708e-18
2.992840858767021988e-18
7.058023946903748813e-18
9.071978200090387708e-19
3.560370368763156831e-19
1.232389469331804731e-18
4.108772949454304815e-19
8.426317601596291962e-19
4.755192970067017193e-19
2.587189016754216527e-18
3.939498509677014957e-18
2.470034474672160072e-18
7.071689026801826270e-19
4.545587641372787269e-18
5.922583140174458397e-19
5.941750074851310418e-18
3.269514442820574252e-19
2.352766603674027341e-18
3.887042177229518384e-19
4.062095581070223654e-19
6.135326200079823641e-17
7.175326394416582913e-19
1.727534472528559987e-19
1.751249473843182831e-18
9.385529137959865797e-19
2.295901849338731753e-18
4.164991398129279982e-18
4.526449570677493746e-19
2.644224627561855134e-19
2.811956627026289895e-19
4.726433675218259773e-19
1.906264472392011122e-18
1.860295191472253258e-19
1.443203070754925743e-19
7.687944286668625407e-19
1.473889817972502566e-18
9.876925679917051318e-18
1.495138315592689620e-18
1.917583892162485763e-19
3.925683250876497485e-19
2.068526582744396860e-18
2.123131083794224114e-19
2.674938138139709611e-19
1.838942626707750668e-18
2.370553180303196113e-18
1.211685703430891164e-18
4.136529258750666190e-17
3.480162114153092236e-19
3.731928997738190043e-18
2.220740229764338865e-18
1.955106345706092737e-18
2.272624418538567633e-18
3.004410551363488842e-19
4.726815491405610708e-19
3.328968270628601989e-18
3.293298724874305492e-19
4.393293074147078261e-19
4.268418970310786419e-19
3.339584119583611478e-18
2.036039989124491148e-18
4.426206574872925810e-18
8.994072059718574313e-19
7.485059419747456863e-19
6.397768314411885990e-19
2.614782130931337299e-19
3.402535647945567624e-19
6.851058749558816056e-19
3.323778958330120805e-18
4.302414024077509728e-19
4.680229760682833596e-19
1.596512000963261811e-18
1.619730516291297413e-18
1.113010450127430149e-18
7.296484595974383028e-20
1.088660803458926794e-18
7.143281636347773054e-19
2.917778215059301911e-18
7.063717075244597648e-19
9.839739422251827555e-18
4.155943735364676633e-19
3.483059983989040884e-18
5.236435941985787436e-19
7.544835022655999261e-19
4.095907644149741126e-19
6.070588736035133764e-19
6.431901055391059386e-19
6.109237401761638847e-19
8.584298476289534023e-19
7.031827879915591908e-19
7.357053481697535972e-18
5.518019945632520204e-19
1.046674528550780627e-18
6.438006422581861563e-20
8.909497626691735373e-19
4.452475469944346372e-19
5.136279724343188872e-19
5.845375964791348306e-19
2.269243689380232616e-18
5.576828875614844100e-19
9.315215923870359563e-19
6.594259403823798836e-18
7.174628858252237446e-17
5.221973065928875966e-19
6.690303159176671641e-19
1.624712789934964214e-18
8.996680610686128579e-19
9.911002695897108206e-20
1.667790419355390717e-18
1.089975713472463572e-19
9.328171580906589242e-19
5.492006316446021524e-18
8.648824369498712274e-19
9.094443237603573184e-19
1.392819550834196472e-18
2.693841480520599916e-19
4.927360321583863024e-19
2.324310542445200367e-19
3.189838504432373931e-18
6.399703836144469838e-18
1.192466785463690801e-18
1.121407606675051596e-18
5.221922542585607602e-19
1.113592810470774858e-18
1.249383770849856143e-18
2.235371202717528005e-19
9.975678026954367904e-18
7.879760136367808108e-19
1.909748269400223469e-18
2.449580834469827128e-19
6.529261949152045250e-19
6.913620212264739679e-18
1.164352012725970063e-18
3.149456784547032826e-18
6.366618767167248045e-17
1.573854205334186670e-18
6.548988262358592159e-17
1.695856648260708712e-18
7.607535795544423333e-19
3.127908729557967329e-19
5.756423040421248564e-19
2.326758541546021760e-18
6.338939722920396225e-18
1.988570791879342822e-19
2.085797663691751074e-18
3.654730913688230599e-19
3.795787652997473491e-18
3.976296407225247159e-19
1.846353410096465864e-18
3.729597075289381199e-19
9.857869143577994019e-19
1.602404143679052719e-18
6.991494491540218786e-19
4.441262191074839018e-17
5.739597335794481027e-19
1.511824404248115804e-18
5.470426675642403086e-19
1.910849140832029270e-18
7.225215963560766402e-19
3.701817622229105465e-17
2.269390288536733616e-18
1.873563729095030713e-17
4.433778668010271471e-19
4.559221608966192764e-19
1.435628418683798887e-17
1.561753491181284282e-18
3.370196441927064762e-17
5.181811335113350357e-19
2.521445895614194305e-18
4.088975804693936910e-19
1.642893476582406756e-18
4.786510125061407292e-19
1.813148227100206370e-19
1.579393744563339177e-18
4.148955116795858030e-19
3.929548958146363181e-17
1.792354864814928942e-17
2.710460655695082131e-18
1.512045299759855121e-19
5.410109052955187218e-19
4.052840207838751057e-19
5.571272108039487936e-19
3.217520820426031229e-17
1.595613221852166675e-18
8.360762595834619394e-19
7.620525094349072488e-19
1.485296799486927609e-18
2.841787127211267344e-17
5.543558985545367964e-19
1.341888795913270797e-17
7.354207887643292840e-19
2.408294831952304794e-17
8.680365114535878278e-19
1.227877908894183640e-18
1.076809526102238368e-19
1.339755265266703838e-18
8.290456582171724660e-19
1.133010977107747029e-17
1.774045692578925993e-19
4.569425549230523208e-19
2.047338595664714353e-18
8.032633755020629357e-19
2.535101267545596061e-18
7.021262975580560416e-18
6.263604447897523368e-18
1.571155509895619228e-18
7.362335197838817352e-19
7.997684898071632397e-19
3.630592944616881839e-19
1.963344411609567377e-19
1.687597249000132932e-19
3.109625433911249302e-19
1.011944938562262191e-19
8.107030403987540297e-19
1.003315813919750292e-19
7.965542930055136606e-18
6.846923767631248174e-18
2.421303488397645657e-19
1.794530243033375817e-18
