2.373931979472679755e-19
1.878333638794562307e-19
1.401438870214082774e-19
1.251818036709414078e-19
5.322613321651256012e-20
1.048720676956663898e-19
1.291417949372370805e-19
2.778081155700509245e-19
2.422163850605776526e-19
3.772324133918113476e-19
2.944399792832421128e-19
1.448956828553131785e-18
2.395189547658237717e-19
2.895955937017615096e-18
1.201747610290840275e-19
2.265784419624919564e-19
1.252838178870908950e-19
4.528593841886598252e-20
2.157589996604066471e-19
7.141124990164841092e-20
2.810041782418829301e-19
8.958635597962256219e-20
1.415831434489019827e-19
9.643768453832626559e-20
2.745665199510208242e-19
2.145410172889753064e-19
2.168444644268648419e-19
9.572032782906759297e-20
1.164546085826614939e-19
1.335168267366212215e-19
9.508625980688805865e-20
2.921394943811715565e-19
2.162793618725436946e-18
2.379630927326758141e-19
2.287254155706174626e-19
1.574270482630485734e-18
7.646415127975168621e-19
4.219084085670587710e-20
3.734118657262719083e-19
1.627635580377681195e-19
2.141641138617123661e-19
5.634964036416203892e-20
1.171942639384546953e-19
8.658493734022687081e-20
1.118874076409672411e-19
1.797347412639290287e-19
9.990597029951422451e-20
1.505289534478841390e-19
4.095790770376751335e-19
3.305151048593431829e-19
1.894267968976236288e-19
1.341085519282854563e-19
1.008389456382716578e-19
8.791414840504889416e-18
1.496906997529705577e-19
6.042128430857847444e-20
1.745477258870569479e-19
1.696267019063155235e-19
2.288334430059901637e-19
2.854350440812727896e-19
1.123662388248558334e-19
3.840752951212859194e-20
4.084384738482690163e-20
4.777950209719345792e-19
1.042873632718394208e-19
6.506464933073458777e-20
5.047666743544820279e-20
1.603848656736746604e-19
1.134190098139413825e-19
1.076616523393934478e-19
1.150541276706005797e-19
6.706834704393142866e-20
1.354417246070151453e-19
1.131643516921895827e-19
3.083861291849985391e-20
3.885364519066975953e-20
1.006043392850271057e-19
1.908588361969642552e-19
9.324183599957817839e-20
8.940736629117064830e-18
8.639281652476202851e-20
5.888733333130355606e-19
2.213420547334171034e-19
2.287690839019243097e-19
1.243300768330207469e-19
4.363925277575318132e-20
4.575361295112684333e-20
2.420598861349978182e-19
4.783537171896603145e-20
4.252525431992643887e-20
6.199905479418530437e-20
2.428317983253136247e-19
1.558983029148859444e-19
3.563643467975478380e-19
2.232721326704201886e-19
1.858118512633030367e-19
1.588205393958899802e-19
3.797987539134769499e-20
3.293513346809728828e-20
6.612462488339146088e-20
2.053429798781185463e-19
7.675019698828904076e-20
1.808027072640791539e-19
1.393886604746889971e-19
1.414158282929284766e-19
1.857053926738649599e-19
5.455570544310212549e-20
1.816426628984826931e-19
6.984947897141508763e-20
5.299247703467111918e-19
6.907146916855759684e-20
2.047607199245482566e-18
6.929752523335600112e-20
2.777228131190482515e-19
2.022895975491247007e-19
1.258853005721051530e-19
2.732217845811137829e-19
5.936031670712468345e-20
1.147378356076023659e-19
5.896475950393612973e-20
1.432287108523091792e-19
8.737671831980098709e-20
4.697696934571854537e-19
2.131675144004043959e-19
1.746372680544016652e-19
4.813687706885004112e-20
7.504405639829208033e-19
1.720042946941542823e-19
9.162541736434070481e-20
7.263399757091809249e-20
7.790338178053948607e-19
5.453216198173030540e-20
1.554240421360033741e-19
4.210630283466080396e-19
3.013986250014783319e-19
6.488766184941538510e-20
1.115562388505640775e-19
7.619113954165803226e-20
8.797265530328851257e-20
7.410441790303639981e-20
7.821127115792124723e-20
8.149731995205805154e-20
9.121408868535333997e-20
4.379067403037183735e-19
1.074693385043705360e-19
1.426781821089841357e-19
6.531647280145124519e-20
2.363704598340685370e-20
1.833136497854489188e-19
2.039460583288554208e-20
3.010509091995736088e-20
6.967833378267406489e-19
1.682593810007874331e-19
1.022531133012084389e-19
2.204951330122732287e-19
3.891861822139547009e-20
1.139223414545823449e-19
3.762073113487750383e-20
3.309084952029923005e-19
1.289861401349647945e-19
1.782588726812493393e-19
4.122582497918276812e-20
1.479070884418306602e-19
7.527372346140369369e-19
1.061689055532318042e-19
2.972397590521250759e-20
1.638137506214421610e-18
2.221088228046904296e-18
1.685061363443480648e-18
2.573989597920424651e-19
6.398257511140083414e-19
2.744575841120899397e-20
2.398808140091418504e-19
2.236447279445642725e-19
5.285023915677273439e-20
3.346714273361609454e-20
2.234252771109708456e-19
6.150819555474260456e-20
3.543047210998321537e-19
6.692006136025325409e-20
6.452764672478330239e-20
3.272525803974109763e-20
8.988683547773131280e-20
5.600193761834997031e-20
1.746277663721213563e-20
2.464617686011859642e-19
1.129572282858112258e-19
1.255941108649806131e-18
1.076598581171711814e-19
1.214225399888385501e-16
2.246683546893588758e-19
1.997887885635679954e-19
1.442055927764921088e-16
3.727414973282083381e-19
8.725827264010855020e-20
1.417691627096788357e-19
2.856152038370217059e-19
1.353104237619656620e-18
1.818910419331792798e-19
1.611286130189033418e-19
1.198453017405487434e-19
2.863549394929950800e-19
4.756544637854098501e-19
1.488367074319999842e-19
9.436018594816644400e-20
1.312074024580900525e-18
8.165284824995841239e-20
2.180649428840218468e-19
3.565851674430715688e-19
1.386946902339786006e-19
7.869013328026499272e-20
2.789407079985618770e-19
7.976127414160978898e-20
1.732389099997355967e-19
1.736510688778575294e-19
1.325548280076854989e-18
2.599782187588462350e-19
2.369605065718513227e-19
3.709851488947162808e-20
1.533725497689966146e-19
1.723771694420203116e-19
5.015542608868904085e-20
1.120729250243585655e-19
9.253858821079280177e-19
1.322826228913133579e-19
2.168111184584929598e-19
5.174555593871472305e-19
3.657052974111870306e-19
1.628610742875551893e-19
4.234825455959277385e-20
3.159464106799380548e-20
4.719100271417316524e-19
4.504352983791311682e-19
2.622664638190280740e-19
2.034846599719369140e-19
5.040056292496772080e-19
7.478389763291831038e-20
4.288692927146077485e-19
6.497777709114871251e-19
1.787449931279322549e-19
3.749515549768053726e-19
3.496593252199875052e-20
3.005504851004403602e-20
2.738710331224208492e-19
4.862851985978880718e-19
2.389047549118971496e-19
4.821385148895124096e-19
5.717886498113676675e-19
4.914910798714604217e-19
4.312189643852878002e-20
3.525247618453418015e-19
8.315768117223817581e-20
6.579711264712100342e-20
9.073357057060206699e-19
9.787395163918999901e-20
6.980078259261919457e-20
8.199469396469585431e-20
1.009700884763604207e-19
9.731483000101074253e-20
1.267885659272855701e-19
2.805832226527424100e-19
4.462961333959059814e-19
3.045427308348212096e-19
5.103243975526045342e-19
2.184355972805444626e-19
2.381068706069141929e-19
1.047519607886537262e-19
2.440577592373347440e-19
5.938800643698426099e-20
3.270357766231800226e-19
4.730804801793541084e-20
5.987137348326281604e-19
6.978349871994010793e-20
1.634011551797038398e-19
7.512035691087854306e-20
1.437222973480057945e-19
9.918680716470343425e-20
1.002517390363195072e-19
7.483936532386213716e-20
1.558736374436343615e-19
1.540918162518835300e-19
7.406766149777519004e-20
8.354827135825810504e-20
2.583961315548454837e-19
5.070094433957720069e-19
4.873274435426834794e-19
1.638527371327627642e-18
5.424689064943128953e-19
4.799423681191728265e-20
1.954630564890376992e-19
1.267850491269566155e-19
1.674451678140886688e-19
6.410059456006542645e-20
7.763807346129458837e-20
2.623967247614297002e-19
7.412242273551085558e-20
1.405264092582454516e-19
3.027662800943750910e-19
1.176917337665421545e-19
1.171345351421747599e-19
1.083817713664168827e-19
1.636051950083750001e-19
1.477783325666215818e-19
7.939022904032031696e-20
1.190785223731847106e-17
2.721144388864686962e-19
7.197240664796623969e-19
3.106710357123011488e-19
1.858642174084539421e-19
4.072921740056553200e-19
3.583465174283592323e-19
8.846563577434844372e-20
7.656215084530541545e-21
8.141874378023283782e-21
1.566774708981312466e-19
3.507202617079871686e-20
7.750347338072193698e-19
6.012661393201188299e-19
2.915547712763470049e-19
5.124618512409881637e-20
2.881971780675577634e-19
5.198498149094773081e-20
7.989023076703112635e-19
1.492473964902355924e-19
3.805737320067181680e-20
6.147415790907857586e-21
7.745144459340091747e-21
3.383341863868540376e-20
1.648420267167992265e-19
4.212951952925580040e-20
6.931676605489949019e-18
6.801683067911909723e-20
1.787678388844260579e-19
3.939585293435127576e-19
2.788619694088140702e-19
4.181242646953637384e-20
8.699114721082378930e-21
7.424895816520202480e-20
5.520594777074254753e-19
9.535575424428796726e-21
6.900997812648174084e-20
1.235898545341181454e-20
5.538199570971629114e-19
3.390709586651764361e-19
3.077867514349331510e-19
1.757815458980561137e-19
1.462891677102272272e-19
1.250389809129603647e-19
7.570965864597015743e-21
5.344713104187502046e-20
2.208023168706001537e-19
1.466519085351885687e-16
8.109268728405864682e-20
5.538659157070610534e-20
1.559609192113535097e-19
1.582291019692021295e-19
2.765612261856586369e-19
3.275350033470449266e-20
2.705108174594348937e-19
7.083266285082338986e-20
4.633220662696842974e-19
7.004370197563958659e-20
1.038831713985610556e-19
3.871523414329450246e-20
1.427560663568362247e-19
6.196882495841732077e-20
1.874743247015640735e-19
1.888968524312417827e-19
6.019585774941273921e-20
1.212296487525207355e-19
1.968942059806976398e-19
2.133029489772085590e-19
6.986099559604567286e-20
2.220012633458139501e-19
6.530113533639129106e-20
2.600780531756526298e-19
2.889984111433656646e-20
1.334544577924022837e-19
5.269131067112717099e-20
9.680954068080861844e-20
5.807363199259725225e-20
6.378564303071192502e-19
5.529974311990447196e-20
2.314648112957783767e-19
1.989837265857571669e-19
4.731761891068984794e-19
5.188014319911148434e-20
6.232438882486873739e-20
7.458387696325949493e-20
8.921093650160052182e-20
4.448992194082374114e-20
7.656139362495223620e-20
4.892838383532893835e-20
9.249799549312101204e-20
2.250943772851203201e-19
8.592580642001933660e-20
5.272123068102016043e-19
6.393861281512917271e-20
8.536664436120716358e-20
2.501371583964462605e-19
7.365637246909521501e-20
4.675907391381250941e-20
5.587813484370770344e-20
3.440361437594824370e-19
1.637994243721168210e-19
1.959694596716702920e-19
8.735581194932801322e-20
1.824923794585706801e-19
5.727205998628482019e-20
1.708410148687376688e-19
4.770129561452020420e-20
1.051239321227231518e-19
6.276028801053567169e-20
1.798309980020548719e-19
6.036532507914514859e-20
1.700721381911360415e-19
4.616712801364864454e-20
1.398016675940736112e-19
2.132362424955357909e-18
1.438062358709612182e-19
1.816699472722868907e-19
3.531903757718123864e-19
9.912204338723296810e-20
3.711840345952493421e-20
3.829976316129300720e-19
1.793060171874602664e-19
5.094882923293989097e-20
2.635887950702184081e-19
9.363723030341448356e-20
2.089427858004002533e-19
1.018760043437090227e-19
1.448372329345425296e-19
1.181892807869666073e-19
1.439898643135940076e-19
1.257006274877751956e-19
7.463720612801204221e-20
9.684200259352686820e-20
6.516697347601526564e-20
9.613137902218690566e-19
6.211082924769816050e-20
1.221660057081722189e-16
1.774465130916966997e-20
2.080517750336124777e-19
1.450885582849995990e-16
9.436438183518823260e-20
5.034080266481843465e-20
1.119714595388615210e-20
7.230722188433981773e-20
2.814318127343591284e-18
1.894138024910767756e-19
1.272618503795897209e-20
4.605593446122316526e-19
5.694977714439299991e-19
7.273145012702222717e-19
1.175535147812624578e-20
4.838955693839847292e-20
1.004278659990275160e-18
4.710693664227020565e-20
8.568406322890474084e-20
9.027419575914202351e-20
3.887521448760686137e-19
4.035367932559238986e-20
4.540201144842971725e-19
4.601565491008398906e-20
1.368267487148502263e-20
1.808330356086374302e-19
1.014592031797303325e-18
2.053347854099561510e-20
1.871550432180571971e-20
1.585618118110873982e-19
1.597158251486066735e-19
1.361461328027063253e-20
4.462710198239858715e-20
1.005849739356657903e-19
1.243752186327825128e-19
1.187230918865752784e-19
9.133491191701875786e-20
1.253502214323062956e-19
2.748645184983499573e-19
8.547888705732142570e-20
3.768046694819644646e-20
5.803580323057253759e-20
2.717561394819908443e-19
4.787680295652635680e-19
1.466826569996356345e-19
1.178368982845739328e-19
3.757245162370536015e-19
4.444022491322061124e-20
3.223386493857277612e-19
1.008816653520197305e-19
6.919177629605235610e-19
2.159212163607268308e-19
6.422848657318187870e-20
5.520774480901319024e-20
3.264964693806818677e-19
1.177994056063336408e-19
3.289900209225261995e-19
1.167948986266999396e-19
4.262551871891658509e-19
3.663952097012237063e-19
7.921007525452537180e-20
1.850253317713105013e-19
3.245464247122107835e-19
2.567918845858692148e-19
1.011158095581341415e-18
2.789497670292471233e-20
9.313591197777784416e-20
2.336924216915805094e-20
2.877740418741333436e-20
3.797987113528185441e-19
1.310357306331862316e-19
2.985490066687106284e-19
9.427679794175970124e-19
1.372343762100406017e-18
7.335914106344647380e-19
2.814795380588425259e-19
1.864424459276829456e-19
5.181358837173557728e-20
1.798034804458168955e-19
7.924203618650386008e-20
6.908391878241812413e-19
2.417247935794479476e-19
8.606510984159298840e-19
6.865979744186376330e-20
1.266726103710533432e-19
7.391071791858502373e-20
1.485367083659320340e-19
4.906088974035995751e-20
4.958763827303127754e-20
2.132990767417710075e-20
1.390128256729500635e-19
1.194557809580728710e-19
7.287497372178384521e-20
8.229326867323658737e-20
1.715006704718915559e-18
7.288261634549032619e-19
7.005332852276839030e-19
1.434549444326280723e-18
1.446967072974808335e-18
3.942187170345265799e-20
2.020106799971683855e-19
1.247434701812419699e-19
4.772341340023244343e-20
5.265143447878511267e-20
3.966988296414720334e-19
2.733147185435460492e-19
3.787352910557030891e-19
4.005131954675164328e-20
3.153639996981952452e-19
3.354322694200926512e-20
1.153750235003143285e-19
4.831628858355136326e-19
1.792709110209417342e-19
4.700595594730652167e-19
2.672650770209776080e-20
8.901708712979083724e-19
9.117004534735211943e-20
1.619486595510459186e-20
8.833627824058712896e-19
1.838101293543468830e-19
1.158095563227674857e-18
5.162113336775768603e-19
2.978171904118426877e-20
4.020077616103543823e-20
4.275084565786571676e-20
6.984637548377222014e-19
7.376409099821537999e-20
1.743943854198289276e-20
1.352938575093167848e-20
9.768339316088879861e-20
7.970100624534952193e-20
1.029271164843162814e-18
8.085002472751812624e-20
1.797649458524817788e-20
4.747324200256124850e-19
8.004292441663226790e-20
3.227846702980315042e-20
4.066772097010741359e-20
7.115903025079954598e-20
1.806261732859167607e-19
6.552224504094371699e-20
2.550310758360921386e-18
2.289768364435045220e-20
3.005917648694310207e-19
1.120182645400151998e-18
2.766240622181759622e-19
8.794061728669247116e-20
4.567676846069743770e-20
3.627578525918688942e-20
1.335422201098058936e-19
5.006880409860306691e-20
3.371617877367989387e-20
6.489378920322762748e-20
1.339680769887402393e-19
3.121167913263037409e-19
3.372583084974308086e-19
5.917638602535120042e-20
4.924785599944707162e-20
4.209403760172375976e-20
3.975315487942118894e-20
2.611264449099481602e-20
9.256351643810410079e-19
9.860665934569289590e-20
2.207177368499786200e-19
1.422196884758974197e-19
1.370280597238258595e-19
1.390208966728428644e-19
3.753400161832468534e-19
2.227874553473170493e-20
3.671285957302166223e-19
1.017664561833795843e-19
8.226736213994959566e-19
1.006329430680543601e-19
1.037506566884864891e-18
2.659856918144924931e-20
3.259794102578434865e-19
1.591213095240349030e-19
2.544341339454085765e-19
7.456875736323183196e-20
8.648438267777664980e-20
3.299623505883500697e-19
8.254089146420742856e-19
2.894879134911477197e-19
1.097190029178778506e-19
1.908148659160995409e-19
1.676778957016741422e-19
3.529695830258032051e-19
1.965750834570434824e-20
3.105044244032157483e-18
1.352988435742258634e-19
2.634958026450110886e-19
9.120655873401730780e-20
6.336073858840793506e-19
7.945005395344192367e-20
3.141366098777976615e-19
1.710307974635359830e-19
3.583570569259499849e-19
8.147947985106361151e-20
4.281879225408082554e-20
4.061802543437405824e-19
1.281708253675178160e-19
3.026179308015722485e-20
4.169497162344283228e-19
3.328080973800480043e-20
1.328933972908187802e-19
5.139965973589338676e-19
1.349493193574346718e-19
6.157826297678455919e-19
3.482066509954791500e-19
1.518189259718511445e-19
1.247598526023669878e-19
1.309929825978054583e-19
4.367441906333981420e-20
8.930731250844789561e-20
5.299506363412184662e-19
1.650543720770445521e-19
2.406855494207119192e-19
7.755329123482524209e-20
1.838905430580229947e-19
4.229466464245652484e-20
3.890686775227904490e-19
1.339356767926270356e-19
1.170102345511489424e-19
4.634764900905029962e-20
6.453672934551193646e-19
9.647897100710661173e-20
1.713751442322941453e-19
4.312152331193403724e-20
9.441277716931966648e-19
1.018190027910026681e-18
9.711719707282931314e-19
2.012234685854458862e-19
5.690308118306441023e-19
1.762819925720707454e-19
1.823751962272690816e-19
4.057244622508335882e-19
1.754230105424693877e-19
3.762504171927826688e-20
1.689706801810943495e-19
6.914986565316178497e-20
2.325678261895097430e-19
7.523409215352924529e-20
1.285845080798340744e-19
2.101918120916177712e-19
1.450930412658076652e-19
1.115952923385847375e-19
4.521862924935806227e-20
1.471614525173746507e-18
1.582474208195180598e-19
1.558572191481571157e-19
1.508260704638561568e-19
9.788333296542308399e-20
8.108664166892655904e-20
1.128103664694370455e-19
1.162496193418073809e-19
2.920953113555131900e-19
1.222444707613102886e-19
5.116690916367861243e-20
2.238196242989915122e-19
8.914531340199833070e-19
1.027044372485443786e-19
5.815406501970438509e-20
1.781217852207275122e-19
3.955360474540638049e-19
3.088611208589690076e-19
5.371770661430436651e-20
9.370227392701033043e-20
1.628230873082524434e-19
1.143915518662432739e-19
1.302058080653430229e-18
2.794345578789381457e-19
1.949213184658847357e-19
7.814147831407045361e-20
2.074576916949418996e-19
1.117415512555892526e-19
6.252487778123812309e-20
9.805175184636295868e-20
1.644951879961164585e-19
9.383057393806722311e-20
8.552308896660341702e-20
9.606398944106383937e-20
8.660152389025254714e-20
6.221386091412267694e-20
1.980936742326898224e-16
2.831526942908753015e-19
2.815925711255411839e-19
3.342125769573540493e-19
3.151848005168634679e-19
4.489027442641011474e-19
5.074596897078580975e-19
1.338613538674480194e-19
1.672585001713883188e-16
3.759657247929995147e-20
3.227820095857407376e-19
4.065951359588248214e-19
1.456784289548630140e-18
2.005539044907570375e-19
5.826580449424966949e-19
2.401530211702200462e-19
5.951072619040643062e-19
8.477788727350253153e-20
2.200473156323843640e-19
2.564633287106713085e-19
4.160829722801849585e-20
3.576450852044641565e-20
1.461871798974445804e-18
4.218618511010791530e-19
2.371772704950563601e-18
4.182645224754287975e-19
6.610189201961469050e-19
5.681905420995144303e-19
5.131362313649830306e-20
2.897527361823567237e-19
8.004041806859789873e-20
6.333063079373593741e-20
7.311084496250075542e-19
1.225409104937379161e-19
7.421928679522484457e-20
1.026596380937996273e-19
1.264173599543548100e-19
9.366686958745837376e-20
2.202046402029818177e-19
4.404038654345734146e-19
2.118095598706294193e-19
2.793568828443111661e-19
2.759558488338473266e-19
5.274114461913811260e-19
6.169098162894175736e-19
1.251148369491726350e-19
2.660255173200577053e-19
6.314736480346052224e-20
1.552092853268280016e-19
8.083020983305335613e-20
3.237520245878314480e-19
3.930132750197444301e-19
8.192875221868498033e-20
4.230698952008874203e-19
2.496149123952879830e-19
1.184678655415209096e-19
1.197398109683758216e-19
9.370096756047889832e-20
1.747972081270595996e-19
7.726108312235370088e-20
4.171412261101861960e-19
2.313766607358803231e-19
2.339256238434695086e-19
2.741633008142329123e-19
2.635203391955952169e-19
2.091253166787041884e-19
4.630712574261276372e-19
5.890966993406313941e-20
3.394775523514364085e-19
7.140399706941909398e-19
2.096460087496780596e-19
7.867913147382401680e-20
1.326518855001429228e-19
4.435431384159156401e-19
1.266450685256385948e-19
1.759429741061545178e-19
5.117819446933563359e-19
1.473533250859763815e-19
3.243896870329116847e-19
5.963852903962779683e-19
1.937551823040232988e-19
1.504896722297490729e-19
1.142637003383921536e-19
7.972475621718626275e-18
4.221642764610028232e-20
2.703221179155869335e-20
5.907830043925598922e-19
1.021703963508121947e-19
7.745211705138392299e-19
1.135634547847329046e-18
1.273256295964545678e-19
2.764263908393047486e-19
2.939610400354904966e-19
8.621388800173233099e-19
6.474123619376784498e-20
2.910963249091665678e-20
2.258303477427702051e-20
4.523244322069416041e-20
8.267654280783161901e-20
3.191412312154560467e-19
8.386845844608094319e-20
3.000607786723071026e-20
1.519856895721401142e-19
7.025204005323498070e-20
2.219514396222566649e-19
2.796371713420449842e-19
6.245482757861055017e-20
1.952199435735716953e-19
6.796843543376102320e-20
5.511628541501775740e-18
9.789434861989013999e-20
3.423432575924041798e-19
7.491654413099811682e-19
1.886614034577679850e-19
7.718368379163303242e-20
3.140801112947456266e-19
5.173889730685923317e-20
3.036170761328372125e-19
3.442803879003632532e-19
4.808821914363285848e-20
4.462191442642227821e-19
3.045852899331395223e-19
2.211476654156636470e-19
3.645072403231811148e-19
2.529964975326362558e-19
2.105491043929950407e-19
1.799644215461359712e-19
2.733484817252155616e-19
3.724356129239012723e-20
1.548060414516092469e-19
3.645551491856601146e-20
1.145588452273111807e-19
1.817198360606088922e-20
1.551224191636161492e-19
1.573784073834975692e-19
4.784311669576293742e-20
7.030849280969452046e-20
4.679643920326649761e-20
4.045364612382454903e-20
7.153563680801212676e-19
4.000305817801424553e-20
3.617379207327554086e-18
3.060711975425421722e-20
1.276748257520151452e-19
2.033157194361127074e-20
3.243171907306791632e-20
1.237619566942403886e-19
3.437879968798220687e-20
1.712599376532358367e-19
1.380438984727340361e-19
3.689988658285890925e-20
7.482448282560531216e-20
7.469943806053721143e-19
2.142488149456187645e-20
4.499164550180579615e-20
6.203624804753213478e-20
1.064052061306071410e-17
1.728767931991713588e-20
1.367618901138570721e-19
6.219965007049810395e-20
6.335279344803657136e-19
3.158255173354702768e-20
4.004175903657889763e-20
6.695445032668138138e-19
4.550621197099272643e-19
5.556612600023659425e-20
4.927181959724416932e-20
4.667512963471817179e-20
5.094976682171682316e-20
9.550183415254490068e-20
4.791267386407990133e-20
1.050294132817070035e-19
5.282705783237857535e-20
2.013146350348398640e-19
9.203066706817667696e-20
2.950162530249339236e-19
4.001324633848574324e-20
2.801033774914535087e-19
5.294081876147583653e-19
2.416798605209961270e-19
5.888213505755715111e-20
1.474152731320395732e-16
5.640004808653531844e-19
2.295702074779130455e-19
8.242956288318525920e-19
1.192519050251983949e-19
2.557689904957551210e-19
3.406088311190475657e-20
3.567564911300345516e-19
7.851858980457415400e-20
2.373713432076516391e-19
3.732484626025755026e-20
2.221142447468587447e-19
1.592531838998664073e-16
2.383616194038208573e-19
5.813671741937838414e-20
2.922833505340934012e-19
3.642895753752566106e-18
3.006557015478857708e-19
8.851349794012733542e-19
2.365351390769914493e-19
3.252373259412685996e-19
3.356531427830707707e-20
1.392863033092789196e-18
1.951321847732134553e-19
3.030032650488151716e-20
5.291902404517171461e-19
5.568800488494525353e-20
4.717958006088425329e-19
6.058777485374103471e-20
1.977214287246467211e-19
3.878003754210936325e-19
2.018064663651866024e-19
1.715975040043723871e-19
2.108953218473630435e-20
2.342552559130813697e-19
9.095484811204541626e-20
9.595504822868224556e-19
8.668932649475844031e-20
5.664775010982927859e-19
1.543263807604521286e-19
8.768508002591486201e-19
6.727682014223594259e-19
3.090869077584757158e-19
7.026166501198973008e-20
9.738230297130754958e-20
2.368395276500677549e-19
5.806682564548159302e-18
7.982995783986754730e-19
1.106804548354871402e-19
2.391940750356665952e-19
5.859887115065726365e-19
1.318768438967822582e-19
1.022370525392498513e-19
2.640396634578576695e-19
1.002436542933210935e-18
6.574809353235283144e-20
2.072648398609363154e-19
2.956896603880664521e-19
2.459006071284148949e-19
2.201915574879041751e-19
3.254180928409595207e-19
6.422496979491307943e-20
1.189991088157958685e-19
7.621352519636487068e-19
1.012730997243653067e-18
1.785809916713767566e-19
1.627699522389820392e-19
4.480331736593419328e-20
6.731350841538374460e-19
1.184071727524807861e-19
8.803734468297043259e-20
1.630733697869528873e-19
1.596327677624028455e-19
1.924797900514739291e-19
4.800412147669287201e-19
3.989793817883072304e-19
1.036012698788453359e-19
2.436940934036436917e-19
7.433349039429024025e-20
5.207769453609370222e-20
1.533415917350983739e-19
6.949398034621656050e-19
2.934311131172867223e-19
1.039360427897917861e-19
1.105357785950143977e-19
4.816198309421943750e-20
1.214951045330874091e-19
2.027892389776552453e-19
8.427729688797900645e-19
1.218360809409663857e-19
5.763462066657064006e-20
4.953997205428303185e-20
1.532145329966619437e-19
3.749457598623040629e-19
2.862560201036378940e-19
3.717484972714860582e-19
1.254015827021283427e-19
1.077911555610476012e-19
7.107815992306584549e-20
5.274937710932226628e-19
8.005441394630751198e-20
6.334170479591214635e-20
1.513992223579147076e-19
5.919578665946782098e-20
1.373205166554135499e-19
4.959174867114700613e-20
6.106838148794144983e-20
9.368324818821828340e-20
2.787638699006871441e-19
5.679960012882157412e-19
3.638744442226825090e-19
2.583008418071814671e-18
1.101085026833705173e-19
2.905654702390866571e-18
1.211781750279297713e-19
2.301306625632444268e-19
3.645383721944801903e-19
1.168352477458323766e-19
2.666390151180829958e-19
2.099492889938370931e-19
1.291795438245609427e-19
1.793643447239859967e-19
7.187834838206822407e-20
1.930816574105307001e-19
3.159952437881879891e-19
2.179045191946265051e-19
2.202440790019524788e-19
4.526408742310895078e-20
2.906455437681058977e-19
6.778327386484880077e-20
1.903759171362717325e-19
3.649116734247007214e-19
1.759911852368583221e-18
1.093932622589988741e-19
1.051466388484170905e-19
3.207173435219268628e-19
7.377056627486101508e-19
7.676507085974227423e-20
4.297551411753496331e-19
3.258752810420056969e-19
1.012736102412856448e-19
1.025266159109593654e-19
3.445514876426604815e-19
4.335834014491553783e-19
3.289493142038178739e-19
8.499269931532499902e-20
5.002899090557711202e-19
7.118190945544352111e-20
5.116055489798072361e-19
2.557854856444507251e-19
7.726012045014558478e-20
4.588271717942359512e-19
5.455696420728637213e-20
8.129717216835327873e-19
5.549035070526587799e-20
4.034520522426292716e-20
8.855008738877658115e-19
1.416448475070576699e-19
1.160898617995516840e-18
4.863689053392876082e-19
6.079358357896443136e-20
9.252479252129013858e-20
9.839394913070325120e-20
3.697653440977106355e-19
1.294866054037640187e-19
4.344572711640426681e-20
3.370486956747606033e-20
5.945467860552629351e-20
1.011664823835239478e-19
2.417291592275593398e-19
1.026249603063336322e-19
4.478365954156474923e-20
4.633883712173843887e-19
1.405085649269448294e-19
7.429106475144483852e-20
9.359949743258832039e-20
1.249136422113947213e-19
7.784419583213151261e-20
8.316902584966215632e-20
1.710638251650039979e-19
4.674116502383647559e-20
6.086997935929460936e-19
1.122893935732956180e-18
2.431322073205587272e-19
1.543722949129941785e-19
1.051281574251122815e-19
3.499651190262171563e-20
1.356680699563036411e-19
1.152367231034335377e-19
3.252717048944365303e-20
1.493574242919370796e-19
1.361007060229736641e-19
3.030345248969729677e-19
1.453477164194254503e-19
1.207970757080341103e-19
1.005299138591361815e-19
8.592678581037183610e-20
9.149456200923278477e-20
2.519177647592353543e-20
7.343136802160874747e-19
1.932174079214458778e-19
3.542046612091228512e-19
2.177117482980931658e-19
1.510030101130408380e-19
1.531990886284379977e-19
1.371557851509786590e-19
6.163292739417078031e-20
1.341551889691682086e-19
5.439744713472986724e-20
3.267671886276081982e-19
5.379154788187296359e-20
1.397098653722283581e-18
5.316572839702075631e-20
3.656982489997498854e-19
2.435849695580693296e-19
9.297466804992766291e-20
4.323326702465441534e-19
4.622868684959112820e-20
5.295188518598827556e-19
6.548034053992373923e-19
1.057839301824198986e-19
1.136194779355090398e-19
3.515214000852797818e-19
2.566835029338682836e-19
1.289812388953548291e-19
5.438141850187847829e-20
3.290063957363957097e-19
2.071172289358998758e-19
4.228542881868133249e-19
9.444892235677638558e-20
7.424637362759883404e-19
4.246861168080683449e-20
1.147909935385654100e-19
3.150749554729082593e-19
6.997504773572920417e-19
8.437604896996566482e-20
8.558702025433116558e-20
1.175162354716762653e-19
6.851143253509795144e-20
8.371759050881451106e-20
1.206320605417390874e-19
9.206953448092167888e-20
7.103579926823307209e-20
5.766243196075251024e-19
1.397467239528261562e-19
4.289495479220959164e-20
1.007432891027693419e-19
9.207399953990116818e-20
3.544914303319418739e-19
7.944363815139113092e-20
4.238225272351915001e-20
6.694447357391780188e-20
1.303996432693552607e-18
6.835736698888873584e-20
8.775121170270483166e-19
9.715424888518156129e-20
7.615837847503788083e-20
6.388086601406211151e-20
3.183757693626895557e-18
2.179742481514484028e-19
8.577521616858996664e-20
7.000239820891851025e-20
1.214391020198437608e-18
7.232032566664772092e-20
7.097511856027892255e-20
4.184571513542089217e-20
6.133174607276110747e-19
3.228309980920964829e-19
6.308857178818962642e-19
2.936598604910335027e-19
3.981938131027804569e-19
1.069101760473729970e-19
3.521529857610272162e-19
2.204984010943473993e-18
1.308173253854686538e-19
5.682797745675933531e-20
5.450524970506414496e-19
1.044423295473010360e-19
1.704855617270313363e-19
1.136318020529900522e-19
1.610831868236331705e-19
1.274755481632302657e-19
6.009036988557419216e-20
1.398000862845257222e-19
3.774154360229302826e-20
1.978965350175630242e-19
7.687322084346036780e-19
4.139493765966025082e-19
7.326808717434270063e-19
1.039111617849028283e-19
4.040777369194679430e-20
1.421604792864193018e-19
1.234084765700281417e-19
2.034990342159746116e-19
5.938375582401340942e-19
2.549792226497791757e-20
1.559322440749175724e-19
1.457324339991911375e-19
1.294252689804944922e-19
2.897982022954429207e-20
2.820476264503481490e-19
1.596084670891497653e-19
4.381027818236499274e-19
2.676905699194993427e-20
1.032011502067629226e-19
4.324503918083807069e-19
5.556897536591816274e-19
1.750952971346283525e-19
1.946784506435330938e-19
3.237163758065485089e-19
8.606291078005907276e-20
1.666249888851323218e-19
5.428166160672286578e-19
3.115792021349937778e-20
1.235620845281849895e-19
4.368914118723280637e-19
4.675843664305737172e-20
4.261858122708464857e-20
8.017941512792749177e-20
1.091328264278622452e-19
3.100293168613879729e-20
1.986368915541019859e-16
1.838552568821045592e-19
4.334732838106327147e-19
2.170091983182813688e-19
3.962558380178304377e-19
4.597538475973137320e-19
1.490530970476388516e-19
9.727714722546125059e-20
1.677171605238627912e-16
6.242361343253535897e-20
2.757966616194689028e-19
4.338113206373999312e-19
4.676496143512815819e-19
1.635631864877666609e-19
6.804532562885070310e-19
4.259099119893171898e-20
1.747972937779684106e-19
1.365547600386953581e-19
1.803264845140241332e-19
2.191315742069914659e-19
6.908449601829603544e-20
5.938173900597415156e-20
4.059703469717177411e-19
4.320593083390382000e-19
2.943526485111257425e-19
4.283750232731812157e-19
7.719664743669469141e-19
6.635574809614338168e-19
8.519877114487559087e-20
2.105635328065026834e-19
1.331331630076739116e-19
1.053393697371150543e-19
9.913623751826008870e-20
4.149549148982917267e-20
1.351367142617925076e-19
3.476318334592265460e-20
4.280815658229158378e-20
1.557983693503224441e-19
1.405007868321631597e-19
5.916501226603661319e-19
5.573791820764473929e-19
1.803780619435693345e-18
3.044261897886946110e-19
9.664310874716955471e-19
1.140183853282984895e-16
1.251528015615406381e-19
3.674179739277604910e-19
1.149772217210183161e-19
4.084349382481923591e-19
1.266271433914221233e-19
3.571534928436728346e-19
2.658294769392847282e-19
6.212856340614731427e-19
2.861594152115086538e-19
1.592659063144689652e-19
1.185038132093036304e-19
1.197761445929021762e-19
3.172954800424155536e-20
2.093711219238267962e-19
5.858895652142046831e-19
2.821493343732773225e-19
3.126868421768257434e-19
2.160357354734431711e-18
3.024487047455956680e-19
2.907077097012038723e-19
5.916039685763075360e-19
7.013182066179031143e-19
7.330532839581751675e-20
2.166024438597992481e-19
4.829680929068956404e-19
7.099150917761118446e-20
9.790582050522455889e-20
2.078100423228195214e-19
1.721473084866955402e-19
1.983998715967048946e-19
5.957879825848349783e-20
1.986320533008308334e-19
4.989761070377969382e-20
4.383864238961826571e-19
7.379563925579209261e-20
8.179167514113996366e-20
1.011562126168521715e-19
2.863471972898108723e-20
8.391905974241033048e-18
7.722728756555863855e-20
4.517634997382259454e-20
6.699792619941376443e-20
8.228569641664909621e-20
8.783480878114321117e-20
1.040776895441788295e-19
3.190806622762153030e-20
3.827255569652726216e-19
4.070031172930856312e-19
1.066795087046433929e-19
7.605368740144059753e-20
4.864814448626315849e-20
3.774086598242526124e-20
8.274454032872255967e-20
1.495877123435873875e-19
7.892951909039396693e-19
1.517442603507600195e-19
5.014628789994460406e-20
1.021618061976156022e-19
8.252741232081292429e-20
3.073023819858584626e-19
3.871710361124458233e-19
7.336776701572705825e-20
8.241000842386029667e-20
1.229761480440859519e-19
6.051559347307746491e-18
2.453252631833325079e-20
9.043230307037125222e-19
8.495933460314253291e-20
2.301861797233203035e-19
9.067024518981223334e-20
4.348589335555737649e-19
3.298752702931881782e-20
1.222649155679598751e-19
4.766726607083822655e-19
3.065993887314827380e-20
6.178117436564559596e-19
1.226548099047784295e-19
2.217875111835229185e-19
1.538728277230088335e-19
6.340144575929494989e-20
5.276404121016918737e-20
4.509945640566950654e-20
3.784640446096626998e-19
2.374563527154914456e-20
6.259332929851034494e-19
1.473113713844209837e-19
3.271262820795755966e-19
5.333749204572255783e-20
1.487337800465700116e-19
1.508968565218638674e-19
2.333800721832785932e-20
9.187499915377811076e-21
2.282743498637062330e-20
8.266764956540249341e-20
2.334202582542892999e-19
8.174686615100654361e-20
4.374124520144128738e-19
3.873004248205268269e-20
9.679440813754787992e-20
5.967620708493874132e-20
1.582028400539083438e-20
1.177779098216909471e-19
7.025360721221872593e-20
4.890379836015192595e-19
5.581582678383349547e-19
1.799986871470876698e-20
1.271930622521566276e-19
3.389325266933510951e-19
6.288523427434735412e-20
2.194705153016432436e-20
8.106531670786523434e-21
6.691224301679656463e-18
5.074192659449337011e-20
3.905277550096643987e-19
1.057322906182788836e-19
8.184994730867312764e-19
6.453943140498312471e-20
1.953248295617341410e-20
3.037913217525894506e-19
5.730435807237320830e-19
9.445605845257791793e-20
6.234822751997295285e-20
5.852593597889005029e-20
1.041166340399797804e-19
1.247961744209010598e-20
6.007769244760266849e-20
1.372462539127010162e-20
1.079529071641922631e-19
1.526231254505261351e-19
1.564416073919635097e-19
1.001534040041439629e-19
5.017260180830586287e-20
2.251275572134389051e-19
5.138604636557871335e-19
1.942454143682601893e-19
4.985673536648220913e-20
6.830194408395018489e-19
3.781857714811503658e-19
2.033539973764233905e-19
6.450423504435667475e-19
1.225509461075087703e-19
2.265609601247944362e-19
3.213151941043234227e-20
1.326027534091993857e-19
1.451912889897404701e-19
7.303847185489834956e-20
3.521059680580310052e-20
3.890575092126579726e-19
7.378680533445749259e-19
2.111414571577101631e-19
4.922557466064703000e-20
8.500252249074045575e-19
2.962783538662856535e-18
8.743738904762847991e-19
1.329083617714391256e-19
6.070333227459961627e-19
2.614030768194608900e-19
1.581414211453128358e-19
1.067398671355688057e-18
1.441508977989916562e-19
2.858397787383694552e-20
1.002972395197792571e-19
5.253358240918515511e-20
1.451701955188555484e-19
5.715580706912042716e-20
2.031912878105688686e-19
3.116868921284933086e-19
1.787607899240123562e-19
1.763446584855752203e-19
3.403557817282468419e-20
1.258598805906338664e-19
2.910366316905318626e-20
1.248097389238064782e-19
2.773878480394514074e-20
5.419291825315274184e-19
4.008773396424953065e-20
6.188046460807951514e-19
6.436137723442687784e-19
9.978716898960169971e-20
2.248227416846176351e-20
2.529597230948700100e-20
7.646246209658995921e-20
1.370833165064623612e-19
5.633700601418665317e-19
2.875029276669308101e-20
1.482351402904547443e-19
1.211210274759430228e-19
2.416941219387724010e-19
2.655703932980942543e-20
2.543196473217654433e-19
1.303879738698095368e-19
2.103802499692813365e-20
1.113585601051078695e-19
9.546193439121096185e-20
1.720215213408218305e-19
2.120857090567070103e-19
2.150986090272436367e-19
2.055065702106566835e-20
3.091114165111624983e-20
5.378484398003427474e-19
1.317269843529126266e-19
4.638809806799088783e-20
4.228103134783031362e-20
7.230633649208058455e-20
4.750399011910300018e-19
3.075738067186432054e-20
1.980044238849911157e-16
2.179878743959541849e-19
1.322281553020159540e-19
2.572968250568242162e-19
3.794712474171616485e-19
1.080812837571810221e-19
2.338549278452432859e-19
4.828497699550906851e-20
1.671831424934933403e-16
5.365539924798022138e-20
2.595006293652489474e-19
3.443016686625505831e-19
4.646365191696072614e-19
9.238496375442666744e-20
2.113890964364001548e-19
5.711000405748105186e-20
2.742459521718341894e-19
1.028489511575307573e-19
1.245968849754639295e-19
2.061837191451272422e-19
5.938067362462895369e-20
5.104079592970795135e-20
6.739380714316736779e-19
1.015707099539592962e-19
5.671824307519622495e-19
1.007045893946071647e-19
2.398185238846553017e-19
2.061402675903630874e-19
7.323148773110133817e-20
1.045163805440419557e-19
6.660560683270034948e-20
5.270056300179880246e-20
2.556448686294890116e-19
3.440487633005284881e-20
9.130516132840215241e-20
2.882296319224490505e-20
3.549323746393720705e-20
7.794485385677500946e-20
9.319664742680872602e-20
3.151940005937208762e-19
5.684401979834661019e-19
1.035267172689637560e-18
3.584640379546030241e-19
1.041835438975742905e-18
5.846960442657013239e-19
1.466658514562602461e-19
2.939973955042030496e-19
7.768439417575214547e-20
4.165402021228053775e-19
1.891703701504661176e-19
4.205508182564651532e-19
7.264324367386348719e-20
3.395048367612190719e-19
7.819880762707120282e-20
1.056438818070937486e-19
1.388739400820346461e-19
1.403649779444055396e-19
2.630770563018863613e-20
1.358659107594165906e-19
3.201624668154947714e-19
7.710297249683003632e-20
2.769571282773573798e-19
1.747931291160418866e-18
3.561355350290303791e-19
3.423104285356001934e-19
1.676596547114494902e-18
7.359506204127738405e-19
7.170190454248479247e-20
1.436762173887396770e-19
1.319807316468151190e-19
5.886071006866328780e-20
9.576430458252741606e-20
3.104508367978764775e-19
2.499283314291682922e-19
2.963928281295814783e-19
4.939816621954485637e-20
2.883796330377314695e-19
4.137126863166429967e-20
3.882934254374999851e-19
2.200095349568869108e-19
2.070583790518223261e-19
8.861592977964276333e-20
3.538439900521200170e-20
7.167523424058619270e-19
3.974493811760733192e-19
1.364927005377781219e-16
4.491273617499573208e-19
8.325506751339716826e-19
5.888095076296894208e-19
1.288144054558602814e-18
3.942932766826365770e-20
7.004034524496183010e-20
7.448323826874722122e-20
3.180473715822668644e-19
1.711650709062040624e-19
1.469821404546775184e-16
1.140276432593714421e-16
4.258438614904312617e-19
1.296810169145244217e-19
4.837233197695143038e-19
1.315505778177140178e-19
1.515085273904280974e-16
8.949686044948857224e-20
1.857347206195933886e-19
5.623759515710028580e-20
7.085388614543410975e-20
1.651201864439518555e-19
2.086237105725796169e-19
1.066108417913229777e-19
2.451134717416807110e-19
3.031525043966812837e-20
6.888778053476542225e-19
5.695334761969859162e-19
2.527893190475177157e-19
2.040608348820456160e-19
7.958096679143877645e-20
4.835310330456651096e-20
1.037678732973088948e-18
8.723305020333191091e-20
4.494132556003355032e-20
1.130620807379646696e-19
1.040987818490743341e-18
1.650573438120739181e-19
3.895342433501666276e-19
7.834622009530808916e-20
6.520140252738267089e-20
5.573014771858455965e-20
6.926047102119886132e-20
3.480634223648495870e-20
2.905830061154813175e-19
6.616365333710627956e-19
8.612352017916255366e-20
4.091110593953438934e-20
3.790258784975698588e-19
3.845381566165617759e-19
2.826856425963365841e-19
4.651402431007491684e-20
2.765012482677012211e-19
5.701669542374841928e-20
5.357722759819109680e-19
5.638162199701063169e-20
1.631621673506332031e-18
8.349446487122370698e-20
8.966569653200000466e-20
4.577304887205173210e-20
1.916259219685369418e-19
1.137731976316914054e-19
4.845460764757399000e-20
1.287505008198553629e-19
2.591191572238885779e-19
2.180265181455238830e-19
3.096248401234406354e-20
5.183763033144524671e-19
4.823444790439105988e-20
2.658374516238534057e-19
4.104135125750946883e-20
1.300787938032671065e-18
3.892024643198202939e-20
1.028154166497589870e-19
2.573830914902335367e-20
6.940216078996234982e-19
4.451348408458763147e-20
2.365905728074180201e-19
4.646300072922764377e-19
2.735423361270337831e-18
2.299334686910094838e-20
1.344106940977863716e-19
2.885282967890099005e-19
7.181027212956944197e-20
6.318119558403781341e-20
2.961783350747810120e-19
6.948436081372824101e-20
7.445618764108322025e-20
1.413827421824340207e-19
3.808242904110904839e-20
6.523349901325922464e-19
2.473470112540389798e-19
1.701138179592977743e-19
1.353787106658069184e-19
1.467782508204553645e-19
3.784122929076297289e-20
3.383166777326727832e-20
8.299215510288917932e-19
5.134112319934146547e-20
7.821551723022434524e-19
1.966483426347987100e-19
5.720022382641741185e-20
6.383321926837052885e-20
4.732207489328946933e-19
3.334203731380388936e-20
3.891555145745473918e-19
6.995018560327638977e-20
1.153539584838221929e-18
3.654845725998447675e-20
5.330723617080544575e-20
3.736217873092699110e-20
5.946544945229797273e-19
8.220914808719932713e-20
6.116881577507283720e-19
1.040533264814555420e-18
1.778512656207567089e-19
1.975247987162524983e-19
9.467265105727803864e-20
9.289461280519691244e-19
1.493901878219768719e-19
5.678559124068101807e-20
6.020468880643584710e-19
1.043644292709595775e-19
7.734797936389091057e-19
1.135470476356980910e-19
3.260458711654770260e-19
2.355209103858240264e-19
4.513203505762163045e-20
2.829670918514513277e-19
4.441723968918530905e-20
1.243750105087861259e-19
3.591513490323997738e-19
9.848132296280076589e-19
3.423081804166036239e-19
1.339874637765091796e-19
1.731866961395808439e-19
6.016282091780400495e-19
1.591281292607316637e-19
2.659454466395807964e-19
2.774406455303277611e-19
1.092834499905953647e-19
2.037821479388672170e-19
8.252395501589081308e-19
5.477323457966117330e-19
1.242067766102646503e-19
1.472103411137900828e-19
2.792435241090515473e-19
1.745688529467593048e-19
1.147315012836664545e-19
1.933965202411026992e-19
1.028828381171194229e-18
2.596180080402538141e-19
1.100447737461683166e-19
2.544181485035877633e-19
2.591887325872499170e-19
1.612798639679608093e-19
1.515299364724600129e-19
2.536036838299486907e-19
1.335420580577982658e-19
5.229191404681704153e-19
1.039393864680267371e-18
2.004054769411223182e-19
1.826621613243358166e-19
9.436149028254184527e-20
4.618540065136436999e-19
1.328777811491691615e-19
1.055862834633708555e-19
2.410567618075450731e-19
2.216802510085917023e-19
2.845256399853741426e-19
3.573012028786638657e-19
4.565465611140535612e-19
2.639543978177591027e-19
7.463713081682975787e-20
8.915076909528147747e-20
1.218614489330154850e-19
2.171216770511895736e-19
3.098788721982590402e-19
1.183543190386914007e-18
1.431421905394752377e-19
4.070018675877037376e-19
9.340211164669859967e-20
3.095441512670567989e-19
1.077782322200995675e-19
3.385787521266828113e-19
1.725119318243788677e-19
1.348646180614836634e-19
1.159231956870108229e-19
1.036545438357035067e-18
4.290452215905707488e-19
2.537926499272474530e-18
4.253866384470656498e-19
4.617389862988858856e-19
3.968959388572296912e-19
1.663224079498011882e-19
1.615575537685928197e-19
2.777995976446136393e-19
2.198042461247688289e-19
9.388014540749834848e-20
6.813226231202553167e-20
1.164574237392341045e-19
5.707835337017255527e-20
7.028755290376162748e-20
3.250934879141396004e-19
2.310210857821548385e-19
9.792221396355595170e-19
1.500324627063099815e-19
7.368621764232293148e-19
2.899104443376136767e-20
1.929532868874605573e-18
1.295318851763091728e-19
1.363341142894939567e-19
2.128082709917785400e-19
9.908447976902040125e-20
1.099404168853067631e-19
7.662934494561970674e-20
3.401235875234978612e-20
1.366246845735044246e-19
1.743244419093753638e-19
1.470733806166295505e-19
2.618759896967689873e-19
1.290910967412398120e-19
1.304770998518482612e-19
5.209736793205291239e-20
1.200489560099719363e-19
1.643927782601634620e-19
1.450123750579312024e-19
1.910574568419434241e-19
4.616382627646303583e-19
2.880272503590877496e-20
2.768460931378643038e-20
1.176325910484611664e-18
6.056272552237758266e-19
5.873615091195586716e-20
3.561526799371918648e-19
2.482244035244544046e-19
1.165623529582993285e-19
7.844738130498407177e-20
1.257577719106769134e-19
2.768328094172530678e-19
1.200631380489663379e-19
9.782359879210460999e-20
3.194233464291212082e-19
8.192786683937762602e-20
2.678622313639924646e-19
1.101775413279036475e-19
1.791111356983570201e-19
5.161645767531723936e-20
1.110631191515395633e-19
2.858677754254114077e-19
6.493154686166023325e-20
6.485423069464275382e-20
2.101800343403064505e-19
2.223315316499826471e-19
2.755476799527637847e-19
2.325642777507118987e-19
1.237591774906342273e-19
5.483711821025775152e-20
5.831561976659293608e-20
1.592734489148538749e-19
1.243143332552328636e-19
6.983826686322839582e-20
5.418000414947377237e-20
6.957037036086586487e-20
1.121703724031274486e-19
1.428403628842087485e-19
1.137874891387191718e-19
7.198897046413706507e-20
5.212957671326183872e-20
1.348960265895963826e-19
4.403044620503725990e-20
5.547406879027057121e-20
1.199240345947073088e-19
1.804651900849077436e-19
9.221533043518462114e-20
2.502480994718256732e-19
9.515228084539911937e-20
5.762175536892707709e-19
2.665269938545401250e-19
1.875054274107512743e-19
1.482059774086184093e-19
6.230681570694628002e-20
4.930389490355594135e-20
3.362017408850730180e-19
6.829790842850757111e-20
4.582502964249496029e-20
8.852039013858887971e-20
3.372738649215598968e-19
1.601807699358054787e-19
3.369577267983272439e-19
2.459099439907459289e-19
2.046515227425391047e-19
1.749235315679750542e-19
5.422652648847156024e-20
3.549075700054998427e-20
1.170367541523254255e-19
4.806012407303333885e-19
1.806858956107180247e-19
6.600095484979539489e-20
2.798604650169787425e-19
2.839305531170288195e-19
2.801159345344073082e-19
3.320730233730595277e-20
2.739877584410474739e-19
7.236487222619051079e-20
4.148568956599100078e-19
7.155884502593654047e-20
3.458150826492070226e-18
8.564446102239917924e-20
2.071853365115816213e-19
7.384461657934193924e-20
1.898839775527027085e-19
2.332451754941527721e-19
6.149797818213092087e-20
2.701166824413259761e-19
1.043642073415489486e-19
2.160445833848924625e-19
5.507942009560432174e-20
9.064723041602833501e-19
7.781553554302992467e-20
2.634208993139221770e-19
2.930025040307029674e-20
6.873031759732044335e-18
6.278914657786866895e-20
2.157052521924835834e-19
4.578609202040822321e-20
1.119350368899436392e-18
5.649595375852073981e-20
2.344398845137505951e-19
8.124874354774451672e-19
3.982654475823029657e-19
4.090305581109859655e-20
1.378717914942755343e-19
3.271088728636207316e-19
9.114069359094881156e-20
4.510633287296885991e-20
3.357818364130187213e-19
4.960628996266296935e-20
9.449885625697005859e-20
3.266849213126214091e-19
6.774514947121209019e-20
2.379494372153973764e-19
2.804210296110403142e-19
4.221103560426381190e-20
1.798611507272666973e-19
3.642068613612681047e-20
2.925389940924697874e-20
6.304385315519484027e-19
3.228384872425433764e-19
7.694549551275387577e-20
2.543430262714717211e-19
5.627769301096053538e-20
8.572659286543596197e-20
8.107656665807082397e-20
2.141255639778837030e-18
4.478419766432623983e-19
2.902869772610611017e-19
8.884591676263147444e-20
5.058989824572416131e-19
6.810647314194943252e-19
7.989213024522870875e-20
2.888356004258086308e-20
9.085062858648053704e-19
1.031701261627483484e-17
9.345301203035497690e-19
7.680928840892306902e-19
3.812442708207068543e-19
4.901263407850683850e-20
3.580956529761346036e-19
4.099937734237787878e-19
1.873846120434642062e-19
7.212515405320200298e-20
6.252995022597907768e-19
1.325565231316937174e-19
5.769701388233464191e-19
1.442196536846867182e-19
9.330925040654874280e-20
5.844076426656481043e-20
6.763986809412564162e-20
8.098077468669856035e-20
4.994621524637676839e-20
2.347216665521642479e-19
3.606143881429102723e-19
3.776684315026080484e-19
3.437026071872296732e-19
1.532121328250852233e-19
7.114729587216896237e-20
9.462882565990959941e-19
1.819600087152078112e-19
3.100098203659628243e-19
2.785708278792158237e-19
4.489503018260544098e-20
2.375467144655976263e-19
5.710402101191650161e-18
8.615165955980371880e-19
5.102572242441011524e-20
2.248880091069103371e-19
5.386285563409760780e-19
4.638473475632294295e-19
4.713315889523224452e-20
2.685162398878175999e-19
3.945479095046895963e-19
2.606755880843745074e-19
2.076775116109987021e-19
2.965725697207688998e-19
3.707421301492501964e-19
2.239247251621005296e-19
7.566959485401730281e-19
2.546367639200342739e-19
5.486077468883028991e-20
8.224884309397262245e-19
3.985996925889219105e-19
8.232911695966153744e-20
7.503993739748934646e-20
1.061074334560289480e-19
7.264403762320397969e-19
5.458788129220765133e-20
1.979767893372244101e-16
1.706553679929179319e-19
1.969658097853878269e-19
2.014290220736087185e-19
2.806426871092649085e-19
4.318301473411944374e-20
1.253226082395493269e-19
3.456808603720340435e-19
1.671598095272576720e-16
6.068045495367587690e-20
1.313194052397667252e-19
9.708840812202728200e-19
4.486663918081668777e-19
1.073690327381085936e-19
3.617326209761304373e-20
5.817988845346494983e-20
1.469681154123787661e-19
5.971305647505669496e-20
1.254480106032006150e-18
1.043385653225198676e-19
6.715533462615449647e-20
5.772352385075013552e-20
2.911362553752845899e-19
4.058176690749566631e-20
2.955490399388674471e-19
4.023571534726383518e-20
4.103815412708507500e-20
3.527507356871505767e-20
8.281962402180676500e-20
7.482516218822208488e-19
3.172403841998276262e-19
2.510111032578998735e-19
2.905318748936786573e-19
7.339503227411340383e-20
7.935287949646724776e-20
6.148728143755959399e-20
7.571680491416057933e-20
3.712488566620601153e-19
5.637723920641705871e-20
7.278925823653991927e-19
5.427492303349059046e-19
2.231995559105439173e-18
3.318031056065326729e-19
1.146558923766449759e-18
1.159051890002055527e-19
9.028194548171875657e-20
2.899847722797107033e-19
6.751513583785694058e-20
3.977144384012661127e-19
3.771908499554727139e-19
3.892721522612977684e-19
2.742912401527018905e-19
6.228660323669956443e-20
2.952683117894565976e-19
6.390691682348787621e-20
8.548553983649569078e-20
8.640336629483723319e-20
5.612154757547974943e-20
2.359243187614442934e-19
5.873799246001677641e-20
2.911305838787084947e-19
2.456672473591360902e-19
1.091047798671403023e-19
3.296477861872480320e-19
3.168509285274509471e-19
8.124463456358034465e-19
1.042895864760032077e-18
4.290047401200516018e-20
8.691373241037974366e-20
4.983417139547521000e-19
1.255660294698731608e-19
5.729741889333259975e-20
6.190145682330597798e-19
3.629832175239942813e-19
5.909840038584270073e-19
1.053798295678955055e-19
4.188279354719383994e-19
8.825625668038385789e-20
3.444250653095734379e-19
1.608024615080603411e-19
1.263056815259949033e-19
8.634225650124919643e-20
8.888308897812772039e-20
6.892927016301591474e-18
2.120955125349276996e-19
1.139891461419103544e-19
2.468406731144984331e-19
2.384998791225175988e-19
3.236100660472459057e-19
6.283922348765390970e-19
9.904366155744874899e-20
4.774213103163744211e-19
5.077057385497384525e-19
2.324571988964884830e-19
2.220287117448406223e-19
1.227491918800548847e-19
9.522790332741818241e-20
2.272479876441259510e-19
2.164719252298604242e-19
1.173612590321260251e-19
2.195927169823998048e-19
1.265293133069252138e-19
8.720058459242780320e-20
2.409278980058675131e-19
3.833365794392037448e-19
4.829667107757957585e-19
2.141875213507150838e-19
1.272605342851479160e-19
1.779616995767019406e-19
1.897056259004230821e-18
7.614974898475313357e-20
1.146467632216605331e-18
3.130159473649963492e-19
4.082994855587002446e-19
2.646998248332219048e-19
5.424537715931032647e-19
1.031801326749467296e-19
1.355611209275943699e-19
5.946132473406736035e-19
9.589977926885912529e-20
7.706736245263941249e-19
1.359934159412282083e-19
3.711369286937324350e-19
2.376160207056470050e-19
1.968001223026428572e-19
1.637812772088162978e-19
1.399901600054166519e-19
4.721053945754005445e-19
7.427285457293402365e-20
4.529204475755975991e-19
1.417128902447523361e-19
3.196201630424440201e-19
2.172333936586817412e-19
3.515766010679173344e-19
3.566896767578892551e-19
4.576071482224322110e-19
1.406906598040597151e-20
4.475959462872460289e-19
5.229130959282855691e-20
1.007671372861038083e-18
5.170886929310759793e-20
2.785727165645478999e-18
3.765896326829126253e-20
1.952650820331987679e-19
2.430497664687094379e-19
3.102010801543725780e-19
9.022279063084933863e-20
4.443882394213568585e-20
4.778166983680128653e-19
4.038789681273122653e-19
3.529379571211815196e-19
9.171865717309361525e-20
5.593706172907595221e-19
2.561195198440774906e-19
4.303335571308808677e-19
1.241375020397566515e-20
2.063708896177712575e-19
2.066621524958909372e-19
3.815668491546793427e-19
7.624333861951279270e-20
3.097973580060851971e-19
4.082432978662460953e-20
3.829891618277662650e-19
5.013739484793387289e-19
1.763580885907676365e-19
6.811207065648598125e-20
6.062398746672638802e-20
1.552070201891695745e-19
6.585883562638246311e-20
1.911037418450666920e-20
1.593221785978278896e-19
2.101688837710249603e-20
6.828546498715471204e-20
3.078893469642450710e-19
1.128097232814907254e-19
6.920991518036571883e-19
1.330545149182006803e-19
1.616073529774630901e-19
1.620271430847608198e-19
1.394386703814463841e-19
3.999841947864510156e-20
4.383110390308231721e-20
7.710813379331943807e-19
1.861521317800088592e-19
7.592658344702046414e-19
1.648451923000550225e-19
2.073960003219773801e-19
1.318158285483776558e-19
1.629173171162708620e-18
4.395398405465831032e-19
1.558284252505636789e-19
1.444473861429931212e-19
4.732662968630472724e-19
4.735087960770209854e-20
1.932808445574333703e-19
3.949205999712312052e-20
8.140900388079650809e-19
1.172109605231543446e-17
8.374093539495122490e-19
5.783420918420064785e-19
4.401990018842438480e-19
1.876476599659730197e-19
2.364064492000154432e-19
8.669261653496732592e-19
1.699802415707662088e-19
1.172624511937942872e-19
2.485119683108048198e-19
2.155129237253881140e-19
3.097222927385586821e-19
2.344750638440418708e-19
2.733157758198162756e-19
2.237437931550167037e-19
1.636392820025835358e-19
2.372039552729219688e-19
2.185202935526986046e-20
1.559346212710735637e-19
2.052239392132925583e-19
9.689849309032615576e-19
1.955995248223121183e-19
9.261328090652853108e-20
1.069206157271643015e-19
5.658882533645553317e-20
1.099907239078457409e-19
3.400572723468284169e-19
1.585333379006072549e-19
6.746854130392290979e-20
2.605707383100404137e-19
5.727187441405780640e-18
5.151940945348693003e-20
7.668178519874607489e-20
1.242363350649807888e-19
5.811032852483219687e-19
4.565860536268206111e-19
7.083201558776211801e-20
7.880626276875065054e-19
1.012292653924896588e-18
1.483492417452192025e-19
1.379681500871710312e-19
3.253176270128475761e-19
1.975811449377569746e-19
6.571919351662767730e-19
4.291448290981113890e-19
1.449125755334119421e-19
8.244512650962984838e-20
4.918549272393936756e-20
1.022688324900869916e-18
1.237247286729854953e-19
1.127705025512562083e-19
4.642319221298219164e-20
4.344173911201762300e-20
8.203502055075860649e-20
8.558294501336989070e-20
1.742934342956639616e-19
5.277410156893090384e-19
2.057231274757397957e-19
1.483076737458048683e-19
1.195882143992964941e-19
2.173960000586856109e-19
2.211201992024007092e-19
7.226114149597700208e-20
1.201003352098664854e-19
2.825289431667096268e-19
7.471008010938484654e-19
4.462506412096890605e-19
1.659188088029039964e-19
8.794326973929336334e-19
1.013425782657534426e-19
2.549442664466629794e-19
1.161538199414518343e-19
2.061768791940012299e-19
2.244806434987976760e-19
1.329155855190773161e-19
1.142479002384251662e-19
4.251123857015988147e-19
1.123844889366040645e-19
3.016589772324769676e-19
1.114261563969929246e-19
9.977063855236907296e-19
8.575962271679486172e-19
1.639187546396526200e-19
4.786309184316676951e-19
4.315271659117485544e-20
3.414385916675481318e-20
1.477092562833738182e-19
1.208551475237075761e-19
1.289926308238499269e-19
1.012473765419804712e-19
1.246782696919968249e-19
5.049923494684820035e-20
1.935414587209620702e-19
8.175064299990497529e-19
3.441618099078524904e-19
1.995796972637941648e-19
2.223775001102807456e-19
6.374767227243190178e-19
7.144133602438560721e-19
7.316404268796220589e-20
4.241390839882161259e-19
1.097497034438739666e-19
2.521940397081788269e-19
7.275462318251253912e-20
2.608937849577243481e-19
1.847044111624668211e-19
3.041663458027610976e-19
1.988301180659118064e-19
2.193906278221793710e-19
6.927705924400259458e-20
7.002086127241471058e-20
9.241194807520566787e-20
2.064251718269984391e-19
2.868372908129085812e-19
1.960438220220438709e-19
1.984786874812755774e-19
1.350436630615145277e-19
2.209329851666256436e-19
2.123564131949717479e-19
1.321364909188452364e-18
4.550902150831477324e-19
9.630998582651077809e-20
2.983723713748927397e-19
3.355772965351101060e-19
2.067619639279062074e-19
1.286305974141049492e-19
1.193988975649812597e-19
3.105958998787844791e-19
1.139922098128525025e-19
1.735225730385445893e-19
3.583808650979316776e-19
1.453262242758080128e-19
2.782667841690820725e-19
7.088202575113393762e-19
1.680486997855100126e-19
1.579789897560563546e-19
4.597869794284641001e-20
5.712346725090351941e-19
1.589716049897203977e-19
2.428938557967328074e-20
6.283374514391801693e-19
3.288033052290274421e-19
8.237553462912133214e-19
1.634274899979878545e-18
5.123470223929844102e-20
1.404884830450116240e-19
1.494001367363206680e-19
1.024675679942344725e-18
9.190505053478694077e-20
2.615602056932919795e-20
2.029164477628428668e-20
1.703288150451636684e-19
1.370997830962189177e-19
4.179529430902980198e-19
1.390762974728862091e-19
2.696150802127331692e-20
1.595494583796265182e-19
9.972805078884129127e-20
1.128026197770464451e-19
1.421203014862642819e-19
8.865932166593629646e-20
1.693191237500030626e-19
1.127098139192547641e-19
5.679237089854838014e-18
3.939181623013942780e-20
6.646450763217938588e-19
7.967878232770472805e-19
2.908435145006497918e-19
1.095680400371157351e-19
1.596252740428763334e-19
3.709558101009945826e-20
6.598373306831109088e-19
1.749739932262390782e-19
3.447813002844068483e-20
2.267824374256894591e-19
6.619415061717216427e-19
2.632984770108608840e-19
3.161462164279015148e-19
1.018035430867521197e-19
8.472308917313610936e-20
7.241608449773498626e-20
1.389241939730600295e-19
2.670276362544945119e-20
7.205265704502570802e-19
2.125764453724871404e-19
1.673933663127986360e-19
4.165148186802771721e-19
1.959417726414771519e-19
1.987914080020216580e-19
2.725604129395245588e-19
3.698218282623857142e-20
2.665975311443543575e-19
7.168884876105059516e-20
7.690009886351498019e-19
7.089035136474937543e-20
1.688550637077067612e-19
4.592903240718696226e-20
2.904193109349467839e-19
4.660141229025671536e-19
1.847622678745100815e-19
1.198813331712570970e-19
6.092347186392940806e-20
2.502449934914380648e-19
6.425091411515283897e-19
2.102172479356072976e-19
7.206697766981891268e-20
3.274676394457344813e-19
4.910735572080068643e-19
2.563156901917852146e-19
3.263099201056089134e-20
7.186042350592140587e-19
3.962459340397174142e-19
1.998364519477699602e-19
5.990740762149693729e-20
5.975761149931492002e-19
5.596817571855066030e-20
2.281163755955997691e-19
2.935151370361872028e-19
5.174783104691217373e-19
5.351834867994634331e-20
7.393727398110850957e-20
2.209960405841691981e-19
9.028926878218217468e-20
5.023385013287528726e-20
2.268555288571981231e-19
5.524534531881028247e-20
9.361605991817569913e-20
4.579262767234746337e-19
8.863906275167993636e-20
1.480526613270063817e-19
1.894535501224801854e-19
6.857521924820731294e-20
1.283827536681037318e-19
5.916833124801972112e-20
3.408205252673380235e-20
6.881826680765734101e-20
4.828884238683094628e-19
1.222762105463733973e-19
2.796569851440388730e-19
9.479680720294999905e-20
1.362304946999763621e-19
4.545233311087837439e-20
1.512274332768982910e-19
1.287472387896155021e-19
2.583794237917642662e-19
4.980790838451878838e-20
2.606862116956773895e-19
7.434459039921526700e-20
1.269587891242393034e-19
3.365059121722231017e-20
4.048859712957012513e-19
3.269950780259988359e-18
4.164837837131838766e-19
7.258565949039738703e-19
5.127824712444140924e-20
7.962496251871758015e-20
1.182292997197023570e-19
3.718458536978578631e-19
2.124824770784777182e-19
4.043408179240206222e-20
4.332145436236514567e-19
7.431251092330282332e-20
5.135511534854763603e-19
8.085097840979402462e-20
1.571745135202801665e-19
9.494171761584714054e-20
1.074883811884142385e-19
1.364078460647880806e-19
2.299620207978806824e-20
2.642489438579593756e-19
2.669747485150425847e-19
7.193032054789005377e-20
2.544543982016904661e-19
4.851941844890969989e-20
5.511448638396101551e-20
1.386756764919873211e-20
5.762333335506339452e-20
2.490147198990410744e-19
2.062351896153620253e-19
3.477808255920915281e-20
1.908088862983728811e-19
5.156595986907832148e-18
1.262526464536342795e-20
3.952724343655641951e-20
4.449244829472660265e-20
4.675361449954477453e-19
8.812674620307105259e-20
3.651185631611052582e-20
7.113867200301761863e-20
7.514516765210832408e-20
1.929867522236991487e-19
2.338027158394400392e-19
2.382212772859109473e-19
1.600949321285384714e-19
5.932493164408874453e-20
3.833848192366461872e-19
1.885160111340164834e-19
4.249807926690168079e-20
1.205331871889872047e-20
7.591686587131019834e-20
6.377652080873648203e-20
5.812993392437482343e-20
4.885391155037512535e-20
1.064576358234899588e-20
4.228668150106817490e-20
8.491620330536846943e-19
2.471255088806621060e-19
1.536806378223339150e-19
2.916887418703443096e-19
2.236837803893654484e-19
1.569224896685270604e-19
1.843846231584042184e-19
1.738787949517052520e-19
7.169818450851288557e-19
2.542564234749115538e-20
2.204159413249170132e-19
6.490809958726423901e-19
1.349652466676712222e-18
1.992545569903417506e-19
6.147905656042912386e-20
1.410917060486437441e-19
2.162312208250105013e-19
6.738972299128233208e-20
2.022574775528271111e-19
1.751293576913813911e-19
2.813867366739651341e-20
2.418666230479733226e-20
1.245853465522698962e-18
1.474698313094024871e-19
2.343970471350506869e-18
1.462123166889064624e-19
6.974728991558550875e-20
5.995252065606312702e-20
3.470214818494109512e-20
3.763734277724129294e-19
