2.517605522671240730e-18
1.992012906578218695e-18
7.909517092177271219e-19
7.085892422909687757e-19
3.884223700803863346e-20
5.936263642701517162e-19
7.310046982804048279e-19
2.946214348388427441e-18
6.995866621547716262e-19
2.730518916580220988e-19
4.618070465539257371e-19
9.591449615226722029e-19
9.727397848852533554e-20
7.348583409489474641e-18
7.338207920759099664e-20
3.813598555754519637e-18
1.536367749778893339e-19
3.304781029352194552e-20
3.384018251976314206e-19
2.705646086989214518e-19
1.141220510761301794e-19
4.171211493734016555e-19
1.385261246527202656e-19
4.490214762913899267e-19
7.930226321557347071e-19
3.610993643511693228e-18
3.649763539721711655e-18
5.418231130982450714e-19
1.181233659244741916e-19
1.306339733192036065e-19
4.427291360002263041e-19
7.411410133414042386e-18
4.673310346964443440e-19
9.664210828814197162e-20
9.289048199023750643e-20
5.401179914257344597e-19
2.347037264495077262e-19
4.178329501406607113e-20
1.078514819247651629e-18
7.578399820198160249e-19
1.212271933436086769e-18
5.580532645151322251e-20
4.440283597883684148e-19
5.388026338502898567e-19
4.239216189103031165e-19
1.017385118210563478e-18
6.216970478736851032e-19
8.520663062729922593e-19
1.039078447240246166e-17
4.609898603281736874e-18
1.547585959186474979e-18
3.108339621126357524e-19
5.662696399574736817e-19
8.361622910076443293e-18
1.404461011219146370e-18
1.316762317640004460e-18
3.121847335466278495e-17
3.445082285401176847e-19
4.092766437851340323e-17
1.540583191783573778e-18
6.310021311704022811e-19
4.939881579466700216e-19
5.253234766561651184e-19
6.664102691375760658e-18
7.523539691384028164e-18
1.417955269067458112e-18
1.100039073310586070e-18
1.504798167154175907e-18
3.286335186975375580e-18
2.028580485321084681e-18
3.333713006231640267e-18
1.461621895404044564e-18
3.139239615194699625e-19
8.163946856981454904e-18
3.966386222375857090e-19
4.997259876137432963e-19
7.257837536494974410e-18
1.559285486122251302e-18
2.701698128437875845e-18
1.009420182303440093e-18
4.851461783811247219e-19
8.648788588164934407e-18
3.958780329474279474e-17
4.901521692612858457e-18
8.969468960950669933e-18
5.612772903306874828e-19
1.875012492173575087e-18
8.932593761370263715e-19
6.152467357392545192e-19
1.742712278654188097e-18
7.974165290309194045e-19
8.961079183410408017e-19
3.952603098138786474e-18
2.911438447415675146e-18
1.253803571423216998e-18
1.043442188419381450e-18
8.918701905529375996e-19
4.884877762755136064e-19
1.349702956792740175e-18
3.247744598818243542e-19
5.367414703128195896e-18
2.144796301235840748e-19
7.498595205348352236e-19
1.675405591815528819e-18
1.699771478442609155e-18
1.223163205746425472e-18
4.286425771181081432e-19
1.196403715865239583e-18
4.177377008102638584e-19
3.473406559972114408e-18
4.130847809740785715e-19
2.449732784694942268e-18
1.063581137255757310e-18
2.756776585047472591e-18
8.389740558796761684e-19
8.291534542270670042e-19
4.346666624312535906e-18
3.550068316293575135e-19
3.206366824837477625e-19
2.896084167391997404e-19
9.433871930079635028e-19
7.429671546830595599e-19
1.272988450476448395e-18
8.840890303064932657e-19
1.150262130574535812e-18
3.782100308963783685e-19
4.406611679904405020e-17
7.133690634449711803e-19
2.560486669398567347e-19
6.176093076763280623e-19
1.897516223848247449e-18
3.261318524048467309e-19
1.023712703717821821e-18
1.141002451782707445e-18
1.997384304564001816e-18
5.517419562708809701e-19
1.712169532535434134e-18
1.323033233245451367e-18
5.261241071762922095e-19
5.822362373981726555e-19
1.358112131919553685e-18
6.403220519053166539e-19
5.455096337156156252e-19
4.346819890472162335e-18
9.138153753042510055e-19
8.583997436376978623e-19
1.134198342675330793e-18
2.198917336662345694e-19
3.275763334343515932e-19
1.897278211998601351e-19
7.337483124837415893e-19
8.968399050465340787e-19
3.086093663537982913e-18
6.598197281121585632e-19
3.500891823239032981e-18
7.160345122940976808e-18
7.351190192423676401e-19
4.370585011668414199e-19
4.286118802432763417e-19
1.698971505695178436e-18
1.866834854390808243e-18
4.789406460541606248e-19
2.384695878911616875e-18
9.688589743288467141e-19
6.850875844703575752e-19
7.244594350750888978e-19
3.103228383168044303e-17
3.475603058364241057e-18
3.192119239429194600e-17
1.570500002062865530e-18
1.375566955109365742e-18
2.553235883647213244e-19
6.283740933980287407e-19
1.134262406278490082e-17
2.218031551269103390e-18
3.888042257618551705e-19
1.923601186755285273e-18
7.145709014068126764e-19
3.710493578668048783e-18
7.774432030904892833e-19
1.187195850305499859e-17
3.044379458450579263e-19
5.800225091540383258e-19
1.030337712967266966e-17
4.019869673439285881e-19
4.450547466792428965e-17
4.392198948325232804e-19
1.864437933137826975e-18
4.186217409678430846e-19
3.042479264917704278e-16
6.084403557642804920e-19
4.681968816811367321e-17
3.613353220480922292e-16
4.780946099199172163e-18
3.392927563279305880e-19
3.839351559535284223e-19
3.663426005541357003e-18
6.981596146149893244e-19
4.262542420479774992e-17
4.363638606984919719e-19
3.846910629781656045e-18
6.652062706135086716e-19
6.041913930959328925e-19
4.030752766490902754e-19
2.810397445492793085e-18
1.947766949951426375e-18
3.174967725870416622e-19
3.937764403205086007e-17
4.573717918555488202e-18
2.392811002732154758e-18
2.343684969822171236e-18
9.381414442264319850e-19
3.101416259218394230e-19
4.691606175609220030e-19
4.069442010923485835e-17
1.967769410970039062e-18
7.040655108339896294e-19
6.417296068242819980e-19
8.539947456925778521e-19
3.594223182072165824e-17
4.668268766464993379e-19
3.883311300022165514e-19
1.541144002750765066e-17
1.497922314259899999e-17
1.819052825584580374e-17
1.544805048654461501e-18
3.127821683144645993e-17
1.863944960338824822e-18
1.248725690515323190e-18
3.278836773845500727e-19
1.520543362322340931e-18
1.741578776826132300e-17
1.170486288648335521e-18
1.164224764924924951e-18
3.206446019389682992e-18
9.881731938893107244e-18
1.562866181557765430e-18
2.185882355159496492e-18
1.007457914232723685e-18
6.470084189766492780e-18
1.383754599241514363e-17
1.682792233319424400e-18
1.446447972549294226e-18
5.020754198099096810e-18
2.939408729453426139e-17
9.944225473305697783e-18
2.914343606505356501e-17
1.121071241118716353e-17
9.636366778040149724e-18
2.075311229497643684e-18
2.702958509789902908e-18
3.953845582418762707e-19
3.128413629486604068e-19
1.021942213978474186e-19
3.750102662610879073e-19
1.251587341863154025e-18
3.141678812463977357e-19
3.868733113332668901e-19
4.626966568564953657e-19
7.753005956277203327e-19
9.592432164271619975e-19
1.234286438327994287e-18
1.397905365665218980e-18
6.812946850995895580e-19
1.201335205485364323e-17
2.725265269577715666e-17
1.830497422627885388e-18
2.904763357659694176e-18
1.064877417619042485e-18
9.044573630127654025e-19
4.182707391756075809e-19
7.992964620029750365e-19
2.960144224350303525e-19
6.903123533767320245e-19
3.186528258396584756e-19
8.788488293400065773e-19
1.733248652404648150e-18
1.751857898776658889e-18
2.867517847892274196e-19
4.909035314982462870e-19
6.509836738666160920e-19
3.141874001956898798e-19
1.384706911315431820e-17
1.370099076074411183e-18
6.768691458558689712e-19
6.505932281134523235e-19
1.899556543100315294e-18
1.336273179279531707e-18
1.666528786448313538e-18
1.195238884601602881e-18
5.378091350984258026e-19
6.415768027593473547e-19
2.225798203260027015e-18
6.864315002494797590e-19
7.417472874467606292e-19
6.553481246005975602e-19
5.384358684823807162e-19
8.558645966123767932e-19
4.509433580369307408e-19
1.941356747760585913e-17
3.594326833513896655e-19
9.606238649244312557e-19
9.583330068228930278e-19
4.383842144524868209e-19
5.403416474819872555e-17
4.635633728897315487e-19
3.663008299404266642e-19
4.058733244252933337e-19
1.829184487124630009e-19
5.321031241199039988e-19
1.771503293073202614e-18
4.884976238735980558e-19
4.075458076432238810e-19
4.333977993676846477e-19
5.195984811434293337e-19
1.370924874142236399e-18
3.944509839928542113e-19
3.060121178458033600e-19
4.966811526357351806e-19
6.547821558254937149e-19
1.085288541270286535e-17
6.642218961033219065e-19
4.065982950553804310e-19
9.678597921281566376e-19
1.487618631191467877e-18
3.272313415654054727e-19
4.122795819011061230e-19
1.322509140565714468e-18
9.678860429741370544e-19
5.382968030587280604e-19
3.172100695096994723e-17
3.755815450749075532e-19
3.339714311273643768e-18
5.146835063775459005e-19
2.107087632852903673e-18
1.634399313463602256e-18
4.630601015830731734e-19
5.559446393746455062e-19
1.414788513225374606e-18
5.075855033832225370e-19
5.167173836623599819e-19
6.578776396235935057e-19
1.419300175680134823e-18
2.109537589529567882e-18
1.807199940813784561e-18
9.706465876881158453e-19
8.077928813756903167e-19
6.904516599344831559e-19
4.030079306628630119e-19
4.001893996488478803e-19
3.493579261508572492e-18
3.808313547185066724e-18
6.202883082176321851e-19
1.252571757537168345e-18
1.716985277064918605e-19
1.741955868547782842e-19
2.549340243236626284e-18
2.894100680034302557e-19
2.493567600532776617e-18
2.130015336091636259e-18
1.409988725345815748e-18
2.106290423091301165e-18
4.369668335591119133e-17
1.045973622963638033e-18
1.179078621930826278e-18
1.401429439679260114e-18
1.728137552494305843e-18
7.493785527757478318e-19
1.810155019097229183e-18
9.273010458650913639e-19
3.115300258051556757e-18
1.966225704624260559e-18
1.345272439375212844e-18
2.477006314517118348e-17
1.476789878883576724e-18
2.397398422359574782e-18
2.553591187726082028e-19
1.098652865525319410e-17
1.191617785868206013e-18
7.405085244971195909e-19
1.118290054521988115e-18
9.739772358532361604e-19
1.662923518425302746e-18
2.133641676629578309e-18
2.220185326023564646e-17
9.102693908284009713e-18
9.990256537448299492e-19
1.683824680921732083e-18
1.582324644453415237e-18
2.682670045819194944e-18
3.931131391388499617e-19
1.624278394727820094e-18
4.323314072809699739e-19
2.781515490572744650e-18
1.859143187024408545e-18
1.654623130141659715e-18
2.255678495884345452e-18
1.356481412723849362e-18
1.908180973067232868e-19
1.546591600379306949e-18
1.646423958003785274e-19
2.109086039606421231e-18
6.210693936796849702e-18
3.656370112339963642e-18
1.656005437009924624e-18
1.746822903461146992e-18
1.630717968960883510e-18
1.844990443371273079e-18
7.940294421352890445e-19
6.543706670765191615e-19
1.609673707952784636e-19
2.608299498280221282e-18
8.701191556439455095e-19
3.626363406901956579e-18
6.709432222647540750e-18
1.719422315481387185e-18
2.082386091772976665e-18
3.311103617353187456e-17
8.510258415252530747e-18
3.405948984620499520e-17
3.156080507389672239e-18
1.529837269153466372e-18
2.215652244719293160e-19
4.110938580664285946e-19
5.948822771739710346e-18
3.532358571699420550e-18
7.063631107902319002e-19
2.058450878072111107e-18
1.298202260556334424e-18
5.184217830971494325e-18
1.412426005200078171e-18
2.703754599155225215e-18
2.641857818188710918e-19
1.455731600350014602e-18
2.346521283241883468e-18
1.086374475627271987e-18
2.997232024741282908e-18
5.364082502249051007e-19
1.986844211972908122e-18
5.112522411223828136e-19
1.497643414213219841e-18
6.305599741045959866e-19
1.093176799229430276e-17
1.778652928313636353e-18
5.194557237219488592e-18
4.143697402533362846e-19
3.978929729140006338e-19
3.980357794305718928e-18
3.953490307366789747e-19
9.952463722245004858e-18
4.522277033327183524e-19
2.033020869824582797e-18
7.712138143023522490e-19
2.204728778904830124e-18
4.177289254372256521e-19
2.327181127009225257e-18
2.075644043709254772e-18
3.877508515419352554e-19
2.651897022385579905e-18
4.969401248596489803e-18
2.594437374085087647e-18
1.940714626741702795e-18
1.225269974864920130e-18
3.787681952477944308e-19
4.862167738504228904e-19
9.501600216083514555e-18
2.096959729897407958e-18
7.296615454143415322e-19
6.650594432596058696e-19
2.307930777383763148e-18
8.392028113868937712e-18
4.837981906702903236e-19
1.662989201114690230e-19
5.125868826943150047e-18
2.071793331552219955e-19
6.050197876761791076e-18
1.064464156110948262e-18
1.389481487596728105e-17
7.396347638397715613e-19
1.694161959964365038e-18
1.404129034695654625e-19
7.300781891304904881e-19
8.989747109011465321e-19
2.851455844196459969e-18
2.921489861310151328e-18
4.575502826688762231e-18
3.017241016088946612e-17
6.494420298162905922e-19
8.673832188939903809e-19
1.862190936198494477e-19
8.652563746169368549e-18
7.142716754267524921e-19
8.079808421302091550e-19
6.945018094435542083e-19
4.372176100327933027e-18
1.305782243298956691e-17
7.423959419548665064e-17
1.294647489515402194e-17
3.423025590633502130e-17
2.942322385243391932e-17
9.964460743820643679e-19
3.667138044351650831e-18
3.132137678995955095e-18
2.478251110253318809e-18
1.198789932425475166e-18
4.351885507500326630e-19
1.918475944778676223e-18
3.645827254143635455e-19
4.489552709092408979e-19
3.665367305516090794e-18
1.073614196969373947e-17
1.134238856845634677e-18
1.234030140643435566e-18
4.470225069233679036e-17
3.189697010598335846e-18
1.979377736532794000e-18
6.832180939872448424e-18
1.162719863760781393e-18
4.149917125052689671e-18
1.632280578036988895e-18
9.042695538294805368e-19
3.259528822507640978e-19
3.742159730865985395e-18
3.378002107879995686e-19
1.177956894028353166e-18
3.636342812332164887e-19
1.217004843657325300e-17
1.100948087703027966e-18
1.112768557996449330e-18
3.327671396615304405e-19
1.628682512530841432e-18
1.110845985560096201e-18
3.585385101846911675e-19
2.991883051045848404e-18
2.125890778308739157e-18
3.168977445915504184e-18
3.045958408622617564e-18
5.640798838154876416e-17
2.131952631573312642e-18
1.235289144271796417e-18
1.655132786579583131e-17
6.137269856837224101e-19
7.445312944933940434e-19
1.649839102801517337e-18
5.349270341382809170e-19
2.709529292330850948e-18
5.107041685780323696e-19
6.248392280374126516e-19
3.126388507294148444e-18
5.233067041365121456e-19
4.194614977505060058e-18
1.048581567588704037e-18
9.742312253855744825e-19
9.521998575899833900e-19
4.231923051568038472e-19
5.224709518755141291e-17
1.133973679786415353e-18
4.141493886028791971e-18
3.871866170833602692e-19
8.619370125840565473e-19
5.076047036577158239e-19
4.809321710127779615e-19
4.715690681720400459e-19
4.989153253910258803e-19
5.305631907875616974e-19
1.515837081908985769e-18
1.069513107625987906e-18
4.459766959332668690e-18
3.459853790981674762e-18
1.214986746739538889e-18
9.633428886320916914e-19
1.034964005368622600e-17
9.772310292698175783e-19
4.597107665072630524e-18
9.616656732786715078e-19
1.160550556210005799e-18
4.005947998811683762e-19
5.047103856760439950e-19
1.031742065133365847e-18
9.815962731203517395e-19
7.919647665814175723e-19
1.266451806609742841e-17
3.625660199309643700e-19
3.785985954949891293e-18
4.909870979697855201e-19
6.269557934400688151e-18
1.275060013728279917e-18
5.668756172291877573e-19
3.510965158979314050e-18
1.855836964942248900e-18
6.213833680406872466e-19
3.263232708059162165e-18
8.053701706278436135e-19
1.861755100323342478e-18
6.363128603857066876e-18
1.832799160152295817e-18
9.370094848176397235e-19
7.797993638652790710e-19
6.665245233155708506e-19
4.933600814705113106e-19
2.527321858414578430e-18
2.815092136244049271e-18
5.780807052506093956e-18
5.061959315837456361e-19
1.263428287293836994e-19
2.010132699273332938e-19
2.039366614747380049e-19
4.883848168686882707e-18
4.672366114765468502e-19
4.777002831092317123e-18
3.177185361726375601e-19
3.943365642066468131e-18
3.141796674604908122e-19
3.566676105759782943e-17
8.085104610119229950e-19
9.950489815246970059e-19
1.413576177239160255e-19
3.310645349666254656e-18
3.006503186763827175e-18
2.700073530777533517e-19
7.567384562173168540e-19
2.510278600260823078e-18
3.766758019934871324e-18
6.656052769184829432e-19
1.048122962419074553e-18
1.489589794870795785e-19
4.592768629340963703e-18
4.122632297765716431e-19
5.456051691288911743e-17
1.201946003691256701e-19
6.043035108635463898e-19
5.533003870658292716e-19
1.384934941204732930e-18
2.480459258150661743e-19
4.087481858369659066e-18
9.394514690548192841e-19
1.844536697162529765e-18
4.942915111070911045e-19
1.301552772600470529e-18
2.358806970582704087e-18
4.001539263824112278e-19
6.346595069248553279e-19
2.421348370627410301e-18
6.979752403446212122e-19
4.148979657713930356e-19
1.568969617757812086e-18
8.186638293468315146e-19
1.105860216860352210e-18
2.022137380603191825e-18
2.237752508443655926e-19
7.163133626663571675e-19
1.930786122483199946e-19
7.082123013796661266e-19
1.424099540476117211e-18
2.521660000189639111e-18
5.676070255257276703e-19
2.275342303958156329e-18
1.546922699671347066e-18
6.323829102736731752e-19
1.016770287214290890e-18
6.362220776025117351e-19
5.061420927808581057e-18
8.850558004988954553e-19
1.114204658980404075e-18
2.026845413451623007e-18
1.538459219269776679e-18
5.893435880712653326e-19
6.992466967780732670e-19
3.328707676814335789e-17
6.818673451075638990e-18
3.424057306006957191e-17
7.000502164526765397e-19
1.008261309118612801e-18
2.598328690223623290e-19
1.508952058093632741e-18
5.332605922022096954e-18
2.245055843073858029e-18
9.045118290631329083e-19
9.344004674764596855e-19
1.662373477963824413e-18
1.759123929355660489e-18
1.808639225158009210e-18
2.564820798803802711e-18
3.098146372406458665e-19
4.989618181027306613e-19
2.225944097875983884e-18
9.558540647893383049e-20
8.435124429426805782e-18
2.835978796886380314e-19
2.571888621775307383e-18
2.702979521802286439e-19
1.628735966167225787e-19
3.388542000322766237e-19
8.260653983894603820e-19
1.934342960533764312e-19
1.553451316931149801e-17
2.190763838805730216e-19
2.138221748481485307e-19
1.190340538192075957e-17
1.492116416147466219e-17
7.520637023643521912e-19
2.430209067152471167e-19
7.016289944787618360e-19
1.396406196091090751e-18
1.339874235452098305e-18
2.244817411069833255e-19
4.214232865935107101e-18
2.686836374337888382e-18
2.050030350924880301e-19
7.463246479818215660e-18
1.486117596063623073e-17
1.509299747848571257e-18
3.514390551081256155e-18
1.773261325947363399e-18
2.002539241719875666e-19
2.612861626355451711e-19
7.179939396234040407e-19
2.714428658847306330e-18
3.921100124009469687e-19
3.573937371138387067e-19
2.030648790363853879e-19
6.341484791906718583e-19
2.599864495196327166e-19
4.132508488240410384e-19
3.697983309710763913e-18
2.593205429801428370e-18
4.364827022320664454e-18
8.241856199716737689e-19
1.682957494508464087e-19
9.073995947534237894e-19
1.267169504008916344e-18
3.489244037529001464e-19
1.190039069863539229e-18
5.444760013830031078e-19
3.338220714063045455e-19
2.749347747284927457e-18
9.049831120150931148e-19
3.801768419232200458e-18
1.135465657959058009e-18
1.064124105300749549e-18
2.714651385582992207e-19
4.004957811451988809e-18
4.326081490631177543e-19
1.317021634328435087e-18
1.132049004659451988e-18
5.056391877898030214e-18
1.581579914646453726e-19
7.031626136644994281e-17
1.568093360491671371e-19
4.313063000039215158e-18
3.707369833490429484e-18
1.624222962939186341e-18
2.742881499293644430e-18
5.260019860515583227e-19
4.161901996420530416e-19
1.916680587958023541e-18
3.794860951151002838e-19
1.247041201437377237e-18
3.179175430407567742e-19
3.914907282028824809e-19
6.155510005958468675e-19
3.999560042575583568e-18
1.504274796528904719e-18
2.180460026639489520e-18
1.989479245378419585e-19
1.532499139786957289e-18
2.919443413596343917e-18
6.489576855444784548e-18
8.750472891671051550e-19
2.583292413310828432e-18
1.061009463609913812e-18
1.597792104497732020e-18
2.114568927904434517e-19
1.797931449113328525e-18
3.994387135407918620e-19
5.960445161434593817e-19
4.299867343371312331e-19
4.533736567616975112e-18
8.285586835527273360e-19
8.374546100861281181e-19
2.901742295267954429e-19
1.658882209188915362e-18
5.620864917295818094e-19
4.239611364626560747e-19
2.287007032078875305e-18
6.021314562002530367e-19
1.522544365102185613e-18
1.463439513386691674e-18
7.990324082223613479e-18
9.566961290771380772e-19
7.902272099310762588e-19
6.165904826004570431e-18
7.257139273386232188e-19
6.492341610351388798e-19
1.055419095268263398e-18
3.470256428702676072e-19
1.769290067140741819e-18
3.313114333486901900e-19
5.448622173400304325e-19
2.041494125062623401e-18
4.563254648084459607e-19
3.206379991044133285e-18
3.410338353615632549e-19
7.921876660874143435e-19
6.116336881767152623e-19
4.911250004283309182e-19
5.349863113211909772e-17
9.813069085880441686e-19
4.485396089159560577e-18
3.035337732378851425e-17
5.438130325551977070e-19
3.979351667037384784e-17
8.784000614518980914e-19
5.472674148036923097e-19
2.870583736856709688e-19
3.052674450631275012e-19
4.930009737015233766e-19
1.656690114995571841e-18
4.830097986003578024e-18
3.747153826662731733e-18
1.051413193860891375e-18
1.039880783721532939e-18
3.691697827271262310e-18
1.054872341495214665e-18
4.978843216918098848e-18
6.177139366824458480e-19
1.797708341035214345e-18
2.304881929026697026e-19
2.903926480528173778e-19
1.598182264755660272e-18
7.981764907356134183e-19
8.548866160437766747e-19
3.156873290064676989e-17
4.207667165118132841e-19
4.259467798933636190e-18
3.849078451639826195e-17
4.272482761368583171e-18
1.975085022995778405e-18
3.261603412088705422e-19
2.552205120662146122e-18
3.581279807704768296e-19
3.575221886104298904e-19
2.372122436510306973e-18
4.633817396051839228e-19
3.592700260654012406e-19
4.284299182968905363e-18
1.490324731188317808e-18
1.087422379908120128e-18
9.049761969808147912e-19
7.735179794385983301e-19
2.838620812406544738e-19
1.837171118634011300e-18
2.005984552505822181e-19
5.292976391755785992e-16
3.745293605061561949e-19
3.384867066276084647e-19
7.831512307472081914e-19
7.945408155698109008e-19
5.640327529264045597e-19
3.557817052715493283e-19
5.516932477208166992e-19
1.031544526023761195e-18
1.115950907114474852e-18
1.020054794602019173e-18
2.844877173749720973e-17
2.890965849430897291e-19
2.189489857255934332e-18
3.787130220313372754e-19
3.823444845209651255e-19
3.935855611286913765e-18
8.766394633713822213e-19
5.599032951346410187e-19
1.788779851919063968e-19
4.350206685812490822e-19
3.038243752603040652e-18
6.482443211619853664e-19
3.990779286506864334e-19
5.304161481043162246e-19
3.139217075629952835e-19
9.117007274525529954e-17
3.220149085035077997e-19
4.471181875508709291e-19
2.525613156341416623e-18
1.749485740166040539e-18
8.053367614598242891e-19
4.720608760719979430e-19
5.810330482756613938e-19
7.187182375879628162e-18
2.256259299112736553e-18
4.653921993922813366e-19
1.340136142857774594e-18
1.299189519438059940e-18
4.832674411514099375e-19
1.375668508019525966e-18
5.314798009136619396e-19
1.347059351983547825e-18
3.452335641969790764e-18
3.736899858292014996e-18
2.001710666025657220e-19
1.148860175235377853e-18
4.681386481311671986e-19
6.675817757862060825e-19
4.039211672421914229e-19
9.031829878742566272e-19
1.836998265722175813e-18
3.442836707208658948e-18
6.653462805622049868e-19
9.831703523140982422e-19
1.257991524080510378e-18
7.412762674175533382e-19
6.013948740131299337e-19
1.699305212239383603e-18
5.048613562442208496e-18
1.397010192960776079e-18
6.590249331028495208e-19
2.511037501118360319e-18
1.984515012720255861e-18
6.908257767479450976e-19
8.917491543523149451e-19
2.349380298883447335e-18
1.103606272131452788e-17
2.416677449033113840e-18
5.817970151153606060e-19
5.258283461754858456e-19
5.435713180309181469e-19
1.507750744900809415e-18
2.344495904929863857e-18
1.440005900414157341e-18
5.349967286840732419e-19
1.200763556117196386e-18
9.832534456547589967e-19
2.776676971786181036e-18
1.069766074625532812e-18
2.085768620737224673e-18
6.481333610478477330e-19
5.848806919007415979e-19
1.810186642680950152e-18
1.173753087686242307e-18
2.874892526097276553e-18
6.346082969928405718e-19
2.298848389051959010e-18
6.048469872273868013e-19
2.421263528637464774e-18
5.373882440553400693e-19
3.835215546356791290e-18
2.875576004647591069e-18
4.151465845661553538e-18
4.902282451421665980e-19
3.391001884314805389e-19
3.181083330485733323e-18
1.656906825701413016e-19
3.491644134691804297e-18
3.854064028600023677e-19
3.528209178987945348e-18
1.319263388868013080e-18
1.858254247163939078e-18
3.560051746871623296e-19
5.202232764245858569e-18
2.401592906666891071e-18
4.587362469749094190e-19
2.543653232950495523e-18
3.971522232755091867e-18
3.632569834470574735e-18
4.338316901985938081e-18
1.549852756510092422e-18
4.481091393364523712e-19
4.143732381694032648e-19
3.333466726487166866e-18
2.426255902668235174e-18
6.218465375981505160e-19
5.667900613469970471e-19
2.493560864043836370e-18
2.944193172637806863e-18
4.123120255621191386e-19
8.828072029431049755e-19
6.262122430104181056e-19
1.099271841977503022e-17
7.391347907986342241e-19
2.488831205707456742e-19
9.356982765995556469e-20
9.167536436682809600e-19
1.116439395650356971e-18
7.453898226518726193e-19
2.045960903888660343e-19
7.463137104619590701e-19
1.009216668627557127e-18
3.723885229716608740e-19
1.136687255195096214e-18
3.080953462616257556e-17
2.119548765584763251e-18
1.075093769591998576e-18
9.582488120201745715e-19
5.214766814504853303e-19
5.929763517276923507e-19
2.264274208846387976e-19
1.946262155144985689e-19
2.167463205771040931e-19
8.793339138201947165e-20
5.873226725457779301e-19
8.718355987878345580e-20
3.495306636046156327e-17
3.004452840396397153e-17
2.792426539199991199e-19
2.416615104549103474e-18
3.483032928551095905e-18
2.755891058083262874e-18
2.514505706214187701e-19
4.476181741848441389e-19
1.152751568274124979e-18
3.749957428982232541e-19
4.617780920676902519e-19
4.076000587700744723e-18
9.296903055464938401e-19
1.044819826068799761e-18
6.653951953213371657e-19
8.848612242244814905e-17
1.389502863627764766e-19
5.595417363082979298e-17
2.129430592392903142e-18
7.071706091796545775e-18
2.527987096795653716e-18
9.807858166356147597e-19
4.875866452336200749e-19
1.221408291053962520e-18
1.630167895230713602e-19
2.702861488784495842e-19
6.943381382342839613e-19
2.909569216828955621e-19
1.053858646937786714e-18
6.696007818580677541e-18
6.767900365003265362e-18
3.422714573425481941e-19
1.566412319245294664e-18
6.547801005189080643e-19
2.868796112245636472e-19
4.077101325027894537e-18
3.726700573760695708e-17
1.380476961053240743e-19
1.326887136053801414e-19
3.500963388407239495e-17
9.715336808024259050e-19
3.553688997640262413e-19
1.433253128003380932e-18
4.910651270355168130e-19
7.657962004980181228e-19
4.746269401532409261e-19
2.004474726818796526e-18
2.230060492097685844e-18
1.913706979578539851e-18
6.426855530347496572e-19
2.573153762463041029e-18
5.382531113021430919e-19
5.716089162238280019e-18
3.169132408931095139e-18
4.831752982102417961e-19
5.763272449334557609e-19
8.214972273228091278e-19
1.300482717098752968e-18
1.445232454221074845e-18
7.291228849826954437e-19
9.620069687343037686e-18
8.212812113396701166e-19
1.261198710739263530e-17
2.631935510067191958e-18
9.154057795332330549e-19
1.216800982587987213e-19
1.293986732857604729e-19
4.581320682552337828e-18
2.587418496837188176e-18
7.851558498513603204e-19
6.091180253118320168e-19
1.548482393495408046e-18
1.917199274035397777e-18
1.806965160230823826e-18
1.944838792074660782e-18
8.093351084354388089e-19
5.820565122016864267e-19
2.807660751646026064e-18
9.770077632572386340e-20
1.230934513249608140e-19
2.496040940738634929e-18
4.868280338677069564e-19
1.576130673168210401e-18
2.138587542702121837e-19
7.038100089849079777e-19
4.613467135643358532e-18
1.219910474601641464e-17
2.052221862201193322e-18
3.084687640174050277e-18
1.382548847360091257e-19
1.114872386097131052e-18
9.011426150966000935e-19
1.515487407012695395e-19
1.036207387680759924e-18
1.964211490595036665e-19
9.040162964029636974e-19
1.252074441117256704e-18
9.089867555985803709e-19
1.818914673951015106e-18
1.513739752536521701e-18
1.293851615859410365e-18
1.203252338325158778e-19
8.025261496884884663e-19
2.801025399743160492e-18
3.376998464760313271e-17
5.191162173710129970e-19
5.582520077566100329e-19
1.117819215674291749e-18
1.134075969508554405e-18
1.095191056539969034e-18
5.360237448233631390e-19
1.071231249820993561e-18
6.756426690283114844e-19
3.350243368740543471e-18
6.681171065262976365e-19
2.960941374863191450e-17
1.879383280010104903e-18
1.669731387567835114e-18
6.245955920069896013e-19
7.424041561277648247e-19
3.126388267824931280e-18
5.741827055113883909e-19
7.760536591071384505e-19
2.497734986799989763e-18
8.446863115099771176e-19
7.873645539880801019e-19
1.236721876959013227e-18
6.581825831219324652e-19
1.029917178806147882e-18
4.729571160519066892e-19
5.431039665504349546e-17
5.310857581104836289e-19
6.197279217990059661e-19
6.545157131271801627e-19
2.294055406841698685e-18
5.274807487726387854e-19
9.166078511116846079e-19
1.108496069430483567e-18
4.901776377443675537e-18
5.847123342902717541e-19
3.025460568332770410e-18
1.719283189639459911e-18
8.509452111294688981e-19
7.280948393888573702e-19
1.764868258317975335e-18
8.007319908882833772e-19
8.822990699412102221e-19
2.632792822817937899e-18
9.684221312728360355e-19
2.000967067913992434e-18
1.473892034816980377e-18
1.398531360624050877e-19
1.231444737714208006e-18
1.206686142798014672e-19
8.604262189204924858e-19
3.192089063548530386e-16
2.939433134179152791e-19
2.121651666299934439e-18
2.644089185627189645e-19
4.901887227507862433e-19
2.363776688773432014e-18
1.565616354808349031e-19
4.276499689299437358e-19
4.842462810113932261e-18
1.128438183380965712e-18
1.715645174371357767e-19
3.865992717284685013e-18
3.448423869938618760e-16
2.202900509373455385e-18
8.495336641700964404e-19
3.200091622373417731e-17
6.465233108428785970e-17
3.291757091138079717e-17
1.855338820834972671e-18
6.143252580844527050e-19
1.623881168616919820e-19
3.024406892804285736e-18
5.152995909994937623e-19
2.334637583004121703e-18
1.392761502284543525e-19
2.389198393905352607e-18
2.559711999482624786e-19
2.242867184266954843e-18
2.784931057154793831e-19
8.127401787545165426e-19
1.936252934703469180e-19
1.865063547825518509e-18
7.053569609420675595e-19
8.477334237394490173e-19
1.863745310071103703e-18
6.875195916985793664e-19
5.038420583117510664e-19
6.552768939032334335e-19
2.007186409379865093e-18
6.554386476495985820e-19
3.066722760830426587e-19
2.383803748498007757e-18
5.076888245679801210e-18
5.311016646589105049e-19
4.135917958420448484e-19
3.890193288220923433e-18
6.257536366764830815e-19
2.791995498336785614e-19
4.700702969974959236e-19
1.252685982063873153e-18
6.256677550785762678e-19
7.211951305154868745e-19
4.342103736627000258e-19
2.478641311661397721e-19
5.263607287390358681e-19
4.969839800583112647e-19
1.649008350859747737e-18
4.856832572042356010e-18
1.953888806573899532e-18
2.067022369749756626e-19
1.339519769731328566e-18
4.854708234558036109e-19
5.054004025066972396e-19
2.665513361380706290e-19
5.317661546595207728e-19
7.584502604172041440e-19
6.912992895174910356e-19
1.800953633907415206e-18
2.354241660129612627e-19
5.028863943965830473e-19
6.907576159010745534e-19
1.348296965334303221e-17
2.750894851369108186e-18
1.591430392059943322e-17
1.256863458846842516e-18
1.924557176651456712e-17
8.879392655934098651e-19
6.820078910121639538e-19
5.832345897217537379e-19
1.165164940875318419e-18
2.325744905017035790e-17
6.939589601255131232e-19
1.220937837444760118e-18
2.318782026697687574e-18
1.178693740641427136e-18
3.583697357550230353e-18
1.041302621275413330e-18
9.607851378693824989e-19
3.781981792372643199e-18
1.847898155284613161e-17
1.289493322996356181e-18
1.108386980717583043e-18
5.684509847068861693e-18
1.808626174524777595e-17
1.118214214968342117e-17
1.793203536299166739e-17
1.337214632911562752e-18
1.149426565508833801e-18
1.590273546899938010e-18
1.476256192017997751e-18
1.014572007221664879e-18
8.027629884185167047e-19
9.420482533459067426e-19
6.030729200730165456e-19
3.942952761825969721e-19
5.052292125904337033e-19
6.221504810794502986e-19
1.187297445224128694e-18
5.343604403852290822e-19
4.746348003933913740e-19
2.601971957411787396e-18
5.070115395745789966e-17
3.204539827587031458e-17
1.349853554153751242e-17
5.640020169144780317e-19
2.029364994968676256e-18
1.152696755083562275e-18
3.354748977052368114e-19
1.906666574431285731e-18
3.246669039200169552e-19
3.759573357252180341e-17
6.088889678239137300e-19
1.372547033262137287e-18
6.554551924316014240e-19
6.057289909572953196e-19
1.921550994437899190e-18
1.942181973046920389e-18
4.611400053474512039e-19
4.301019899137173086e-19
1.294349877844482813e-18
6.462700034503229373e-19
1.559621611369760876e-17
1.355386601552235710e-17
3.183723847255428654e-17
3.060132357767050281e-17
2.687464906093047871e-17
2.995037802869398080e-18
1.070639140150002712e-19
8.237945131773693426e-19
1.106250318692575949e-18
1.031752009748473730e-18
1.429934300483597105e-19
5.328165923784690250e-19
2.175911850776613710e-18
5.086892930239999794e-19
8.658858721794200451e-19
2.510674389979056542e-18
7.251847540875738114e-19
2.186586861409987459e-17
5.796932834509006834e-19
8.050477227679087634e-19
3.847469112299025588e-19
4.961165637999352145e-19
5.614292332032373744e-17
3.433161662543060686e-19
1.074014840249905871e-18
2.148932056207334778e-18
4.203498647930557187e-19
2.817266846123546092e-18
2.682285352776985172e-18
5.528295832533220436e-19
3.847176539620805074e-19
4.091215796557248722e-19
8.380087943078548927e-19
6.230626758640777366e-18
1.156552690935496906e-18
8.972449118287540392e-19
3.678432748271336904e-19
2.468860674801474747e-18
1.039328137141768214e-17
2.504453281204872356e-18
1.192169296970506327e-18
3.885716790236198068e-19
6.760980579591032464e-18
3.089018992930383084e-19
3.891862719498596760e-19
6.010585259029060110e-18
8.111337675922392823e-19
2.029651841638207451e-18
4.235588823058779370e-17
4.250431913976355910e-19
6.256684667535404652e-18
2.725037146065209981e-18
2.922042512626116288e-18
7.428074498350426275e-18
4.371223862040986315e-19
1.166452561005312024e-18
2.052700256528975830e-18
4.791537549509179726e-19
1.084148083821620673e-18
6.210274706878294305e-19
2.059246175294710442e-18
3.693272784846666345e-18
1.514518064833718314e-18
1.098474429215893366e-18
9.141739491479476797e-19
7.813796521493655272e-19
3.804339603180481630e-19
8.396554567603326472e-19
1.097131405307232111e-18
6.474672012561544208e-18
2.337146630318038128e-19
2.638749927290197635e-18
7.545618440701882686e-19
7.655356455398444181e-19
2.539124582861445481e-18
4.254240105169599271e-19
2.483575431069646142e-18
3.902085280708506147e-19
1.206588260796983742e-18
3.858622385284222638e-19
1.816407676358726212e-18
1.601298712181190586e-18
1.148343432067409772e-18
2.952343296744217323e-18
1.721212597551663705e-18
1.340391836335772236e-18
3.316116619507773088e-19
3.493921271644548635e-19
9.783358253031872336e-19
1.958346688054117819e-18
6.202841765026305214e-19
1.318875210114019082e-18
3.111102547281643195e-18
2.387791619920475870e-18
3.753701492825490571e-19
2.537862674615653288e-18
2.510340287409928105e-18
2.790117079142187656e-19
5.156261328615384991e-19
4.982693883079718676e-19
3.046395617084046537e-19
2.125091794443938975e-18
1.182131580040890907e-18
1.992354915645831039e-18
4.606351745568454326e-19
2.577795686146673636e-18
5.590054451385128110e-19
4.914522032501395134e-19
5.778643756007119781e-19
5.738269136213452826e-19
6.355140387021084367e-19
5.095602116058981542e-19
1.810680669111143867e-18
7.629209635624361658e-19
1.071805892202490591e-18
4.792192920712226702e-19
2.458097513702740999e-19
2.871693382698348512e-19
2.120905037201177855e-19
3.463638419802195173e-19
6.522506238471151461e-19
6.096524318609993149e-18
6.803726724176746593e-19
1.463833705063706373e-18
2.633040147267337422e-18
7.580174862276506621e-19
9.363456838087346620e-19
6.498878931854866606e-19
1.008834427548970521e-17
9.815137433319642319e-19
1.026073181361569353e-18
9.233704492190661978e-19
7.046284034306843482e-19
7.064276056429717908e-19
3.419790533378403100e-19
3.515674276677306316e-17
1.128894316805711290e-17
3.616379496597374158e-17
1.641800190805139805e-18
4.141381056667200959e-19
2.854178587275172882e-19
4.564394250030910665e-18
3.368212399703587778e-18
2.235782709816438549e-18
8.329666570190681918e-19
2.616079780182591451e-18
1.530882885291768797e-18
1.950842321934331827e-18
1.665579288989336360e-18
4.365619649405569868e-18
3.403211868320527229e-19
5.980898233289253197e-19
3.788812573844476894e-18
6.632572440516291453e-19
4.818074182828780937e-18
4.830637865680166857e-19
1.072370190639005794e-18
4.604094798773401122e-19
1.434151860158385798e-18
5.223747860211086051e-19
5.207984593149397690e-19
1.703248170765169070e-18
1.458091960146966030e-17
3.731617022707175233e-19
3.296264671420011206e-19
1.117270911330273376e-17
3.428471960994566091e-17
4.741435947585640539e-19
3.746389867144661279e-19
1.703322331333731912e-18
7.651943871721164793e-19
4.973533648336296028e-19
3.460591648716069033e-19
1.533607236927512452e-18
1.120298604912243897e-18
3.491899957024996225e-19
4.262945435523754293e-18
1.394891552143404328e-17
3.681739502904035999e-18
1.278926664469434441e-18
8.802900872450052316e-19
3.411006421903805567e-19
4.027965516851110626e-19
4.526640848077709699e-19
1.131803435700405451e-18
6.044734986468158852e-19
5.509551805240794357e-19
1.409046181783345403e-18
3.998031530957634391e-19
4.007929248723183020e-19
9.053443350349697660e-19
5.353964479581517770e-18
9.409530318490384591e-18
6.319425178490115678e-18
1.125876823878162393e-18
2.170252237366929193e-19
1.090092932545157298e-18
2.193218900317640108e-18
7.644188346910056789e-19
7.171703018259295197e-19
4.156061625727017208e-19
2.485177978202463969e-18
3.124755661030689925e-18
1.425000493673027654e-18
1.023763714692033673e-18
2.476125422946550201e-18
1.278371924834832195e-18
1.183659883075323289e-19
5.222186698375645585e-18
3.302158630924266259e-19
7.936956247250874444e-19
6.822229176445936433e-19
3.589833847805881687e-18
2.039521116567805407e-19
7.234033939295819281e-17
2.022129575531093986e-19
1.161448281879483280e-18
9.983434796477875658e-19
9.788287645860841366e-19
4.747383460973874110e-18
9.219791206289787011e-19
7.295004286215140197e-19
1.116374705411624361e-17
4.559588935124776116e-19
1.473534250969455197e-19
3.819832479213830141e-19
4.703826610501823617e-19
1.078941116728063525e-18
8.116494335413450966e-19
3.614612277556056867e-19
2.739051181880039331e-19
1.077270664366744858e-18
7.617958368844725661e-20
3.216019685711987429e-18
2.158378578160082831e-18
2.538121297201690660e-18
2.616921002671167640e-19
1.253714619396597929e-19
2.007115149443047429e-19
2.099956694149022236e-18
8.937405949399778785e-20
6.539090966424573887e-19
5.729489393801929030e-19
7.039183421311511273e-19
9.200523752013310966e-19
2.403278619042698463e-18
2.429081728054387752e-18
3.486491924842364780e-19
1.034960891379529912e-19
5.403067229946388278e-19
6.940540171940378560e-19
4.667847597857123549e-18
6.917588283718938641e-19
7.568473800044010043e-20
7.274667240499739108e-20
7.130610955205281187e-18
3.762825830286437137e-18
1.334098919326618322e-19
1.251275916856517888e-18
1.188044429745509172e-18
7.800657086165251969e-19
1.781808392243114192e-19
3.446276033711411568e-18
3.183209872869373874e-18
3.290219832172492386e-18
6.546610717311240781e-19
3.672944518818246619e-18
5.482826820110893346e-19
6.544314437637579278e-18
4.548901849787390876e-18
5.537461785743880025e-19
8.045777428364807669e-19
2.344711718429678119e-19
2.208239473008865958e-18
1.193101571547457797e-18
2.836959857952410033e-16
3.058206630654918575e-17
1.509455821935926823e-18
4.009332972744296731e-17
1.449526287325158421e-18
2.612744860240900033e-19
2.190551812932506520e-19
2.329505830561632715e-19
6.575925344299737155e-18
5.892712535883939348e-18
3.054979721720955231e-16
2.370030377809245119e-16
1.278338838708594128e-18
1.641035918839569063e-17
9.219117327471062199e-18
1.664694096941392176e-17
3.149059317096316960e-16
8.125760475623118503e-19
6.394302942472391690e-18
1.758862918158039861e-19
2.215995769386342112e-19
5.684604852113850434e-18
5.579324199223150093e-19
1.349096613212085390e-17
1.300891934200874586e-17
2.008809671814682930e-19
2.390931415312257830e-17
3.878078250452383939e-17
1.844151314332264807e-18
7.025217431489701551e-18
2.488940202539162296e-19
7.791417567763043840e-19
3.223107463820987309e-18
2.728263483028532247e-19
7.241657919687960042e-19
3.536081169621085269e-19
3.233385730004404917e-18
2.146536344492710254e-18
1.041750156003275118e-18
5.191533713066015213e-19
4.320505557872657030e-19
3.692902355253642220e-19
2.166160801027179031e-19
5.608548941786572071e-19
3.509544117545728901e-18
2.695795934059817936e-18
2.048612451601885656e-19
4.903626485068789585e-19
1.339697021829955532e-19
1.359180605929239256e-19
2.915049815932528452e-19
4.074724030453734125e-19
2.851276440731138486e-19
1.823587373068687773e-19
6.699432266863684882e-19
1.803275570124629208e-19
2.598154050994359273e-18
3.600032105109151074e-19
3.141684413888651429e-18
5.486381499514537501e-19
1.976043436206421323e-19
4.152899762100636517e-18
1.549742755458094901e-19
3.062576617639817525e-19
3.129536465794111850e-18
2.248285960868798240e-19
5.043932367057708127e-19
9.022000640820210360e-19
5.781406070669879118e-19
2.741311540645363145e-19
3.595306634757115746e-19
4.545448117442985992e-17
4.665001026648940603e-19
2.445661096146097003e-19
4.192890032283697110e-19
8.592723246901289596e-19
1.423692251973965199e-19
2.439718195021534784e-19
8.086581498291034883e-19
3.643764403199333047e-18
3.745722935337042681e-19
5.795387931024446911e-19
2.498143230055922196e-18
2.296736149628729404e-19
5.534802454478508888e-19
2.564378991213305791e-18
6.086972670027400780e-19
2.381361505082237360e-19
4.953733419657006541e-18
6.203804461555702132e-19
2.014699974319455752e-18
2.141586348775688289e-18
3.425788342081822038e-19
1.075413358671284242e-18
2.955851714833581331e-19
2.581503781444782804e-18
6.230595040043119513e-18
6.723015006201879574e-18
1.321466980960794663e-18
4.108492657378374535e-18
8.728872954890260933e-18
1.472274122182572852e-18
8.581247697052373858e-19
9.878785052950266585e-18
5.168578056014657407e-18
1.631918163450539769e-18
9.403565666849110898e-19
1.985315126045316460e-18
6.730931447169882115e-18
1.372072678902804101e-18
2.548823267230539556e-18
8.859269357286404594e-19
1.692333204032557694e-17
9.113039928375737038e-19
1.307460287526108954e-18
1.637960229523627252e-18
3.977796517835496516e-19
1.390624150171691471e-18
1.302519887428156824e-17
3.998726255348082550e-18
7.633818717667470822e-19
6.616569454097140116e-19
1.402995225057316704e-18
3.243576608907351039e-18
1.526439293206305750e-18
1.447260093188539744e-17
4.742970317139685666e-19
1.161651526022277301e-18
1.256040992815931052e-17
2.148393818427669266e-18
2.622005114740038853e-18
4.946859813207723128e-19
7.176659964564921640e-19
4.714866270159530477e-19
1.000520828230012618e-17
8.666668363640574480e-19
7.678648330407286918e-19
1.188253014089462421e-17
5.122002376424948933e-18
3.821397256677352358e-19
5.468800085773644458e-19
3.924762236784650482e-18
5.912112856061823748e-19
6.990769379493285010e-19
6.215598342094225514e-19
3.069355730066415966e-18
5.114876352939389817e-19
4.606700654606309533e-19
5.741433347090051495e-19
2.564347219073259170e-19
7.497412942298189842e-19
3.575912757168874311e-19
2.319902996852262753e-18
4.899991248983678448e-18
4.313486275880429710e-18
2.138495409034080274e-19
7.986286982465247959e-19
3.493072977171623815e-19
6.682757715131840896e-19
6.674075656092879146e-19
7.574407117665244980e-19
1.002875997764908073e-18
9.140842859591947601e-19
4.564120684653719034e-18
5.894694500533999422e-19
6.649515741024939538e-19
3.786973257231910047e-16
1.373807146241665827e-18
4.951451247873693718e-18
1.621540729950421147e-18
9.068211153662316303e-19
1.349540617401964499e-17
1.603730765700759839e-18
4.364960667598965975e-19
3.197494668354437694e-16
5.264573464696792700e-19
1.703294054745957069e-17
1.429616581433474263e-18
5.706390384323577665e-19
6.667412357091298585e-19
2.096452642053352182e-18
1.628203860368453454e-18
1.880724408586869096e-18
7.260996805384888357e-19
6.162668842632729809e-19
1.353335843016389607e-17
5.826327323280430430e-19
5.008033182767762985e-19
1.190007037162787035e-18
1.268247321425029950e-17
1.788000495242752535e-18
1.257432637940712265e-17
2.378401660667421162e-18
2.044397350236194029e-18
7.185344857981443258e-19
9.448278089414465030e-19
3.159503946435648498e-18
2.499904207791371269e-18
2.120192603194658178e-18
3.640507904019915109e-19
1.757955368023380627e-18
3.049864917752501696e-19
3.755671442825355142e-19
3.697392533085145942e-18
7.731364271019415736e-19
1.598399687024862646e-18
5.366474768457052466e-19
3.801483434554885696e-18
3.435237997496041338e-19
6.620086851718746210e-17
5.021639841827033525e-16
7.431717518841285046e-18
2.620040285721721743e-18
1.495706220393327902e-18
3.932432105734107790e-19
1.105333350043060112e-18
4.030228970794626839e-19
8.254388969854289622e-19
1.281380792649767667e-18
8.885662898405097697e-19
8.763956170168104842e-19
7.036892931589890087e-18
7.112445434732321246e-18
2.783716161760213573e-19
1.141079345295527639e-18
1.208377587248576434e-18
8.761144100036900871e-19
1.690341632385131435e-17
1.681957954177265651e-18
3.412923452994318231e-19
3.280434483064023418e-19
2.057338263364067975e-18
1.301664031802167640e-18
9.108980359534998998e-19
1.191902503345830003e-18
1.499685642383740934e-18
6.228270614477292238e-19
1.216585772934240486e-18
1.813982090263526350e-18
1.673347132346733732e-18
1.731840337282334549e-18
5.227003661956376730e-19
1.930790435848020601e-18
4.377647778996507256e-19
2.369856109791592405e-17
3.161130260507832890e-18
6.597300912777578173e-19
7.101060878303453398e-19
4.302470246017275683e-19
4.388983639345799186e-18
8.121139560724253218e-19
8.028772371640122375e-20
1.901196932648102331e-18
5.612893538161921762e-19
2.492484148500462840e-18
1.084093845882754352e-18
4.794302401128307101e-19
2.925488123315782810e-19
3.111061605696371241e-19
4.569752719038718335e-18
5.578086617256199484e-18
8.645782109647882031e-20
6.707332979690665543e-20
8.701328003098448686e-19
2.210705271715502084e-18
8.914944992070975521e-18
2.242576151839757602e-18
8.912033200218435424e-20
7.171652501409012678e-19
6.052895920662237303e-18
2.348966387023517691e-19
2.959468598909376327e-19
5.381090297018758830e-18
6.647175557397023131e-19
1.817422129913211606e-18
1.010779690684937933e-18
3.686100843425983952e-19
4.571230881180709146e-18
2.410886955911954726e-18
1.916584566870029270e-19
6.650124386566448074e-18
3.323986659061891719e-19
9.910429981795681786e-20
2.064889700973566319e-18
3.643603575023972587e-19
9.211153572633980037e-20
4.722446373436141121e-19
2.071474491032299180e-18
3.237382264229387310e-19
1.241135292848489241e-18
9.526296625762421569e-19
7.927988103778129152e-19
6.776356504742057512e-19
2.892913858135908365e-19
7.133892016906525446e-20
8.317557206208409089e-19
7.275958856137854547e-18
3.220661476948527499e-19
1.026141264354794196e-18
3.069090375393969948e-19
3.113725005062406303e-19
3.614044018070319932e-18
2.026410908958528572e-19
3.534978547593960354e-18
6.946860253318962335e-19
3.238871579692101648e-18
6.869483507554343193e-19
1.647895668392180143e-18
1.077556640305643121e-18
1.475360371326441311e-18
1.148089575294313801e-18
2.449875100259430720e-18
1.069627075106912519e-18
5.903663575298959267e-19
4.814733272231752590e-19
7.416945822969723095e-19
2.787398137547794742e-18
1.638875915116613674e-18
1.271895235814896908e-18
1.209826921599723013e-18
3.398645375110742282e-18
1.787990678944586971e-19
8.218457237769390844e-19
9.762060928331031897e-19
3.844868985283371454e-19
1.362355001728674448e-18
9.983044171003639515e-19
5.423480807257945232e-19
3.024733539819196704e-18
1.140022583812430477e-18
3.732066718767792688e-18
1.217061343549443098e-18
1.734667515703516212e-18
7.105236542071886906e-19
8.749295649798171643e-19
2.752526057927113133e-19
7.293624759731005150e-19
3.027127169567461536e-19
9.071671493645775953e-19
2.326313217574632251e-18
2.015741880390739699e-18
1.548938590867244064e-18
6.091114952997592734e-19
1.266041361193099006e-19
2.120992651311280396e-19
1.092370618045458065e-19
3.933072359359949318e-19
9.513521201416333969e-19
5.476012620887285400e-18
2.912639891198428030e-19
1.586257766437353132e-18
1.614201729466796468e-18
3.245033285606805254e-19
8.003235903580291464e-19
5.945182244948589432e-19
3.768602606053477346e-19
7.642431560715293843e-19
8.770164552230906689e-19
2.950695418600198334e-18
1.027748692001131266e-18
3.024179700116429696e-19
3.883281679962290239e-19
5.899611423072474261e-18
5.209119826026139123e-19
6.068603661558459972e-18
8.795227108922636554e-19
1.383873745090205720e-18
1.470042634020185260e-19
7.614824716240460833e-19
3.685922416702949393e-18
1.124037457272722004e-18
7.119623416026783285e-19
7.400820353133385272e-19
1.308492908506465992e-18
1.518998489060127741e-18
1.423622087056279319e-18
2.676370428904518762e-18
1.752821831590717228e-19
2.560391309894098988e-19
2.322755243847156460e-18
1.921254278925321440e-18
4.868635136952671209e-19
3.155437938118450625e-19
8.468674590949216843e-19
3.007456945170503083e-19
8.313317777586799134e-18
3.267014214367229759e-19
4.688007887691153089e-17
9.873182674044314653e-18
3.963984829500456095e-19
2.437542670634639460e-19
2.061535859698021558e-19
3.037424980046488263e-19
3.684098634180437062e-19
4.268040491230042769e-17
2.343051249037198049e-19
2.841856212986266969e-18
4.997598078532839825e-19
1.595194443840752169e-18
2.164308540347334614e-19
1.728829863298950852e-18
8.847172751083972707e-19
2.280956243644945711e-19
4.307680858935523667e-19
3.792167505633501867e-19
3.207412099891744940e-18
1.441729379768556233e-18
3.903168155927658024e-19
2.228115493258041155e-19
2.519153096719744567e-19
4.074691009732898494e-17
8.938028193560266114e-19
3.780472498164622247e-19
3.445760504563658190e-19
4.081577744130775093e-18
3.598859216484947491e-17
2.506622098951705247e-19
6.161751065595577565e-18
1.984295252914585200e-18
3.450353840110835481e-19
2.342115908809126434e-18
7.094489183406404760e-19
1.908528343929381226e-17
2.673565021537986101e-18
1.542505140307104458e-18
5.202615609271671853e-18
6.391901851822164111e-19
1.729498701082972077e-17
3.507927741110861448e-18
4.875608548656978549e-19
5.626901098465638197e-18
2.478901386289069347e-18
7.863052696238536632e-18
3.135338612621463926e-18
4.394137001219227887e-19
3.777227372905200510e-19
1.374156491713328141e-17
7.073946760688459818e-19
6.080427367872947308e-19
1.108462676542932464e-18
1.793562882688124959e-17
4.208730175636292716e-18
1.778268693173340277e-17
2.812285407986166430e-18
2.417349824159406436e-18
8.723977243683041348e-19
3.338865714909061613e-18
3.534965782961394314e-19
2.796982053209060128e-19
9.428587356926829430e-19
3.511521975477007873e-19
8.957169263639314901e-19
2.941805913701936862e-19
3.622605183631204886e-19
4.136774731798585096e-19
7.997800566660213342e-19
1.699076349008001196e-18
1.094300168012196508e-18
3.501174929860793971e-18
9.868832565632422414e-19
1.176960151727479907e-17
7.439098908389571969e-18
1.963636553318671773e-18
3.532366508727934676e-18
7.620952174573684443e-19
8.018785701360236414e-19
4.473421397553716418e-19
1.157813663650799155e-18
5.060211448040557914e-19
1.399393388713704734e-18
5.447203092336541881e-19
9.065977383408651943e-19
1.859314505325019926e-18
1.879277273889501214e-18
2.685087007974318286e-19
9.208781783488834004e-19
1.319666734795256533e-18
5.370868980714186061e-19
1.350759182797090041e-17
1.224091135799799689e-18
9.804726817027419507e-19
9.424109386157055107e-19
7.090676269770196261e-18
6.962537341326522757e-19
1.449415789832986161e-18
1.232977542190763844e-18
9.193565367184583119e-19
6.007598310061319773e-19
1.935824383605418201e-18
7.341410893870153720e-19
6.820594202185399735e-19
7.008973014017557273e-19
5.041806997477230398e-19
7.869937921315423519e-19
4.222544431196048840e-19
1.893762089792407727e-17
6.299215709771778500e-19
1.565979904033984006e-18
9.352986911581330119e-19
8.034223351406987366e-19
3.151864798152274603e-18
1.426116306170000690e-18
3.440494259869613779e-19
7.656507833654831465e-19
2.892351008584295927e-19
1.003774205635462691e-18
1.408753444079427428e-18
8.952646759267545169e-19
2.330841980568195069e-19
2.478695072079874885e-19
9.106191692624745357e-19
2.053329323744653805e-18
3.704895635775803028e-19
2.874230274253704321e-19
1.528000554326847598e-18
5.939433507927516471e-19
1.034565453068189156e-17
6.025060016245518842e-19
3.818989709737565103e-19
9.445964924062634745e-19
2.228109662015956599e-18
1.871506304258211621e-19
2.357915451966689473e-19
1.980813719601515915e-18
1.577818486543326618e-18
4.882811849486854266e-19
9.736267911683483896e-18
6.883245154178215771e-19
4.179534837207977159e-18
9.709133518475308090e-19
1.383917965330631802e-18
2.447953276172558344e-18
2.648340147424272524e-19
2.892347750699888337e-19
1.374779698846295208e-18
2.902990480641071521e-19
2.688264723740251670e-19
3.762543477944871347e-19
1.379163775966563410e-18
2.347947455419327034e-18
2.946042559653051918e-18
1.778894226496493244e-18
1.480433878932991481e-18
1.265383804065910705e-18
2.304888887762146273e-19
2.082018294537878066e-19
1.514864162734993954e-18
3.971312402295323540e-18
2.757892969209837047e-19
1.884295565602867235e-19
1.669931808934325829e-18
1.694218088823935913e-18
3.147118679017861729e-18
2.405190344651914017e-19
3.078268267191846889e-18
4.756882178043050555e-19
2.625705793688272204e-18
4.703898232850450259e-19
2.746285153026867638e-17
6.067677439416645439e-19
1.773739613458315301e-18
2.108228341252991103e-19
2.133357438574833408e-18
9.584041299412619200e-19
4.042550306533756338e-19
4.122916716068413731e-19
1.350837168366847826e-18
2.427273353803838915e-18
1.261614236900464571e-18
2.230868986114788534e-19
2.221596170728707879e-19
2.959548995498855861e-18
2.122204286560706939e-19
4.673475912712177513e-17
1.792599981832439318e-19
3.292409717053755427e-19
1.048747162637473769e-18
1.460640447886117210e-18
3.713743799967514725e-19
2.633945622859199224e-18
1.999568010071326951e-19
2.885722347328932702e-18
9.368994345700230565e-19
9.767841945586907785e-19
1.122721248837062285e-18
5.991104906287789058e-19
3.267031907823507974e-19
1.152489076233658403e-18
3.592961826295686973e-19
6.211852675828320208e-19
2.796790524889860440e-18
1.551727394832399684e-18
1.336783475311527588e-18
9.624766390740613740e-19
3.604053991764185809e-19
2.097009705220866105e-18
3.109663560077145827e-19
1.989712080075822777e-18
1.834548204372969026e-18
3.569884467156931565e-17
1.348688711262203802e-18
2.698281806082011642e-18
2.672467954138544037e-18
1.502602423730189717e-18
6.847960760548705011e-19
2.325273666930970263e-18
1.562088612670180625e-18
1.296512685688156429e-18
7.504182488281440606e-19
3.788938564129444652e-18
1.981868203727392916e-18
1.400336867836122700e-18
1.964523345361368134e-18
3.494791140367533035e-17
6.167294246024463928e-17
3.594898170390248734e-17
3.234362663327551694e-19
7.500298708030010527e-19
4.184786678857908429e-19
1.894030452074649501e-18
7.993701012305114055e-17
3.771183090888170302e-18
6.091898623283716015e-19
4.288377116541610001e-18
1.119610642602697139e-18
2.576929600169383623e-18
1.218120808565783150e-18
4.430991538470159501e-18
4.989777358492178724e-19
1.185581117151827235e-18
3.845547208364846366e-18
8.303122839885644786e-19
4.707190747438332759e-17
3.419531430962146582e-19
1.797578491769563488e-18
3.259165210331527312e-19
1.118854352506785693e-18
1.800910344174384529e-18
1.178664167741168053e-18
1.328789985357170887e-18
8.423837369934961264e-18
2.641552120501139680e-19
1.136401928797737445e-18
6.454811296165845027e-18
3.344650319438069887e-18
1.073075496884207343e-18
1.291584595122149095e-18
2.277276176312674491e-18
4.270089030971161378e-19
1.423813448962854394e-18
1.193054386220773271e-18
9.627374655460559194e-19
1.877919298884737009e-18
2.471860236441266635e-19
4.164837764940863960e-17
8.058709536240634470e-18
3.422183605822686507e-18
8.028591584096514961e-19
1.954560659599658999e-18
2.414596994277371846e-19
1.388659054646988323e-18
1.024463354765077589e-18
1.897204464172591157e-18
2.083949313067224157e-18
1.899442527346988152e-18
1.763943573831239570e-18
9.048291950090927077e-19
1.381751461957606574e-18
1.912957608504717243e-18
1.622848070670189523e-18
5.508345813248931244e-18
1.915490287200951651e-18
5.346568075410626431e-19
5.713830030196790770e-18
1.342361167128505918e-18
5.310318555534415656e-19
1.615187469914390075e-18
5.983346687169686260e-19
6.581984962423922448e-18
1.381995641949151735e-18
4.190888587282347079e-19
2.863330006247158221e-18
1.331713479941657033e-18
5.138346220248361323e-18
1.574211498682950149e-18
6.555539303952289829e-19
1.719355706644977629e-18
5.229652591708093225e-18
6.621796907553188105e-19
5.691780911461716797e-19
1.253634374374380329e-18
5.369641741369323541e-18
1.888215895482906530e-18
5.323853372747467846e-18
1.510813785482980381e-18
1.298646797477830150e-18
8.166361366305067551e-19
1.149457469995159970e-18
1.808752067675904331e-18
1.431144566201741300e-18
2.208125626255954992e-18
5.961522208684830018e-19
1.736657435784992125e-19
4.994313409014642707e-19
6.150108530242221956e-19
2.116682397808633108e-18
8.608334803560339830e-19
1.855478514513019072e-19
9.104759945085432330e-19
1.573497925373493319e-18
8.925385870262617993e-19
1.508297233826741454e-18
2.623851868819598898e-18
1.238617331447580386e-18
4.544873769361323358e-19
1.477585481772821330e-19
6.671763470034916976e-19
3.435695227538502243e-19
1.047128284447043044e-18
1.992592786112988039e-19
9.630782334574638745e-19
2.144981034435852864e-19
9.758053853358014839e-19
1.172813353375026351e-18
1.185405414307005024e-18
4.558480892922659330e-19
1.607124850963639563e-19
9.082094555751907455e-19
2.114922448601072414e-19
2.155889804753909656e-18
6.916596414265461696e-19
8.867408542245656964e-19
8.523177609470855515e-19
6.745661482321362656e-18
2.076437965531740714e-18
2.113514645400068818e-19
1.327100294635287992e-18
3.620210779216316382e-19
1.019911907042035680e-18
2.822787784134772231e-19
5.638380141263228698e-19
2.453459124055247974e-18
5.383059853778758245e-19
8.559492037147197367e-19
2.830922120042420085e-18
7.168627330123418580e-19
3.022553860088233554e-18
2.836142499969339702e-19
1.163790782138666875e-18
4.663202623354301173e-19
2.036199154592362857e-19
3.206985123225221371e-18
4.454978748356404025e-19
1.700903752602425776e-18
3.627513357676715185e-17
3.250994765301610704e-19
4.755698574523409618e-17
4.859395855712532690e-18
2.268965021913676727e-19
6.060860527188980946e-19
6.445321152849893386e-19
4.099948066908860375e-19
1.139916097579993061e-18
1.831617905425660495e-18
1.420955447112672341e-18
4.773250237411888728e-19
7.345944059263592313e-19
6.882131801420797302e-19
7.451847684458602266e-19
1.888023475059904382e-18
4.709559505472910590e-19
1.236946281112650696e-18
4.866455461343124378e-19
6.131259351090855542e-19
1.099658695353956233e-18
1.172588872818169110e-18
6.039105017400179007e-19
4.025257736726394574e-17
1.744494439694039143e-19
9.852434398490658462e-19
4.600009860229403786e-17
4.624881597336139355e-18
1.358993568817213165e-18
6.886447213457506780e-19
2.377413367286326611e-18
1.155259134037458668e-18
7.548611429520304220e-19
2.209663926987285649e-18
9.783696808888500696e-19
1.158943175300049104e-18
3.766509739005202797e-18
2.189413265061937893e-18
4.508441901191389029e-19
3.752021920308326488e-19
3.206997514728851454e-19
5.993375010342270276e-19
1.711349585530063304e-18
9.454093791125389982e-20
7.576252421170307610e-19
3.692107852412709395e-19
5.850354461153632445e-19
1.038977090348155773e-18
1.054087221360745055e-18
6.342424369361647006e-19
1.069151982168020136e-19
6.203669344736334071e-19
2.147102718842562400e-18
1.315364803007594633e-18
2.123187480137852063e-18
4.127916087765441940e-19
3.656217245168654945e-20
2.742923275616889786e-18
6.545620181106713888e-19
4.299379714272022550e-19
2.505646553980690850e-19
1.824676422359322398e-18
5.519522821293930667e-19
8.430420099991813856e-20
4.891711829269812979e-19
9.588400299315174211e-19
4.458200979377580869e-19
6.897604232352078797e-19
5.964413034855629998e-19
9.433593996362893586e-20
1.884051506470995230e-18
5.565658324638687705e-19
4.407688008710794839e-19
7.970588246407428192e-19
2.093731848218255775e-18
1.676263802959119601e-18
5.308220823502274385e-19
3.995965749811794007e-19
1.209399626789576072e-17
7.120533801940745429e-19
5.885835647349484371e-20
1.487715563684219654e-18
2.704190928364331202e-18
1.452256636495498362e-19
1.527160849110906360e-18
1.597138566176145657e-19
2.803829329825309578e-18
4.324976320953934790e-18
1.179329067625320322e-18
2.112327065573791317e-19
1.275375768576699472e-18
2.091595362095941532e-19
2.533457885007715544e-18
1.804678258094667612e-19
2.505681170048557821e-18
3.238603683396268001e-16
3.283686642459024376e-17
8.351357683183042917e-19
2.340642168458268050e-18
1.837243709499134208e-18
9.304423023193004328e-19
4.454829921052949719e-19
3.142616326648376306e-17
5.669738928729766201e-18
2.434887073516287601e-18
4.881724333823298119e-19
6.324354522680487401e-18
3.498673760273993111e-16
8.671173683438699633e-19
2.473960531216759555e-18
1.531703885368262287e-18
3.330214945232410484e-18
1.575578989968165804e-18
2.439511029500963502e-18
2.250845986032521136e-18
2.428620777841203895e-19
3.446594257212755490e-18
8.090143094036190786e-17
3.621155049137151286e-18
3.962985947491223088e-19
4.994461480647378658e-18
7.283445634399585025e-19
4.839545838676910483e-18
7.924287558302646277e-19
3.046177342666136559e-18
2.895793238603750835e-19
7.341361938513133411e-19
2.643701454758025975e-18
5.769305016182602532e-19
5.939118141521740306e-18
6.670652652951008461e-19
9.856791723452614553e-19
6.357818167674086824e-19
9.359570785237099198e-19
4.871846854739318662e-19
5.593818643072933532e-19
1.111574880036880403e-18
1.597385757660531428e-17
5.153009123115840414e-19
3.074209763102371464e-19
1.224005542851695714e-17
1.709465965998335138e-18
5.092705695295033012e-19
3.494011996616246985e-19
2.382740803182192860e-18
2.364586484562409879e-19
1.076908969883424244e-18
3.227466751937217841e-19
1.175400056732526400e-18
1.029733026252293360e-18
4.821982595229908652e-19
5.254824980210596121e-18
1.528147716177161067e-17
1.296966497212777907e-18
9.802056470376280127e-19
4.568744323468076507e-19
4.710276296876122120e-19
3.756619128526754161e-19
4.861997479750639561e-19
1.040307799952862912e-18
5.637527675458552228e-19
5.138397440243377757e-19
1.225650722627138768e-18
4.294226089470822152e-19
3.737932615993576029e-19
5.034812514789236876e-19
2.896129668793341522e-18
4.763930407958432333e-18
3.418378067120724892e-18
5.165063946354167814e-19
1.355568957214715143e-17
3.092044901974640518e-19
1.202939684752456159e-18
4.251095816813369881e-19
5.458338329873662407e-19
1.688539405916008525e-17
1.581559909069104320e-18
8.081685512205827986e-19
1.539236001552686466e-18
3.088984735892554994e-19
1.700051201788362896e-18
3.626097624341134177e-19
6.702976758830563350e-19
6.490915469288272745e-19
1.341612679269618384e-17
6.040767778113388927e-19
5.192355973772060389e-19
1.315603090241686663e-18
1.273912527585981946e-17
3.228671690640556433e-18
1.263049535376331869e-17
3.504418024166455107e-19
3.012284695729389365e-19
7.449804531113958259e-19
2.603851336095934052e-18
