5.719200428023182847e-02
3.405743919341315706e+00
1.182214003349825460e-01
5.239218539862897095e-02
5.278675253905903975e-02
2.284844967197746379e-01
2.245750334634875056e-01
3.088882257000747367e-01
5.684272614185261752e-01
2.429160683157342848e-01
4.795948033259103127e-01
2.802546706656651176e-01
2.995411518684883145e-02
5.995782383897071410e-01
2.175793902907141864e-01
5.296517069166113423e-01
2.071442540132215071e-01
1.387973517094244491e-01
1.917055486989721266e-02
1.651194378155705911e-01
3.080318879162611267e-01
4.118197924018195816e-02
8.072914764984376323e-02
3.597043987500186946e-01
5.520914258715557688e-02
6.207121591233012714e-02
2.692925679795271643e-01
3.806352977330349635e-02
1.180014774053744553e+00
7.143733785795447488e-02
5.081602362043410870e-02
4.209109832280872321e-01
2.961922644488382828e-01
1.166377206976985548e+00
7.624807849968147019e-03
2.128010884277800885e-01
3.092886353394940641e-02
1.982521293630822024e-01
1.814902803217500749e-01
2.839689010309575171e-02
3.060314204979771094e-02
2.073040024805790638e-01
1.907623019955698718e-01
2.736157642351173536e-01
3.583547903325376982e-01
9.443986937853031394e-02
1.460073760044768576e-01
1.975012227943215293e-01
3.844591343725840132e-02
3.558638832264382490e+00
2.733323397342845434e-02
1.023756842450834759e-01
2.043681573772375137e-01
6.319012329146994622e-02
3.685993821720364577e-02
7.382519974774008620e-02
1.273367281834056008e+00
1.303773282725857463e-01
5.983777497538041168e-02
2.752641918657309783e-01
7.174179144608554271e-02
2.986206723459828849e-01
2.070684104111826865e-02
3.992992497926347445e-02
5.046351434089087901e-02
3.732261448756989952e-01
2.895402860590014921e-02
7.674797618828771428e-02
4.967589031337035776e-01
6.787312729821400048e-02
6.867757410380292971e-02
4.295753894946845869e-02
2.714913577615676310e-01
6.678531162987831615e-02
2.477231578090671182e-01
6.861400770094590318e-02
2.451170570022393469e-01
1.000206224493898066e-01
1.088187323730639700e-01
5.214847020174610825e-02
3.997960969939189368e-01
4.182109147099130619e-01
1.054038903423108881e-01
3.465866814498057974e-02
9.978317488703680738e-01
1.438425526750122807e-01
9.136050585815923275e-02
5.479627902366614178e-02
1.552374247144117925e-01
9.836928630920137306e-02
8.647637504769889460e-02
7.251964701567929772e-02
2.205864368587352464e-01
4.131721249797688789e-02
2.412869129362185394e-01
1.069162928973184545e+00
1.278664310131236714e-01
3.813979873169320300e-01
2.355638820130759870e-01
1.580757806072141669e-02
5.972509083027970761e-02
6.514240162365831033e+00
7.471236978161011066e-02
7.459285611676396144e-01
1.252415072810398877e-01
4.900406746492931287e-01
1.334498509155652470e-02
4.458654398577086703e-02
3.292032400264706393e-02
2.941615423666200102e-01
1.635068883636729420e-01
3.721019633975669039e-01
2.658855171817751661e-01
1.856899762280692368e-01
4.920894968490391319e-02
3.397241069430272792e-02
1.783984512101966236e-01
8.484242712981221457e-02
4.414693385183335872e-01
2.018772667916192420e-02
1.620125731793231383e+00
1.112746131639864335e-02
1.864307640860074222e-01
3.996145416905836356e-01
6.026623748849546658e-02
1.241001204957947468e-01
3.404214076316031123e-01
5.193804648639250426e-02
1.220333075323131594e-01
5.697688548913717455e-01
1.876496506264913600e-01
6.667186299676403083e-02
5.826136384739911793e-03
3.282024089112220988e-01
2.453897553584319380e-02
1.795758001615821442e-01
6.011736149884994163e-02
4.320620193817571036e-02
1.227492231887244434e-01
1.309156199104451190e-01
5.951572246215422468e-02
2.527568435797648005e-01
1.638052431174540427e-02
1.268088871032111709e-01
1.074394322978760474e+00
2.619639642208365649e-02
3.820702053949331933e-01
2.639596852948398187e-01
5.664843905859907602e-01
5.113941555416831042e-01
6.413584180437592597e-02
2.974869172483730062e-01
2.328587132743808741e-01
2.171072494861808477e-01
2.259473406441003807e-02
1.676495903695522996e-02
3.564690268936048789e-01
4.474705101765068249e-02
3.132523123422450290e-02
1.873709505850393031e-01
2.145473813866315138e-01
3.460828673600958166e-02
2.324836792909709127e-01
1.312845237818653470e-02
3.921360370547443797e+00
2.394203703934053296e-01
6.729243902709441949e-01
5.761241219851571949e-02
1.239438461183550999e-01
1.259552237272844044e-01
2.306020902073479539e-01
7.149256514122402650e-02
2.194149826846256701e-01
3.557892662516671245e-01
3.065519074697327720e-02
7.979147158300212705e-01
9.714003680084309922e-02
2.133368345298884000e-02
4.946512491482196516e+00
1.048096277212038074e-01
2.530005300244924649e-01
6.225089324513810585e-02
1.190556931675342683e-01
4.922441893954041525e-01
6.186986293288808669e-01
3.891934376678231333e-02
2.045740253544888754e-01
1.992578878724812208e-01
7.790322426141643719e-02
1.907224146620871696e-01
1.159755476628983706e+00
3.188194611079856466e-01
2.880685660217615629e-01
5.816640225480632781e-02
5.629812297856385817e-01
8.753111452496296907e-02
5.983221888551013695e-02
2.197815366300709672e-01
1.101577989437916433e-01
3.234045614899340448e-02
5.688396885594460689e-02
1.863079249394453130e-01
3.573083422594413583e-01
2.745065583124569053e-01
1.410783776251088861e-01
2.305281345604201226e-01
2.068494038920880643e-02
6.758451062438684820e-02
7.166227633210173198e-02
4.801659325539538864e-02
