1.662671563098121474e-01
3.339815650734168084e+00
6.928180646175756685e-01
2.695829492349550646e-02
2.668195181375854208e-02
1.231324405511412812e-01
8.369558437938447171e-02
5.438752410100167189e-02
3.064531653910108622e-01
4.058025023669773607e-02
1.847842842288500986e-02
1.372747793494129565e-01
7.373276454094215837e-02
2.962580472397783327e-01
1.317986743045003808e-02
9.634670144878577924e-02
4.325134346208517333e-02
3.070118078334914680e-01
3.414388256643913766e-01
3.098033720735197602e-02
1.349987641478805206e-02
3.218166519160404193e-01
1.482973785777094988e-01
8.935516874044907576e-02
7.873596404408836347e-02
2.717492046939674541e-02
4.122470511009728167e-01
4.559308676818919076e-02
2.294734484820449005e-01
5.440480855655671633e-02
9.514482470508961454e-02
2.779945621983043735e-01
5.979803759627829729e-01
2.560603020732632115e-02
9.207087277294469241e-02
6.582992696357925499e-02
4.138532168624236007e-01
6.844813493097842705e-02
1.876479138674376490e-01
8.065711055424026887e-02
3.146034428493039992e-02
4.342712497114503689e-02
8.680025909231042780e-02
2.972948908102431009e-02
8.623886277726282301e-02
3.951437735525974854e-02
1.149449491804668821e-01
2.261703600882123411e-01
1.217982121848293797e+00
1.451859921972749878e-01
5.558145839068481808e-02
2.646122005960960810e-01
2.053884850115649807e-01
3.742128643979735630e-02
1.650276924407225176e-01
2.736786346420121419e-01
8.872788811771215034e-02
1.411738536297717506e-01
1.292055348766672496e-01
3.430036776037063972e-02
2.028622330499793291e-01
2.976390599654202829e-01
7.202468784222018638e-02
5.806261641455551931e-02
7.064259712371645961e+00
1.754616223336187206e-02
1.764585009076877209e-01
1.146043758159672299e+00
4.947142064131059003e-02
6.936836236835926262e-02
4.585698474274240710e-01
2.770241662809252436e-01
8.053216056133830417e-03
5.663543331943163978e-02
7.936923272128535434e-01
2.599183356289518354e-01
3.493371384104072552e-01
5.012566213920022912e-02
1.033053001876668708e-01
3.175614036018357567e+00
1.175216350407389670e-01
4.023754493865637494e-02
1.294395954340066268e-02
3.225209741620002735e+00
1.535713971394208621e-01
4.044643581208520744e-02
3.520135718318459506e-02
5.873624083683037095e-02
2.075559258880985136e-01
1.188420561104298834e+00
1.131031248707131676e+00
5.791126376280909815e-03
2.032161898582956761e-01
2.913147403692951110e-01
9.587986316753872862e-03
2.352518728548133042e-01
5.074618599504852889e-02
8.879581114898658922e-02
1.188550847280619160e-01
2.636076499842262555e-01
8.536064291860016862e-02
7.071105813128903961e-01
1.091937246199295108e+00
5.978431009741164842e-02
4.742288248469131440e-02
7.696373688854922512e-02
1.107481492716144017e-02
3.600944512576696732e-02
4.386210686267004444e-02
7.379011110577115597e-03
3.009087043274384365e-01
6.948419795222758599e-02
1.323198758411845422e-01
3.081233943913195272e-01
3.459415323281899712e-01
2.515224750817731669e-01
6.677323943096059866e-02
3.356100939059908361e-02
5.048310285776834716e-01
2.287988848706761780e-01
3.901060120181465973e-01
1.034000222658081336e-01
2.278666147626360050e-01
2.337523839526424452e-01
1.070378039442531903e-01
1.562870353891303798e+00
1.097789933019274605e-01
3.450224087965749753e-01
5.723198430417598681e-01
4.139366633603917822e-02
6.296788462560913568e-02
6.419226402580351099e-02
5.973261704577063208e-02
1.084951156652575049e-01
6.329904264803448699e-02
8.197935847268489340e-02
1.886407862964260829e-01
1.323376092015024819e+00
5.000579916730003571e-01
3.576157403543241964e-01
5.595229044794911705e-02
6.492201158825258722e-02
6.535188914106039582e-02
1.101686268741609680e-02
1.629350353796251982e-01
3.888675178051540504e-01
1.014019596469422357e-01
3.467251210782729132e-01
3.268552275249123618e-01
1.468416141081010928e-01
4.144826695305959263e-01
6.337960871930839457e-02
1.551161395781152329e-02
2.167032673014308575e-01
2.867187404235516102e-01
1.100290758210469566e-01
3.188361008501780613e+00
3.747922478682307101e+00
2.948161996827896036e-01
4.129572918601261827e-02
2.791033176983045982e-01
2.533663729785621058e-02
5.246770752534295479e-01
2.223893232101979700e-01
6.981100296244587000e-02
1.854395997955348707e-01
3.707623275414101971e-01
4.223895589679929619e-02
1.002174431372390428e-01
2.925496765664782617e-02
3.150571755523997597e-01
3.666553410416450998e-01
2.882028718403903955e-01
1.194781227032111481e-01
1.434980555330808150e-01
7.703166010493120441e-02
2.664481843383281201e-01
1.656191319980752918e-01
3.850020843391559200e-02
1.496714868141943607e-02
2.526209416602311908e-01
4.063228937625573689e-02
8.751556575631846968e-02
5.259870248790905062e-02
1.227478623155364851e-01
2.479428793837952158e-02
4.225662817447100456e-02
2.118078998070237473e-01
6.153865570195322238e-02
3.474060131528198259e-01
5.106042611908144790e-01
1.713264795457702938e-01
1.198962575951256992e+00
2.081330495244748391e-01
1.237928891805032960e-01
3.127389073498691718e-02
6.435811381312761537e-02
5.424064302203414067e-01
1.380058102608512360e-01
7.577069094870012012e-02
4.016478909746280523e-01
8.634166000462704937e-02
1.603235311308820812e-02
1.438635638090903814e-02
2.578173368942352287e-02
9.673539422501374607e-02
2.168250209567819664e-01
1.261266387533327649e+00
1.961459819125102935e-02
3.761907988827973420e-02
