3.026877941330260308e-02
1.034804993950996007e-03
1.411142728535469577e-02
7.233788599599814788e-04
2.243501787454224398e-03
1.306716091299573168e-01
4.034010817832668974e-03
1.040423021862097418e-02
1.260727576547089265e-02
5.956663366908032664e-03
7.494982334169362180e-03
1.524423042573839647e-03
1.497212860912262161e-02
5.005515574546709479e-02
4.191021294462552935e-03
6.657470465462129094e-04
7.658929744026218324e-03
1.327469066093882929e-03
7.059986892097422709e-03
1.666321475321748662e-03
1.310738330674310510e-03
3.257486359410660497e-03
7.410358274754836640e-04
1.580684068124064067e-03
5.636986214759511782e-01
2.622071167377203367e-03
8.211093598203702756e-03
3.604676341095434250e-03
1.117996163413181171e-02
6.930387344351965004e-03
1.743003716160768102e-02
1.662559501911738818e-03
6.359093742753172676e-04
5.627431210224226495e-04
2.899826576795839703e-02
7.566679778315403213e-03
4.393679319367610470e-02
4.649467347712102350e-02
1.320310427831546118e-01
3.433282887246228050e-03
2.781066274365960947e-02
1.638430077525388417e-03
3.256773861604247283e-02
1.529773888734151967e-02
6.087056563400625609e-04
2.278746976692583998e-02
4.645996259116056196e-03
1.884861881586334317e-02
9.532468006689990246e-04
5.271837031161427656e-02
9.574331865289199828e-03
4.228968569653482334e-01
1.320209763704695977e-03
1.122060139792611932e-01
6.267868422896560442e-04
1.893601770216803929e-03
1.821918691472690800e-03
1.696618070837167466e-02
1.969392672150101567e-03
1.804837682254291798e-03
3.566136434263627360e-04
2.466432346957439081e-03
1.384932663686618340e-02
2.393712995066710550e-03
3.225880477968870192e-03
8.192414294311853393e-04
1.819790070664557705e-03
1.897541041827687132e-03
3.830337957492773067e-04
1.150223940507714114e-02
2.610491557033838700e-03
2.831588123848727268e-02
2.126267763755970708e-02
1.742748174449262888e-03
2.534102447713363487e-02
1.069863069419320183e-02
9.680083088961130913e-03
6.579803112219975714e-02
1.087024268258435667e-03
1.908833629937961920e-02
9.409351867489296369e-04
1.078668015387793111e-03
8.559314899530913456e-03
3.837292392269456894e-03
1.557859546212491536e-02
4.069162940028677594e-02
9.163161390482540579e-04
6.582129300192490371e-04
1.047215487536061864e-03
2.259780054578144817e-03
4.042354043402266871e-04
3.579274094913348914e-01
1.430316117352786742e-02
3.794562975410374563e-04
1.475995811528983334e-02
1.676403617074369605e-03
6.420185660420092222e-04
8.178412360091789207e-03
3.092792070387385614e-03
3.664974246848444472e-02
3.289714150494596479e-02
2.986766462538881835e-03
7.706473958033824290e-04
3.802463297662854458e-02
1.378336052253381497e-03
