6.661051435311838523e-04
7.605181303082957957e-04
2.051461419148055323e-03
3.392295246656765184e-02
2.856191219916569442e-03
1.508149305856103239e-02
1.196010480630828494e-02
2.166168742018200616e-02
4.311866037488137730e-03
3.543022424119957742e-03
1.529238295700391728e-02
1.560184124161968517e-03
1.245849697122655697e-02
2.692939282891837656e-03
2.230515138955497037e-03
3.614274392137779846e-02
2.536019665924111460e-03
2.024333791832328561e-03
8.173872866451428829e-04
1.039149608379098897e-03
1.749897174347621667e-03
1.428934312536213032e-03
3.043229440740084779e-03
4.090094471039498747e-02
1.076322497008584678e-02
2.710723178329796194e-03
2.546042708026673151e-02
2.769016329741297213e-03
2.715073132698299536e-03
1.408422942453407085e-03
1.632808285681881105e-02
2.973485508126031546e-02
8.790042624185015821e-03
1.056193950415370078e-03
8.246654151474561156e-03
6.959462221696821084e-03
1.531889849246138944e-03
4.065382622669489084e-03
6.433748885256804911e-04
2.254974511079298975e-03
1.137407605191341139e-02
1.125180789878143725e-02
1.726087051891099337e-03
3.751073585165407009e-02
1.294362076810803668e-02
2.633494335910045985e-03
6.227312827468731811e-04
1.346802786871533625e-02
2.432485151088683434e-02
1.680472080247155317e-02
3.822128110230402914e-02
3.277543515228796556e-02
3.275261888436999808e-02
3.647232267339588913e-02
1.916070414987233999e-03
1.493410105192262156e-03
3.717925918376416283e-02
2.453029065585939691e-03
2.946289233711177000e-02
1.158879541894340410e-03
1.683193400956011377e-03
1.397709374106692907e-03
2.256881531113356931e-03
1.279127674337110802e-03
1.079381015850096760e-03
7.525096700659179546e-04
6.660601555800111165e-03
1.253350000260468680e-02
1.836101696643012773e-02
3.606445154825634047e-02
1.206383970738063825e-02
1.217838361112236201e-03
1.070696793745799010e-03
4.764332703170129357e-02
4.468507648693379971e-04
5.361519718020620745e-03
3.263799898900487419e-03
2.674513303611817001e-04
3.232649786676413881e-03
1.090585746252744747e-03
3.547684913621845793e-02
2.937357562547509801e-04
1.687054848343519028e-03
1.823263687359380882e-03
9.325087803116852451e-04
1.800306304792903545e-02
6.758858043711539476e-02
2.196343240629846250e-03
1.205203568085531050e-03
1.891348732147045408e-02
3.577625791930238996e-01
2.114068345884689490e-02
1.686977022672167840e-03
3.471999419961756261e-03
7.746285678862842999e-04
3.015316465539712859e-02
1.937528652392430978e-04
1.593993487850813929e-03
2.016683804061313642e-03
5.706020780856927745e-03
1.288728572763181424e-02
5.938932898138294947e-01
1.200252370719274292e-02
7.640346474497667836e-04
4.860276127959405404e-03
