-2.107880839968865416e+01
-3.675049082363790376e+01
-2.578118075168234213e+01
-1.547699547555166077e+01
-3.244227922283653243e+01
-3.443826426075952440e+01
-1.059054740979698295e+01
-3.146739183187003164e+01
-3.058061866101775195e+01
-3.029155553441157167e+01
-2.869734761638335385e+01
-1.499562174132290693e+01
-3.092372090121165229e+01
-3.064254818587625095e+01
-3.737690498464328925e+01
-2.988929053208534015e+01
-1.023781690023045599e+01
-1.134363254399889342e+01
-3.417140059143557096e+01
-2.573107190819266066e+01
-2.095219350484126153e+01
-2.569299822572261860e+01
-1.012189443167054037e+01
-2.572968151392413461e+01
-2.948886388242283374e+01
-3.184985073401131217e+01
-3.086364978420536431e+01
-3.004365278035592723e+01
-3.672743244990917333e+01
-2.662134013503452934e+01
-2.730731193225952325e+01
-1.615284637342196561e+01
-2.149598151245106692e+01
-3.043677712718417183e+01
-2.582894534390257490e+01
-2.905901002395998489e+01
-3.034252574806237135e+01
-2.931439293782685240e+01
-3.126714781288600875e+01
-2.994101157519563117e+01
-2.963928004082538337e+01
-2.880294811366186991e+01
-3.125663633765148575e+01
-2.316122042311897644e+01
-3.184289599478043442e+01
-2.810719748406020813e+01
-1.279501628756730724e+01
-1.348307951134938776e+01
-3.099618734073052906e+01
-3.075640618247595626e+01
-1.145290373695931407e+01
-2.388490376441453122e+01
-2.970621181782459530e+01
-3.333326947102671056e+01
-3.641996064572373371e+01
-3.632815414281228072e+01
-3.566324411721072352e+01
-3.313344035940113486e+01
-3.579114870599258325e+01
-3.607978289472873712e+01
-3.069092706652585889e+01
-3.612810835280805577e+01
-2.718344372634263095e+01
-3.099848129996698276e+01
-2.931821741800825976e+01
-3.285634458744843300e+01
-3.739208468398575747e+01
-2.981747624511226036e+01
-3.675453419413213396e+01
-2.797171122542587796e+01
-1.195028037293985790e+01
-3.681758438310885140e+01
-1.903416595583198045e+01
-2.811149352663204581e+01
-3.262651437052090841e+01
-3.596543393474789241e+01
-3.371484006009436030e+01
-3.399600291916465267e+01
-3.355700151270593778e+01
-2.900638162912034090e+01
-1.985573711287443643e+01
-2.635271199115575769e+01
-3.710091376957899456e+01
-3.642251474494582908e+01
-2.855106224259790793e+01
-3.001006124224849714e+01
-2.033160586998019426e+01
-2.892110864251591806e+01
-3.244048058631545928e+01
-3.499546982628308456e+01
-3.180014580304154492e+01
-3.233243963366254548e+01
-3.135755760886868870e+01
-3.483701750893862936e+01
-2.732117037477473787e+01
-1.812061445587471553e+01
-2.274844647888087934e+01
-3.313953553866474522e+01
-2.671414086068244842e+01
-2.858313683533597782e+01
-2.737836936741686600e+01
-3.079468847146912935e+01
-1.384320912822303740e+01
-2.977094893979452195e+01
-3.040426406656089853e+01
-2.992973148393394922e+01
-2.920935178218471151e+01
-2.993319981457543122e+01
-2.017580134440260053e+01
-2.622861640463074195e+01
-2.615383687888285635e+01
-3.293941497833864673e+01
-1.976224249325261439e+01
-2.518053721282606716e+01
-1.352856080371768144e+01
-3.028887479578830266e+01
-3.085524328931137461e+01
-3.538352200356519006e+01
-2.248679114057716788e+01
-3.523005679180934635e+01
-3.215734358396258585e+01
-2.693579618438135981e+01
-2.605855319332343356e+01
-2.857977590851658078e+01
-2.697965825017845987e+01
-3.238191654516069207e+01
-2.066700547870939886e+01
-3.076344699730483967e+01
-1.799861963981575741e+01
-2.992094258979113874e+01
-1.762905925592738754e+01
-2.697358336541091717e+01
-2.529445730380084001e+01
-3.101296113525245346e+01
-2.760167743834753651e+01
-2.930316806595220669e+01
-3.074141740167402759e+01
-2.740138867699010916e+01
-3.556006507587818533e+01
-2.758336201812892341e+01
-1.169768165949326999e+01
-2.849069329727180389e+01
-2.745689122068429810e+01
-1.095200267393855142e+01
-2.714465336835306175e+01
-2.847700870777811133e+01
-1.832507419126031323e+01
-2.828992405155398160e+01
-3.092946867679506795e+01
-2.787063178488378412e+01
-1.807627622469988182e+01
-1.776556895903834743e+01
-2.238596894445373664e+01
-2.849034405175402185e+01
-1.189988106819191671e+01
-3.284921333888246409e+01
-1.814971567205569158e+01
-8.999134893133259538e+00
-3.537920840085385521e+01
-2.879432186359971979e+01
-3.122671657533581424e+01
-2.735920944823411105e+01
-2.509469955890850201e+01
-9.780740626545679106e+00
-2.849206579565770880e+01
-2.889109625869340903e+01
-1.745648419440107091e+01
-2.807530607428284952e+01
-3.533058735507023584e+01
-1.567269014977173924e+01
-1.607910307120019411e+01
-2.601357972747996428e+01
-2.859295646011455005e+01
-1.747639636999824120e+01
-9.650879284550200055e+00
-2.872325439599873675e+01
-7.954809484886084192e+00
-2.799855693945187340e+01
-2.249498704153549511e+01
-2.899284114198579232e+01
-3.176251965372861719e+01
-2.308839014329262795e+01
-1.042957120371872293e+01
-1.972954657431543524e+01
-2.564069313309016707e+01
-2.982844447843285707e+01
-2.983089842682267090e+01
-2.977147578172750286e+01
-3.370382773407180821e+01
-3.037824966299007201e+01
-3.110093228588928582e+01
-3.112597499331224071e+01
-2.259027040931360375e+01
-2.666189827146521907e+01
-1.925721030649000909e+01
-1.994835186053487064e+01
-2.911468980382622362e+01
-2.932622173698894130e+01
-2.574107129309894049e+01
-2.934370263371926058e+01
-3.312566163680423870e+01
-3.381610655223204276e+01
-1.832086300723386785e+01
-2.789290615008857799e+01
-1.553424568321480592e+01
-9.688875986303827403e+00
-1.427045149923097256e+01
-2.476069032772014111e+01
-2.546818160429054956e+01
-8.625879498369982912e+00
-1.341070530293981733e+01
-1.284212609716382758e+01
-2.745209534083551262e+01
-3.009404690718085362e+01
-2.651739572118552246e+01
-2.647831190485115371e+01
-2.601201823910153621e+01
-2.566191923222996252e+01
-2.400812530750891938e+01
-2.086975528182958328e+01
-2.405611969954131268e+01
-3.029866770136410992e+01
-3.567046286410186440e+01
-2.547128800980422625e+01
-2.388674840328786786e+01
-2.448444642058780119e+01
-2.127936615419440614e+01
-2.606163136581810136e+01
-2.453114134888392073e+01
-2.845420622692111579e+01
-1.398529346846905241e+01
-2.804495543400437896e+01
-1.400902695880628812e+01
-2.837280082810457316e+01
-1.200167165758156784e+01
-2.455428614325438730e+01
-2.709351947457858500e+01
-3.698734879700461420e+01
-3.100600723787448487e+01
-2.889203229717006138e+01
-2.775676825898690936e+01
-3.390996489676118131e+01
-2.865192992176127973e+01
-2.061899266220709137e+01
-2.587421538263797061e+01
-2.429419278239959112e+01
-2.420388909659143906e+01
-3.098427068896961600e+01
-7.514503952407750376e+00
-2.701092129500733563e+01
-3.728493608195216780e+01
-2.951006130344330813e+01
-2.393175250127407594e+01
-2.261790891569401651e+01
-2.758876855921678839e+01
-2.765914712244165230e+01
-2.745413453835416817e+01
-2.193049577377618675e+01
-8.446418540624961224e+00
-2.681176901665853052e+01
-2.766054384771680930e+01
-3.121053488226527861e+01
-2.876441912406127699e+01
-2.226288450178009271e+01
-2.968418844026430747e+01
-2.657232415405087522e+01
-2.457048293783796566e+01
-2.302476667433103330e+01
-2.253097857878745458e+01
-1.023851701105590450e+01
-3.337112378199699947e+01
-1.157851072823532945e+01
-2.501285634071294339e+01
-2.650713100997654692e+01
-2.978675272307899036e+01
-2.813299632560963914e+01
-2.291604759496601673e+01
-2.398192872127989972e+01
-2.795035660274498923e+01
-1.921567525665690823e+01
-2.604952564045487406e+01
-2.402578162132550688e+01
-2.896479221672959170e+01
-2.742461343543885732e+01
-1.495770241701811187e+01
-2.646876635479327433e+01
-2.819917531577360137e+01
-2.824503358482138538e+01
-1.590347341974469941e+01
-2.660383542519244315e+01
-2.612928140079040418e+01
-1.164822763927926985e+01
-2.596872777227821416e+01
-3.129416911403851032e+01
-2.064676914753121650e+01
-2.889772032965308313e+01
-1.471568094445112251e+01
-1.626905911529175341e+01
-7.418825710607421797e+00
-2.633066058060128967e+01
-2.966227342740876338e+01
-3.092220641037241080e+01
-3.294682468208088721e+01
-3.029484922207743125e+01
-2.838922311771059981e+01
-3.032247105992840375e+01
-3.088445005058574111e+01
-1.440581044093897845e+01
-3.056756177368163208e+01
-3.089291554510478477e+01
-1.459437599626110682e+01
-1.926193091187562345e+01
-3.294028418744085229e+01
-1.979168592478347932e+01
-3.231634907581073435e+01
-8.329941544068276471e+00
-3.137131834927026830e+01
-1.922823299228451788e+01
-1.850689616817058436e+01
-3.222098738977888388e+01
-2.833586416962148746e+01
-2.873532554561725760e+01
-3.158874629455451100e+01
-1.460232739339556929e+01
-3.295898820574754495e+01
-1.873012188675735956e+01
-1.872366844299213540e+01
-2.827339882304949015e+01
-3.297345973094459737e+01
-3.410927716157303280e+01
-2.982305530422416950e+01
-3.040257025454255313e+01
-2.300790650361935263e+01
-3.327997719152611467e+01
-2.836797721439748443e+01
-2.033829590371774998e+01
-2.975833793239061720e+01
-2.793306765772913991e+01
-2.907013995241848647e+01
-1.112951248518049852e+01
-2.527523720136204588e+01
-2.989894497461247624e+01
-1.173286798212154736e+01
-2.488035071752557315e+01
-2.197521227497887253e+01
-1.595141065394042812e+01
-2.767595760067518995e+01
-3.444292085838341677e+01
-2.705065454147543846e+01
-1.977164485686967055e+01
-2.184645887938495434e+01
-2.363092934271909940e+01
-1.635395176317652499e+01
-2.569674051043972440e+01
-3.082961973391539345e+01
-2.654832921262990908e+01
-1.324958782175301053e+01
-3.489564461039483945e+01
-1.134967985748866681e+01
-3.221515560598706429e+01
-2.628929870933967550e+01
-3.069215941151844618e+01
-3.413359030000259509e+01
-2.786240354084878845e+01
-2.317820709142071678e+01
-2.721442206126229735e+01
-1.636674972911859527e+01
-2.150088400130994160e+01
-2.706079527917708560e+01
-2.155576145883972572e+01
-3.488337689427416421e+01
-2.646551211871027931e+01
-2.832067312347905386e+01
-2.708209972731333437e+01
-2.543453509885517860e+01
