2.746077537548258363e+01
3.965075759151605439e+01
4.052338809024620758e+01
2.752590771188081575e+01
6.369018824336681917e+01
5.665630288418326188e+01
3.107253412862349151e+01
2.647817873078709638e+01
4.994096470087763606e+01
3.453611520310063554e+01
3.795837724344765718e+01
2.937100651486877823e+01
3.271296672372240977e+01
3.431467359439184150e+01
3.513014397132231181e+01
3.575755805392762454e+01
3.433376186173815370e+01
2.856348159042836699e+01
6.339228791709682298e+01
5.193289277739766874e+01
3.161806038927054274e+01
5.231135359839750265e+01
3.301147772382426382e+01
4.213173859576829017e+01
4.020252703465692434e+01
2.949114986874461763e+01
3.469100988266937691e+01
3.660497684624677817e+01
4.273928700213222953e+01
4.725866426542847165e+01
5.097947580174944449e+01
2.527102632844341912e+01
6.059771572251506200e+01
3.243256097934289528e+01
6.067481499391941213e+01
4.188225867402389468e+01
2.700667476703867820e+01
4.071131864661833077e+01
4.997981143328485842e+01
2.885305305361038464e+01
3.858295825485992481e+01
3.450784852855473872e+01
4.996893400461747348e+01
4.872608968341712199e+01
4.518752430252558838e+01
3.544867628374186808e+01
3.121964836053071224e+01
2.798947861830058770e+01
3.339967789447276658e+01
3.936870244429586307e+01
3.076940641664073084e+01
2.550787944963752096e+01
2.537543498036592027e+01
2.545895508196325707e+01
6.976350330398680910e+01
7.155386273901180516e+01
3.249762362621385847e+01
5.170940114732834303e+01
3.179171785472829725e+01
4.368579427909793367e+01
3.511785350247528470e+01
3.963508852632944723e+01
4.451464957842610914e+01
4.258592255459195286e+01
3.967922947550923851e+01
2.713774571390012724e+01
2.519479424653736643e+01
7.207646929445647288e+01
3.576249947687674791e+01
3.329665124899000972e+01
2.780695365407266806e+01
2.630504290881372143e+01
3.210387077918832688e+01
3.820941522225375309e+01
2.822653697898806513e+01
3.182870597307804417e+01
4.823194281889084323e+01
5.915818757989805476e+01
2.625291244145936886e+01
2.930329368592835593e+01
2.963588919360926255e+01
7.856172322379764239e+01
3.552858586496370918e+01
2.951408385483790653e+01
3.737975493246808156e+01
4.585530173042845092e+01
2.627528127655835632e+01
4.415166363196443200e+01
4.879644859551446245e+01
3.554073163288496318e+01
4.622529807149089720e+01
4.962760628111388428e+01
4.979742185850498970e+01
3.637596953697327251e+01
4.065522423399908547e+01
2.786944258527672957e+01
4.179240954115370243e+01
5.395259935128470374e+01
2.964631896059997018e+01
4.669250025835335549e+01
2.644258305312044754e+01
3.884007070654210025e+01
2.897870346087689697e+01
6.108204018625365705e+01
4.039148701879769021e+01
6.817476199854930030e+01
3.864424862604803224e+01
4.294824634132842789e+01
2.993210005101279236e+01
3.753463420696264308e+01
4.142825897712466343e+01
3.652433744276674332e+01
3.205357874815030073e+01
3.083892569255996818e+01
2.996357337249576247e+01
4.289166950082406515e+01
4.010644746539210814e+01
5.550132630404600320e+01
2.923213928946178441e+01
5.733052039660387322e+01
6.893422685980624465e+01
7.441177741656873934e+01
3.406574418589589470e+01
4.750310867380692059e+01
5.066064445868025956e+01
5.640968131132129315e+01
2.897001852687950674e+01
4.626976523098053207e+01
3.201956867958841713e+01
4.428410935517077718e+01
3.388794252811516827e+01
3.791612649444222427e+01
2.669660889304595841e+01
3.709572729599364038e+01
4.186203131960500201e+01
3.649462431310614363e+01
5.139639396206850108e+01
3.407601981319063356e+01
4.972293677613068752e+01
3.312545952823432316e+01
2.639382433304063014e+01
3.539348322829903992e+01
3.125291664470938002e+01
2.991060815378653359e+01
4.411828907715566572e+01
2.858407886586380542e+01
2.710464534734738962e+01
3.586805978122796290e+01
6.644127607694815651e+01
2.862987526272795336e+01
2.523750581839960105e+01
2.734277809217669386e+01
5.178470499936804572e+01
7.525057867021051550e+01
2.501350152157707285e+01
6.395972843221452564e+01
2.554532355405883237e+01
3.144434398359162586e+01
5.040727807557588847e+01
2.787928365702758882e+01
4.885917047244366529e+01
4.391416988832083490e+01
5.634277990022892624e+01
3.005331258731921551e+01
6.539739147692139909e+01
2.767995662635677334e+01
3.020429263815288223e+01
2.859778672617238371e+01
5.383316415309889891e+01
2.890244858806872941e+01
2.712119125556661814e+01
4.385979219015364805e+01
2.619564174558414749e+01
2.609317758563054213e+01
3.355649313579364446e+01
3.603868782049725894e+01
3.384284545197547089e+01
4.061691541969416619e+01
2.747646051833999081e+01
4.661244204132371038e+01
3.615642488064570870e+01
3.704100927289083245e+01
2.946658307037365176e+01
2.666155806950065710e+01
4.352937509267773208e+01
6.731541771238862282e+01
8.361098096629203269e+01
5.750776864839534852e+01
3.010652358859789857e+01
4.024131886163891636e+01
3.954418139753097705e+01
5.323322378379668862e+01
3.176211065757875929e+01
3.783717964797634892e+01
2.983737324314941830e+01
2.646924456545057680e+01
6.812034663415174407e+01
4.731697081841792851e+01
4.699258203762452268e+01
4.574436954684222201e+01
3.238311497283039841e+01
2.924754226109468647e+01
3.493514453822747612e+01
4.520686311335647645e+01
