-1.951804414610143112e+01
-2.915974707562736512e+01
-2.732941419140868788e+01
-4.160232758513126328e+01
-3.390816451715218705e+01
-3.241339118872687663e+01
-3.975793005579183159e+01
-2.831011372123279557e+01
-2.478150751374946026e+01
-2.713427742377436402e+01
-2.370296441302832591e+01
-4.112095385090250943e+01
-3.262062216848630669e+01
-3.233944945315093378e+01
-2.978616123663275062e+01
-3.330133094930869220e+01
-3.940519954622530463e+01
-4.051101518999379891e+01
-3.214652751940295161e+01
-2.478418504618326779e+01
-1.730497873816639753e+01
-2.474611136371328257e+01
-3.928927707766538902e+01
-2.727791495365045193e+01
-3.290090429964621421e+01
-3.354675200128596657e+01
-3.256055105148001871e+01
-3.345569319757927929e+01
-2.913668870189860627e+01
-2.567445327302516489e+01
-2.299941979519684310e+01
-4.227817848300165338e+01
-1.995970988131736590e+01
-2.727949901654693576e+01
-2.464612992527960955e+01
-3.247105044118333694e+01
-3.203942701533702575e+01
-3.166872690331044282e+01
-2.649454040328049587e+01
-3.163791284247031399e+01
-3.199361400630903063e+01
-3.049984938093652431e+01
-2.648402892804600128e+01
-2.248869026670618609e+01
-2.707028858517489311e+01
-3.151923790128350333e+01
-3.892034839714690975e+01
-3.960841162092901868e+01
-3.269308860800518346e+01
-3.311074014795960352e+01
-3.533479271250138254e+01
-2.843539899044267827e+01
-3.167160375312053588e+01
-3.818988844580266573e+01
-3.759024341804141045e+01
-3.749843691512992905e+01
-3.516323086338252324e+01
-3.568060252504164964e+01
-3.529113545216441139e+01
-3.859886890585337937e+01
-2.795337200210835249e+01
-3.864719436393266960e+01
-2.949783198748534119e+01
-3.379709257879019901e+01
-3.417593224214911629e+01
-3.771296356222441659e+01
-3.689207143015758561e+01
-2.440112754282318974e+01
-3.927362020525677622e+01
-2.993710316072179012e+01
-3.583216934848198321e+01
-3.631757112928067954e+01
-2.984881017357542987e+01
-3.042588178777475605e+01
-3.748313334529689200e+01
-3.546542068091974897e+01
-3.626200222573484666e+01
-4.051651887148443620e+01
-3.841362048748189295e+01
-3.097177356441628149e+01
-3.067038133061791427e+01
-3.000881318054246094e+01
-3.961999978070360839e+01
-3.592250149111768565e+01
-3.086545050374061816e+01
-3.214696967190801047e+01
-3.114625008772370052e+01
-3.171971992133913432e+01
-3.619026172338033120e+01
-3.751455583740775523e+01
-3.434730796868203129e+01
-3.608222077072736056e+01
-3.390471977450908980e+01
-3.735610352006327162e+01
-3.217888519891559440e+01
-2.893525867361822179e+01
-2.558821639162593442e+01
-3.688931667572956030e+01
-4.364506074639533040e+01
-2.832333950781909948e+01
-4.430928925312977640e+01
-4.039092360023312267e+01
-3.381364487466694868e+01
-3.142982817847772026e+01
-3.390661039520469444e+01
-3.129940833493193963e+01
-3.374911787962005860e+01
-3.343554614321922713e+01
-3.476812444851239547e+01
-3.273937108909117910e+01
-3.112765103967188907e+01
-3.490885754569117694e+01
-3.435456559736235249e+01
-2.249490744652487706e+01
-3.349899655016156430e+01
-3.379122112443209858e+01
-4.045147841807536793e+01
-4.623006380951915162e+01
-2.360002437282693677e+01
-4.607659859776330791e+01
-2.988632253956586737e+01
-3.231018646331261834e+01
-4.298947307903637238e+01
-3.507393476604130456e+01
-3.099225636209527579e+01
-3.154059794175987008e+01
-3.525932858281913695e+01
-2.842491164019500616e+01
-3.259094274392546708e+01
-3.189038515714366895e+01
-3.222138236003712564e+01
-3.151334946284620742e+01
-4.222537718951377883e+01
-3.451530746389622095e+01
-3.214144353578285518e+01
-3.234451098781525502e+01
-3.056564125700879231e+01
-2.648867282284371072e+01
-3.278660704818352656e+01
-2.667064616398255339e+01
-3.540440084587996239e+01
-3.492869072688054644e+01
-3.367401057280918053e+01
-3.465872186032524382e+01
-3.358265079796177588e+01
-2.756429285363174131e+01
-4.701190467761614400e+01
-3.472792148116272415e+01
-3.191568093925704375e+01
-3.408775113700866655e+01
-3.245646682324777998e+01
-4.645239944539417820e+01
-2.303841470441409456e+01
-3.046284763863823741e+01
-3.560660025457860911e+01
-3.444346765431527047e+01
-4.683654615841132340e+01
-2.858595149309226713e+01
-3.260575037315916802e+01
-2.788160600945329293e+01
-3.105094043067060738e+01
-3.379720687784291044e+01
-2.641177719224467069e+01
-2.936755722650468670e+01
-3.141757265746758776e+01
-2.797838040454701058e+01
-4.614331468075681641e+01
-3.429242542640776037e+01
-3.255712932737557708e+01
-4.435952063612737106e+01
-4.476593355755591119e+01
-2.905492264934304103e+01
-3.481007581223946090e+01
-4.616322685635410039e+01
-2.858046322226448410e+01
-3.078290714516410276e+01
-1.799916542945180709e+01
-3.005820968861723941e+01
-2.594097736066606785e+01
-3.361235513696087196e+01
-2.733838058476899846e+01
-2.415497939481488743e+01
-2.935915514143297855e+01
-3.132784445265369300e+01
-3.211110388648259573e+01
-3.013640365569111168e+01
-2.902502305864993559e+01
-3.673346485951944373e+01
-3.171080834960542916e+01
-3.301668061892311812e+01
-2.667679321692966710e+01
-3.259410122657862985e+01
-2.422395819913327841e+01
-3.313230902485764773e+01
-3.085550818482826685e+01
-3.154664973887315682e+01
-2.814344203197836691e+01
-3.394573573196402094e+01
-2.834905813927431950e+01
-3.396321662869434022e+01
-3.113264225233785965e+01
-3.182308716776563529e+01
-2.991916088557215403e+01
-2.675659014699971294e+01
-1.585677499820039316e+01
-3.382973137881100456e+01
-3.433254652670197515e+01
-2.554766483172340941e+01
-2.792466021038663371e+01
-3.276673489087713165e+01
-3.347280033041081992e+01
-3.290422112463483018e+01
-2.993876773930972490e+01
-3.536101842774311876e+01
-3.469351518491205866e+01
-3.145015589067307360e+01
-3.069478801240558141e+01
-3.034468900553400772e+01
-3.283281749852042708e+01
-2.349984005973360013e+01
-3.288081189055279197e+01
-3.556563922192631821e+01
-3.163127180775782676e+01
-3.015405778310827145e+01
-2.585243192038430493e+01
-3.330913861159925204e+01
-2.456393001063679549e+01
-3.103347535164002124e+01
-2.921391112218796593e+01
-3.075018209964849802e+01
-3.404738849594005501e+01
-2.922694006715425985e+01
-3.407112198627729072e+01
-2.325010116417280415e+01
-3.206376668505257044e+01
-4.165918625083799043e+01
-2.905842337135950970e+01
-3.843225023324185941e+01
-2.444435026189805171e+01
-3.234815291088176537e+01
-2.972167215576786248e+01
-3.076701213411388380e+01
-3.165743564193940074e+01
-2.511744166227830988e+01
-2.925043094104856323e+01
-3.033282767295096960e+01
-3.024252398714278911e+01
-2.401299591156131896e+01
-2.946770680448625512e+01
-3.454755079612107238e+01
-3.872983751818941300e+01
-2.772424576473176216e+01
-4.103665260885816224e+01
-2.958390328703015371e+01
-3.512539806033052514e+01
-3.519577662355538905e+01
-2.912462035996841792e+01
-2.889649014511232394e+01
-3.039962139270343755e+01
-3.434839851777223885e+01
-2.962544774449776241e+01
-3.509658401343060063e+01
-3.176992484423939800e+01
-2.363636888427998883e+01
-2.906996053565228522e+01
-2.853722805083182834e+01
-3.060911782838934414e+01
-2.604557077773603169e+01
-2.754663444755215096e+01
-2.121587436695131146e+01
-3.136557007384251961e+01
-2.255586808413079325e+01
-2.601623518871929264e+01
-2.821678522505402498e+01
-3.488339468201027671e+01
-3.047829572921503427e+01
-2.593685169837107196e+01
-2.479952578060479595e+01
-3.029565600635041278e+01
-3.401767000655601692e+01
-2.682609628532657098e+01
-2.704658572473056211e+01
-3.144947014688679587e+01
-2.966819922177134572e+01
-3.074904868172529859e+01
-2.567805234852514218e+01
-3.068385324593080554e+01
-3.072971151497858955e+01
-3.169481968445188613e+01
-3.161949129395713953e+01
-2.533856739452227202e+01
-2.262558499517473365e+01
-3.098438364104288212e+01
-3.065967526945840405e+01
-3.544876389743035361e+01
-3.106028572032684565e+01
-3.050702720915833766e+01
-3.206040537999896856e+01
-2.998531321686235174e+01
-2.857424636693374964e+01
-2.563669565386842919e+01
-2.946155818756074041e+01
-3.318088211822251310e+01
-2.626927144853712548e+01
-3.119496572185525451e+01
-3.081295707401687878e+01
-2.685887227704546376e+01
-3.448031497989671834e+01
-2.808655132116749087e+01
-3.138340155919328822e+01
-3.466888053521884672e+01
-4.867690796526787267e+01
-3.096117439387305126e+01
-4.920666297817555801e+01
-2.912067592761798096e+01
-3.339678959446052886e+01
-2.817564520107751491e+01
-4.864321004567668183e+01
-4.792187322156271989e+01
-2.962490223785013654e+01
-1.969741767554958756e+01
-2.826894335730781904e+01
-3.319545280781662200e+01
-3.467683193235333761e+01
-3.081713468075437845e+01
-4.814509894014949509e+01
-4.813864549638438461e+01
-2.759011753602982253e+01
-3.884680878657798075e+01
-3.998262621720647303e+01
-3.060212764875646485e+01
-2.637699248100224736e+01
-2.319661093057970902e+01
-3.130086739795828521e+01
-1.972953072032558453e+01
-4.975327295711016973e+01
-3.024882394647912065e+01
-3.073881026187379462e+01
-2.504456217887815228e+01
-3.430487210574798951e+01
-2.798495344246993000e+01
-2.906135083137576203e+01
-3.348935341717944425e+01
-2.759006695863345726e+01
-2.359073803353533094e+01
-3.680176710643968363e+01
-3.042272933730558293e+01
-3.360532671514667413e+01
-3.581606866956528279e+01
-2.213587879895905530e+01
-2.346198463794141276e+01
-2.442328182238816225e+01
-3.720430821567595103e+01
-3.446215463852956873e+01
-3.388327360144708678e+01
-2.983816972657342603e+01
-3.500607325681093585e+01
-3.423914901272587485e+01
-3.452503947805615780e+01
-2.985920997694927337e+01
-2.908954407052183910e+01
-3.374581327905016792e+01
-3.329599615676588087e+01
-2.820919923459226197e+01
-2.169172813081465279e+01
-2.615650285257140695e+01
-3.721710618161787920e+01
-2.386511794339932635e+01
-3.582620940726692993e+01
-2.391999540092913890e+01
-3.422688129660519962e+01
-2.740771835113216071e+01
-3.106744486010947526e+01
-3.584751385540315027e+01
-2.714586130119135987e+01
