-1.058930819009341917e+01
-1.788906093047768309e+01
-2.380330995019127727e+01
3.959899357000807640e+00
-2.037195679720909425e+01
-2.639395653474605297e+01
4.296611595040047860e+00
-1.560684728123516152e+01
-2.230423285872709016e+01
-7.157246459707437225e+00
-1.902786325323813799e+01
4.441273091229561487e+00
-8.309704000141181268e+00
-1.403494956878242306e+01
-9.350988815051039182e+00
-2.245747793207533505e+01
-2.662521719742781556e+01
3.543526460838165804e+00
-2.612709286542209952e+01
-2.443942440687021644e+01
4.025491266535169643e+00
-5.694153751168471445e-01
-2.650929472886795679e+01
-2.375181071243306974e+01
4.638230798975939706e-01
-1.524225211691751269e+01
-1.550892886123813241e+01
-2.519293053748947386e+01
-8.701516280316894836e+00
-1.497757284428701041e+00
-1.782058853040558688e+01
3.284048459130502806e+00
-2.363297359156342736e+01
-1.457623257654930171e+01
-2.390765854936216783e+01
-2.162719742394992295e+01
-1.498780482509513945e+01
-2.177438208529943608e+01
-1.762419176649564179e+01
-7.326994674125131723e+00
-2.209926918829793863e+01
-1.219534949656807044e+01
-1.761368029126109036e+01
-2.301999897310636811e+01
-1.642892380709784561e+01
-2.325647524119372633e+01
6.641878544985132748e+00
-2.824450141460985719e+01
-1.564146641776332558e+01
-2.321639532994853994e+01
4.769663212471925817e+00
-2.629507658577583129e+01
-1.593068203646546976e+01
-2.197194792163622878e+01
-2.046191623437252360e+01
-2.037010973146107062e+01
-1.648804126093088485e+01
-2.398783664802977000e-01
-6.734853777242420847e+00
2.024608147085729115e+00
-1.528607772915219698e+01
1.976282689006382043e+00
-1.250976757428810515e+01
-2.589439712567659058e+01
-1.547523980504362839e+01
-6.598116287805851243e+00
-8.335789755235595067e+00
-4.047762717178187586e+00
-2.761282924158641094e+01
-1.419618144406675242e+01
4.272286576491381993e+00
-7.761289454358688999e+00
4.766021958936676128e+00
-1.417979349418882862e+01
-2.126519282113045506e+01
-6.909139005997758431e+00
-8.212780671734947191e-01
-2.367205324105330533e+01
-1.826888527153514019e+01
-1.753597435805016858e+01
-9.861666316715059111e+00
-1.364738531071034799e+01
-2.795920881703327154e+01
-1.724731188866601883e+01
-1.387738609054332528e+01
-2.794461693923605594e+01
-1.033753507382081693e+01
-2.381702446822555430e+01
-2.190202472676671164e+01
-2.585376487373741838e+01
-2.790152487546475868e+01
-2.179398377411379784e+01
-2.745893668129190246e+01
3.267373532875836872e+00
-1.347819276181010650e+01
-2.043073296641790648e+01
-2.259716213188099232e+01
-1.665423710833732684e+01
-1.220485119779209526e+01
-1.603780190314139986e+01
-1.447848867198143807e+01
-2.284912628752442743e+01
-1.051345907268589031e+01
-2.020625463062995664e+01
-8.385365188495399025e+00
-1.860654373295457731e+01
3.536073457201268866e+00
-9.858019144854466731e+00
-3.136398368680337967e+01
-1.242208776251627000e+01
2.893353721102471354e+00
-1.729386258361742534e+01
-3.095042483565336511e+01
-4.870507336657652786e+00
-2.726605581173745918e+01
-8.269975917722803160e+00
-2.095137810342063744e+01
-2.369405546117900485e+01
-1.534588719793944733e+01
-1.634939125417335504e+01
-1.653323952126578433e+01
-1.770742147420099855e+01
-1.737311453326762489e+01
-2.303367321275214863e+01
-2.356970503631484348e+01
-2.279630310204376542e+01
-3.185518782111014957e+01
-2.272432182926888800e+01
-7.209361189604010178e+00
-1.427539019506991735e+01
-2.881724159832813825e+01
-1.093365479606617896e+01
-1.078516764091048685e+01
-8.994062257186925535e+00
-1.156174886900282672e+01
-2.315542082704425297e+01
-1.104698300881437945e+00
-1.167922464827935869e+01
-2.534854733128918269e+01
-1.442004460129618337e+01
-2.293815601208459043e+01
-3.059886044323573628e+01
-1.111399438137971174e+01
-2.311715213223885712e+01
3.241271735328751902e+00
-1.531369129094537129e+01
4.889161367017777593e+00
-2.446052336076161282e+01
-1.718480731071068135e+01
-1.770480651367574865e+01
-1.312373959018549385e+01
5.448666599239743391e+00
-1.226155491624297156e+00
-1.256411291450203294e+01
4.226118502540799682e+00
-2.601096376722514947e+01
5.064519886222370815e+00
-2.081696210955738024e+01
-2.059950674517460811e+01
-1.139424667636416189e+01
-1.589997474543253020e+00
-2.946737659419807187e+01
-2.028814203503492308e+01
4.697560984646457882e+00
-1.702136263035092156e+01
-1.316893222998265855e+01
5.757751363877019912e+00
-1.790948080307484247e+01
-2.055088569939104559e+01
-1.955652697538803864e+01
-2.006085817247699765e+01
6.651246071291353701e+00
-1.440667084666483788e+01
5.737839188279878044e+00
-1.340259031972414050e+01
1.262016780491023837e+00
-2.393202476164773884e+01
1.986714237037887187e+00
-1.137546771961874015e+01
-1.599779420804790675e+01
-1.557083138614581230e+01
-1.993338483012334450e+01
-2.529495020887264900e+01
1.635772400768900070e+00
-1.185087673574255973e+01
-1.742294650035111658e+01
-1.606828500249883973e+01
-2.115215348487791402e+01
-1.583382943264587084e+01
1.631134284624039310e+00
-2.169002125864770392e+01
-2.507711633062069723e+01
-1.817985190913367433e+01
-1.448203439575539164e+01
-2.180004451681730870e+01
1.416967114549464668e+00
-6.127504616081154154e+00
-1.967046863527679079e+01
-4.177947941034972246e+00
-1.838433609720692630e+01
-1.486585337517124117e+01
-1.594610825080607697e+01
-2.086369721756116746e+01
-2.047056867924297308e+01
