-7.439226265954971495e+00
-7.439226265954971495e+00
-3.610974527914379451e+00
-9.753837266223200686e+00
-7.925595654329327999e+00
-9.753837266223200686e+00
-9.753837266223200686e+00
-7.439226265954971495e+00
-9.237704196140413160e+00
-1.571088713643703727e+01
-1.048773636417629973e+01
-2.040860566912644458e+01
-7.664895586923393012e+00
-9.232999896832808417e+00
-4.490539341579790289e+00
-9.343011912215587245e+00
-1.021184842021696682e+01
-7.925595654329327999e+00
-1.048773636417629973e+01
-1.326327419958593623e+01
-7.664895586923393012e+00
-8.807003531610604341e+00
-1.592328754024913451e+01
-8.807003531610604341e+00
-9.237704196140413160e+00
-9.343011912215587245e+00
-9.343011912215587245e+00
-9.753837266223200686e+00
-1.005908123450487324e+01
-1.592328754024913451e+01
-8.807003531610604341e+00
-2.139387482530253237e+00
-1.664637140140089855e+01
-7.664895586923393012e+00
-7.664895586923393012e+00
-1.525200377429379728e+01
-1.827892201082258339e+01
-3.813716673245494349e+00
-9.237704196140413160e+00
-8.807003531610604341e+00
-9.753837266223200686e+00
-3.813716673245494349e+00
-1.326327419958593623e+01
-1.456863154392200954e+01
-1.326327419958593623e+01
-9.753837266223200686e+00
-1.456863154392200954e+01
-9.753837266223200686e+00
-2.139387482530253237e+00
-6.987501434050443549e+00
-1.184591824273130101e+01
-2.670734423933481594e+00
-7.567898392044241973e+00
-1.916213761496155144e+01
-1.843151867575997471e+01
-5.392883601822489936e+00
-6.687422543554589538e+00
-1.461506441863932082e+01
-6.687422543554589538e+00
-1.644155980525849259e+01
-7.567898392044241973e+00
-7.978809811877312086e+00
-7.978809811877312086e+00
-6.987501434050443549e+00
-4.794196204656969940e+00
-5.392883601822489936e+00
-5.392883601822489936e+00
-1.843151867575997471e+01
-8.128210722165675861e+00
-4.143504010342383026e+00
-8.128210722165675861e+00
-5.392883601822489936e+00
-2.670734423933481594e+00
-4.794196204656969940e+00
-7.978809811877312086e+00
-7.978809811877312086e+00
-4.794196204656969940e+00
-1.184591824273130101e+01
-8.128210722165675861e+00
-1.356660452127766803e+01
-7.567898392044241973e+00
-5.892887154364842672e+00
-6.687422543554589538e+00
-6.335028892207276385e+00
-4.794196204656969940e+00
-7.978809811877312086e+00
-5.666242633434819709e+00
-1.349877844061629162e+01
-7.978809811877312086e+00
-5.666242633434819709e+00
-7.978809811877312086e+00
-1.349877844061629162e+01
-7.890912792178738755e+00
-1.184591824273130101e+01
-7.567898392044241973e+00
-7.567898392044241973e+00
-7.567898392044241973e+00
-7.978809811877312086e+00
-5.666242633434819709e+00
-4.259226860392772096e+00
-4.199323385181628510e+00
-6.338214755523694066e+00
-5.829391899232774676e+00
-1.650589465858078597e+01
-1.650589465858078597e+01
-7.550087016589969835e+00
-7.854851367450351063e+00
-7.550087016589969835e+00
-6.371333599528696823e+00
-1.212566661001511648e+01
-6.371333599528696823e+00
-1.411763883444712064e+01
-4.221198729928431703e+00
-8.644082796946065628e+00
-5.829391899232774676e+00
-7.550087016589969835e+00
-6.924890316991792361e+00
-6.371333599528696823e+00
-6.338214755523694066e+00
-4.259226860392772096e+00
-7.550087016589969835e+00
-3.399462426826346473e+00
-9.238409370322870018e+00
-5.829391899232774676e+00
-7.550087016589969835e+00
-7.854851367450351063e+00
-1.980871744479887298e+01
-5.829391899232774676e+00
-6.338214755523694066e+00
-3.399462426826346473e+00
-1.325100812883076173e+01
-6.371333599528696823e+00
-7.550087016589969835e+00
-9.238409370322870018e+00
-4.399656033902289209e+00
-3.399462426826346473e+00
-4.221198729928431703e+00
-1.730560898408407411e+01
-6.371333599528696823e+00
-7.854851367450351063e+00
-1.730560898408407411e+01
-7.854851367450351063e+00
-6.371333599528696823e+00
-8.644082796946065628e+00
-3.399462426826346473e+00
-1.512188478984171525e+00
-1.730560898408407411e+01
-6.097045418050441867e+00
-1.286070564612728617e+01
-6.097045418050441867e+00
-6.046806945539572098e+00
-2.636400438834527904e+00
-6.775908740406151765e+00
-1.534159406774426770e+01
-1.004179478683974480e+01
-5.942538198343328304e+00
-1.534159406774426770e+01
-6.398976643001560660e+00
-9.595338787709437156e+00
-9.788181205558430520e-01
-9.230820833844660456e+00
-6.398976643001560660e+00
-4.529191562969259621e+00
-2.636400438834527904e+00
-1.534159406774426770e+01
-6.046806945539572098e+00
-1.775751482876930254e+01
-6.025248983679745152e+00
-1.775751482876930254e+01
-1.601648948858007770e+01
-1.678719611840725179e+01
-6.097045418050441867e+00
-3.625036867442673838e+00
-5.278167410142515337e+00
-6.236272647031114502e+00
-6.398976643001560660e+00
-1.410195868815569042e+01
-6.398976643001560660e+00
-9.230820833844660456e+00
-6.398976643001560660e+00
-5.942538198343328304e+00
-6.097045418050441867e+00
-1.534159406774426770e+01
-5.942538198343328304e+00
-1.925546238717771530e+00
-4.478830525989366151e+00
-5.978619578503895582e+00
-1.240292247469264453e+01
-5.978619578503895582e+00
1.131382709489832905e+01
-1.262739668659065728e+00
-5.650288662013650764e+00
1.131382709489832905e+01
-4.334865482180930485e+00
-5.978619578503895582e+00
-1.262739668659065728e+00
-4.334865482180930485e+00
-1.320509967990093969e+01
-5.650288662013650764e+00
-1.262739668659065728e+00
4.090012393591848650e-01
-1.165849137261625401e+01
-1.191015740982641091e+01
-1.262739668659065728e+00
3.231871056666932418e+00
-1.240292247469264453e+01
-5.978619578503895582e+00
-4.478830525989366151e+00
-4.334865482180930485e+00
-2.658803570871526745e+00
3.231871056666932418e+00
-1.294543654243864239e+01
-5.978619578503895582e+00
-1.262739668659065728e+00
-5.650288662013650764e+00
-1.240292247469264453e+01
-1.262739668659065728e+00
-1.262739668659065728e+00
-1.925546238717771530e+00
-5.650288662013650764e+00
-1.262739668659065728e+00
