-1.056775522187859906e+01
-1.264176438668638980e+01
-2.081413132963751877e+01
4.692061825261873764e+00
-2.121899041381001894e+01
-2.045361136594837603e+01
4.581999848199501457e+00
-9.762406436732590009e+00
-1.296298978852851747e+01
-1.417086447941224492e+01
-1.594947407280369589e+01
5.173435559490627611e+00
-1.267281718639750920e+01
-8.976586517471076831e+00
-1.608813190296754669e+01
-2.161331330225939951e+01
-1.040616591099134780e+01
3.828914713997619401e+00
-2.018674769662439417e+01
-2.131981522256762673e+01
4.351780946976674613e+00
5.970229834847202710e-01
-1.029024344243146061e+01
-2.076263209187925440e+01
7.256216274576843261e-01
-1.018388906560613805e+01
-8.353441689402018255e+00
-2.336599564029413045e+01
-1.543865936823343077e+01
-3.313189258271620474e-01
-1.813157900587466997e+01
4.016210927391568930e+00
-2.043413910750606988e+01
-8.731791732046730203e+00
-1.870163484861035386e+01
-2.078303279413401583e+01
-7.832317653259025292e+00
-1.895023172185929639e+01
-1.815358357763960839e+01
-1.169010786038151650e+01
-1.927511882485782735e+01
-7.136986445256695788e+00
-1.814307210240508539e+01
-2.160288703295040591e+01
-1.597475176728516999e+01
-2.142954034399841134e+01
7.374041013246198872e+00
-1.228538502857111325e+01
-8.485979245927211423e+00
-2.039224496650840024e+01
3.822712365349502761e+00
-1.194565058589557793e+01
-1.227598084268316825e+01
-1.681374948379223611e+01
-2.004381714227238831e+01
-1.995201063936090691e+01
-9.381327947316918880e+00
5.354193168911081102e-01
-9.657203039899144414e+00
3.223471775949491303e+00
-2.085856713238109705e+01
3.175146317870144230e+00
-1.320497670440596494e+01
-2.499777808824114800e+01
-1.597370483611808822e+01
-1.105155493686888235e+01
-1.125813901789231863e+01
-8.177514986913763551e+00
-2.880034817178355411e+01
-1.054148025028445090e+01
3.325335729368958937e+00
-1.068363871701538415e+01
3.898514980184813794e+00
-1.201726602495816110e+01
-1.610699438328643396e+01
-9.831488268654453577e+00
-4.598038380214575227e-02
-2.046170169685504447e+01
-1.137624445542493845e+01
-1.414199244904997954e+01
-2.158578640724721254e+01
-1.773078690730810081e+01
-2.914672774723038629e+01
-1.014059857505205287e+01
-1.457259522066121349e+01
-2.280751763398941989e+01
-2.206165516435297036e+01
-2.292040543079011172e+01
-2.090562529140794368e+01
-2.704128380393453313e+01
-2.328857082414671709e+01
-2.079758433875500145e+01
-2.284598262997383245e+01
4.466237161739599060e+00
-1.397665779288456633e+01
-1.249991657018043156e+01
-2.078407718569803819e+01
-1.681078648278355558e+01
-6.586665618551080570e+00
-1.463706184583890035e+01
-1.195488224857203363e+01
-2.052811433583448775e+01
-2.446300766833584817e+01
-2.034803504099014049e+01
-1.448544271335248368e+01
-1.876297518793603558e+01
2.246607570516829355e+00
-1.631453631688114569e+01
-2.661053647407135259e+01
-1.418811572577280344e+01
1.275229651027899536e+00
-1.772850712233642412e+01
-2.619697762292136645e+01
-8.861621830414549095e+00
-2.699958946532299819e+01
-1.437005344257988781e+01
-2.040405559019760062e+01
-2.239273967779629970e+01
-1.027165139401495253e+01
-1.717916366514154447e+01
-1.798131330113270110e+01
-1.882850645612418816e+01
-1.717313567003762387e+01
-2.472774150938565185e+01
-2.515299166675069387e+01
-2.083565323532178581e+01
-2.710174060837812249e+01
-1.682647200977481816e+01
-1.724261064575256341e+01
-1.471003473378891613e+01
-2.406379438559613959e+01
-2.012635014866339134e+01
-5.166982061669529003e+00
-1.509413978204403861e+01
-2.075444422160001068e+01
-2.262578661373743216e+01
-3.280627803023605793e-01
-9.773776516039504259e+00
-1.397355578697255396e+01
-9.451434568915487944e+00
-2.691012146179409115e+01
-2.187929783759884117e+01
-1.310321632340978226e+01
-2.430950426161143696e+01
3.788283226903644163e+00
-1.034508125856467586e+01
9.512364662431082252e+00
-2.110785851397693591e+01
-1.676427208199729080e+01
-1.094405269299636529e+01
-9.753914761834835190e+00
1.007186989465304805e+01
3.998323062101320602e+00
-1.348560347207180143e+01
1.386208515493606797e+01
-2.292999537886410621e+01
9.687723181635732317e+00
-2.178357630311691651e+01
-1.821241958076754486e+01
-1.514595912273060208e+01
-8.133619539641756546e-01
-2.074781398856114834e+01
-2.177800267656868982e+01
5.989444983588782634e+00
-1.893320384046552363e+01
-1.126348409774274728e+01
1.038095465929035299e+01
-1.114872698239545912e+01
-1.816379853498395391e+01
-2.704885713456710050e+01
-2.344172700486168992e+01
6.008884345675511440e+00
-9.382566366407388614e+00
1.036104248369318270e+01
-9.653590095030978091e+00
1.922010505034620564e+00
-2.409498422026425146e+01
2.646707961581483914e+00
-9.965943805601540362e+00
-1.705446260211854792e+01
-8.251612759485283277e+00
-1.155497562171947834e+01
-2.521328180092163507e+01
6.051276415152216259e+00
-1.289500325541976622e+01
-1.779113753671580866e+01
-1.476662626880712992e+01
-1.911550461428478798e+01
-1.394384347184509920e+01
2.178432098816330154e+00
-9.935286454947004131e+00
-2.540825064770086783e+01
-1.363835693513789238e+01
-1.985666486699795996e+01
-2.603644829870265198e+01
5.832471128932809279e+00
-5.955353830100136747e+00
-2.099186715174266737e+01
-1.829333214429368581e+00
-1.448928294943436867e+01
-1.744607118540946544e+01
-1.405612229000530533e+01
-2.510010099944648232e+01
-1.258710207227764499e+01
-7.071219755890240322e+00
-2.267814427855043391e+01
-2.351395553428272933e+01
-1.288034988780464118e+01
-2.176628587625512523e+01
6.610816061802751165e+00
-2.265420933799157410e+01
-2.208563013221558435e+01
-2.531713395050203985e+01
-2.855296147889393410e+01
-1.860979545267986168e+01
2.944790064627767379e+00
-1.181947211651583984e+01
-1.293501219941850877e+01
-2.224729195954708416e+01
-2.451735564499625752e+01
-2.289406973934444522e+01
-2.887953915429017115e+01
-1.239484952806807883e+01
-1.252837346191091683e+01
-1.996295185468346745e+01
-2.332239646039096215e+01
-2.342619048517170199e+01
-2.253691783109593416e+01
-1.180423431607246698e+01
-2.358445269802211897e+01
-2.322879750352080919e+01
-1.992357423615226253e+01
-2.548577773750122333e+01
-1.016545630583257775e+01
-2.124517569263335304e+01
2.640296883628138858e+00
2.566180377213129304e+00
-1.543589233721931464e+01
-1.527821639925656427e+01
-6.083606787080668710e-01
-2.226621588186884537e+01
-1.972747750658268728e+01
1.212645180360141239e-01
-2.328370109454655790e+01
-1.660992746840659606e+01
-1.346245185498017349e+01
-1.327313541488743454e+01
-1.479293742628581754e+01
-2.278966338165233196e+01
-1.511634795122458286e+01
-1.573347962216686824e+01
-1.161070514431884249e+00
-2.454289168220222450e+01
-6.763671870745980641e+00
-1.315563486741186239e+01
-1.576457377865889953e+01
2.680629713122954172e+00
-1.215545628889591967e+01
3.303202002663482517e+00
-4.733742187835190407e+00
1.999156004074933435e+00
-2.254028657948529712e+01
-2.006517570836018649e+01
1.554348724639851298e-01
-4.226467833583200218e+00
-1.704047685832398429e+01
-1.363972925613393272e+01
7.706595489570133850e-01
-9.899159296772012340e+00
7.087679203751292789e+00
-1.262512674766850296e+01
-9.921459088689601913e+00
-1.975240113484167637e+01
-2.128580381228985630e+01
-2.030625601799837909e+01
1.100734602807989404e+00
-2.114595196832831903e+01
-1.787788691429921073e+01
1.283374325672667737e+00
-1.004284811891261597e+01
-2.554741283923232231e+01
-2.303553980375170340e-01
-1.027999906210749259e+01
-2.631493048002468527e+01
-9.280124649907520507e+00
-1.165615856253265292e+01
-9.514382161151473838e+00
-1.767608739508835924e+01
4.639516653237421906e+00
-1.397201614317700091e+01
-2.039506558973880601e+01
-2.755813344024727485e+01
-1.333690849026277192e+01
-1.633413732541706054e+01
-1.147394200978692425e+01
-2.537390061586535239e+00
5.827309128530970384e+00
-1.059148134818121889e+01
-1.046249132573029783e+01
-2.181973849507093632e+01
-1.371025851754907876e+01
-1.860660980957291599e+01
-1.229282373985705590e+01
-1.796742228519420337e+01
-2.254686885644346717e+01
-1.956303911160694042e+01
-2.130123246040292884e+01
4.192668029588162426e-01
-4.904201491907002719e+00
-9.678800228688771767e+00
-1.921966901977205566e+01
1.188110044841664603e+00
-2.247321663683666770e+01
6.583550319338371537e-01
-1.559397078379754475e+01
-3.098158013151368095e+01
-2.050129700841321778e+01
-1.968807325951209464e+01
-3.121595785894240294e+01
-1.829267077769483762e+01
-1.322693940241160249e+01
-1.886059898605591911e+01
-2.259044351766377190e+01
2.227498505022253994e-01
-1.733364523817337499e+01
1.719919069959928493e+00
-1.918350871021968373e+01
-1.535613480990269863e+01
-2.245209466839546053e+01
-2.928216372925069777e+01
-3.042119620069854591e+00
-1.807514331765932525e+01
-2.205624858090953921e+01
-1.811425696363508564e+01
-1.325905244718759945e+01
-2.079813617094529832e+01
-1.805102398697593458e+01
-1.691349161554580860e+01
-1.674271301553523017e+01
-2.051472820845725664e+01
-1.559477801067203018e+00
-1.179705233201863734e+01
-2.202209079498470601e+01
-2.219511174897186834e+01
-1.208075563913564565e+01
-2.059408998750009800e+01
-1.467890473941378104e+01
-1.307857867568435495e+01
2.720814066473650428e+00
-1.138784019483458110e+01
-1.399816023241902485e+01
-1.071593616710990204e+01
4.964474697387430524e+00
-2.248725450337192910e+01
-4.817378582689315181e+00
-2.151126563719842011e+01
-1.563225405341060537e+01
-2.357265935906889354e+01
5.493865611313509589e+00
-2.256805696372913417e+01
-2.057914017426162445e+01
-2.546412723586507809e+01
-1.603169765740872776e+01
-1.736021791919645807e+01
-3.716406661220958085e+00
-2.178642381857594046e+01
-1.460973695100133796e+01
-1.311707933927485215e+01
2.710673328772003288e+00
-1.031117279281974675e+01
-1.640434663667440418e+01
-7.464540581010339793e+00
-1.532362026221764495e+01
-2.387261372024551065e+01
5.864222746718894541e-01
-1.027377776048157898e+01
1.077368192673239378e+01
-1.480329865509921206e+01
-7.074798043319617591e+00
-2.254269495812323498e+01
-6.370671082190938250e+00
4.628776597826288253e+00
-1.768903946399609595e+01
-1.211910912369401672e+01
-9.504687274574706635e+00
6.786696967191431895e+00
-1.340104908013321960e+01
-1.728422518364797611e+01
-1.155342225930783684e+01
-1.895801762172644089e+01
3.244156214115292869e+00
-1.983895119362256310e+01
4.317675492085044198e+00
-1.769661739636069342e+01
-9.075135748186710316e+00
-1.863933854212444885e+01
-2.032792947524362148e+01
-2.063261026151675992e+01
-9.218462498943551964e+00
3.529921642609537002e+00
-1.513775418055703881e+01
-1.196224509260704849e+01
-1.134187859384942954e+01
-2.522323728623021566e+01
9.993474304935034525e+00
-2.212400654063338834e+01
-1.189763498650930273e+01
-1.458520035753505795e+01
-1.403868490483785081e+01
-2.272940262518829968e-01
-8.024844749540449129e+00
-2.252910229642409945e+01
-2.082887353517628526e+01
-1.795285253174435525e+01
-2.604057781200040722e+01
-1.909784356897387170e+01
1.076416438407730425e+01
-2.136676542675297696e+01
-1.444863031705176581e+01
-1.897950567418070023e+01
-1.886264075415667207e+01
-6.544295093156875964e+00
-1.029718927998126787e+01
-1.983580739467643639e+01
-8.043704052818014816e+00
-1.953921147276716397e+01
9.621870347849579730e+00
-2.299165111519482707e+01
-1.156220502410181439e+01
-2.335692901959279766e+01
-2.644327750984714953e+01
-9.347448855813468072e+00
-8.973642966028364754e+00
-1.416596682928351925e+01
6.431621365756512887e+00
-8.417922182391549768e+00
-2.169158361907045673e+01
-8.039834725458206321e+00
1.144489695216122982e+00
-1.169093054573562540e+01
6.375445334385744900e+00
-2.704686012631748326e+01
-1.941556892387762900e+01
-1.887153070202782601e+01
-7.797687057008459988e+00
-1.791083235229319826e+01
3.309085446404736786e+00
-2.280491015069659966e+01
1.889093325211746333e+00
-2.273088880961933000e+01
-1.889377366256260871e+01
-1.854083366516155706e+01
-4.601700309285945423e-01
-1.703917172470337960e+01
-1.129163448202808695e+01
-3.273078229241775716e+00
-2.285899542912912352e+01
-2.015978936874111582e+01
-1.202879545867170918e+01
-1.864324252724907183e+01
-2.070215272951671182e+01
-1.794410929611686356e+01
-2.732029383567746095e+01
-1.100492898803764774e+00
1.444631585463326928e+00
-2.721031682466173152e+01
-2.267109759026033089e+01
-1.749328979103165693e+01
-4.919107989890875388e+00
-8.559182187847028445e+00
-2.832227775485026200e+01
-1.706470503353969548e+01
-1.876300147206174529e+01
-1.915318868800247287e+01
-1.546764606740890713e+01
-2.610456421829812257e+01
-2.342094531080255138e+01
-1.832861608386534158e+01
-3.417941364016516559e+01
-2.741282096625999998e+01
-2.603317092519066023e+01
-1.979083412587019097e+01
1.702381197526619871e+00
-1.186394894968711355e+01
-2.374934225056034620e+01
-2.249598540374833533e+01
-2.287514242060635183e+01
-1.941763446334147147e+01
-2.120167476334214030e+01
-1.742929574756527700e+01
-1.549939499876566629e+01
-7.782211487230540570e+00
-2.213047610178446689e+01
-2.567749034935812347e+01
1.065941363756704163e+01
-1.908492107168157759e+01
-7.290839056114236882e+00
7.676619270072848167e+00
-1.262854585285018061e+01
-2.463947743407217672e+01
-2.354907208455009027e+01
-1.257858834352069266e+01
-1.334464980587793548e+01
-2.043176481484820783e+01
-2.325457120832820124e+01
-2.471527752976564329e+01
-2.358890270291504976e+01
-2.094778853796123030e+01
-1.276395520670712358e+01
1.235567475515003366e+01
3.146649584545485823e+00
-2.636265876760242577e+01
-8.483109425617868737e+00
-1.208666264871467888e+01
-7.283859646174306590e+00
-2.604246561270207394e+01
-3.485272071821356121e+00
-2.690577395891020274e+01
-9.115682810034712702e+00
-1.784474798500431802e+01
-1.042246773171888208e+01
6.835105871245986009e+00
-1.916594187419886453e+01
-1.861097340051287574e-02
-1.643654842244907854e+01
-1.004468712969540434e+01
-1.406610399354573815e+01
-2.237881137987929492e+01
-2.226122906626787312e+01
-1.770196178971286827e+01
-2.598039567979662934e+01
1.992535250263642865e-01
-6.549084963583965191e+00
-1.055013449481080556e+01
-3.019413749798152935e+01
-1.532870551478410448e+01
-7.654480583784987857e+00
-2.566338782510004535e+01
-2.545434993759505460e+01
-1.648284348026572843e+01
-1.413280141606904294e+01
-2.792719417725183462e+01
-2.328951853525197180e+01
-2.730510665554112393e+01
-2.306998715106121267e+01
-1.678246755982661398e+01
-1.540527478363796376e+01
-1.929314433672672635e+01
2.734749737949925930e+00
-1.741855547726683540e+01
-2.131676494588251103e+01
6.088200533335879072e+00
-2.329167575003495472e+01
-1.884911036977808863e+01
-2.247768369099080132e+01
-1.811956414435039164e+01
4.976299037256723068e+00
-1.413453598321123650e+01
-2.260209440105495560e+01
-2.570091487979777867e+01
-1.874994508091143075e+01
-4.089840461174105712e-01
-2.275363432380572704e-02
-1.616247281178868889e+01
-2.332878162254780818e+01
-5.387992650642814851e+00
-1.999167486105602620e+01
-1.256748441572932506e+01
-1.298071194058590550e+01
-1.643088700640072375e+01
-1.361719607654930542e+01
-1.325510512087120674e+01
8.467349311146676882e-02
3.436160751629188326e+00
-1.971557730117720553e+01
-1.617971133780878290e+01
-1.584820448488844136e+01
-6.148198697287142522e+00
-1.568275954936595440e+01
-6.552926848637554258e+00
1.979079395352670190e+00
-2.122140028723114824e+01
-2.050626694141769235e+01
-1.613907603072055963e+01
-1.976298794758642430e+01
-1.635838366609002037e+01
-2.769894876396261907e+01
-2.264056375509082386e+01
-1.877138231777010446e+01
-1.856824338720454648e+01
-2.795909903592919932e+01
-7.368767262802037976e+00
-2.071653904114927514e+01
-1.541557168648952825e+01
-1.266136242952475754e+01
-2.709422260266879334e+01
-1.598597913439274976e+01
-1.308367028531492338e+01
-1.591552986287953786e+01
-2.790660005672378929e+00
-1.952124748348532535e+01
-5.042058487728240834e+00
-1.700884834371171905e+01
-1.231386565388660870e+01
-2.298275505847388445e+01
-1.951877614531417748e+01
-9.684203396027413646e+00
3.689864454258923843e+00
2.913666143063437630e+00
-2.006700834861183580e+01
-8.736109715413732602e+00
-1.201853765819382147e+01
-9.398756728194513244e+00
-1.014979842233569229e+01
-2.079492214397200200e+01
1.300106327114846749e+01
-1.427005682655570240e+01
-1.790116500721103421e+01
-1.772894081657838683e+01
-2.050682968329297751e+01
-2.160068753979763301e+01
-1.193421816673466651e+01
-2.488723344395529580e+01
-9.907246138059178975e+00
-1.479423329746435911e+01
-1.982142086290170369e+01
-9.845542414909999707e+00
-4.283592999247247235e+00
-2.224669161164953834e+01
-1.568427747202557043e+01
-1.717370618324903830e+01
-1.230826063286971817e+01
-1.777501192684465536e+01
-9.712881073572020796e+00
-1.984000942753559116e+01
-1.709670590451472094e+01
-9.393101315692547360e+00
-2.096020246623882599e+01
5.829225625458661852e+00
6.713184960686049862e+00
-2.030503641937409043e+01
-1.705610293932258514e+01
-2.859227431193235702e+01
-2.358155071918477574e+01
-2.363124328969175281e+01
-8.045349772393763033e+00
5.907294368897765935e+00
-2.060496457244275348e+01
-1.148135905696753412e+01
-1.357361324431965954e+01
-9.766949909718874778e+00
-7.332309359956980188e+00
-1.444075849222127772e+01
-1.708167631868340663e+01
-8.422154301608401283e+00
-2.407155616648407204e+01
-2.521169005380323824e+01
-7.370322071685791343e+00
-3.024945607480586318e+01
-2.161225077560166596e+01
3.325574560233263810e+00
-1.860144265328742108e+01
-2.443101269167473788e+01
-7.638011740472478550e+00
-1.798527292326104998e+01
6.985465957463219411e+00
-1.181361715850607652e+01
-1.702434131628550062e+01
-7.319233211882448131e+00
-9.849701552696984663e+00
-1.117332598076572481e+01
-2.112831116427008737e+01
-1.782369443355239014e+01
-2.048110981256027685e+01
-2.072161697868827446e+01
-1.795134508144082019e+01
-2.935269359537525702e+01
-1.458009619230006138e+01
-1.368369177542226112e+01
-2.363817818918715830e+01
2.707813362595885565e+00
3.753845212321465397e+00
5.035333992608400422e+00
-2.040897719164669866e+01
-1.511066257216816666e+01
-1.688593665364413710e+01
-7.811331878512959292e+00
-6.458631799701009868e+00
-2.891099014038002224e+01
-1.631198984915104688e+01
-1.034404509821547435e+01
-1.540944953645015403e+01
-1.335710902860515148e+01
-1.943235482210994292e+01
-2.830052673090258963e+01
-2.788742126757213668e+01
-2.586058971918325256e+01
-1.976958919451953989e+01
-1.492869628233464141e+01
-1.796967657923514139e+01
-2.913238440469322654e+01
-2.899503187545917626e-01
-1.584347477501293611e+01
-2.696145960444005141e+01
-9.538483826478369565e+00
-1.643191526021942650e+01
-2.060063920614246058e+01
-1.080925134797357146e+01
-2.581964077128316148e+01
-3.254739161411828263e+01
-1.985669100932551601e+01
-1.942859703266447013e+01
-2.789203812283344064e+01
-1.997146914551319696e+01
-9.791577596037001285e+00
-1.989970418786791129e+01
-2.009090952616045911e+01
-9.578617435281501002e+00
5.815835817672876829e+00
-9.324834946217976039e+00
-2.253762366896998515e+01
-2.087593471048137417e+00
-5.667897497093349557e+00
-9.323631054364199144e+00
-1.726947907224334244e+01
-2.360024688516929814e+01
2.046894574277189349e-01
-2.274904038155759167e+01
-2.007628620642591954e+01
-2.358400923926325277e+00
-1.130367103785309268e+01
2.237192961554825388e+00
-1.656643279724514173e+01
-2.387073181751102879e+01
-8.670888161108337044e+00
-1.215105596198674220e+01
-2.382694201621652041e+01
-1.515117495266125047e+01
-2.379458258406273785e+01
-1.513066012556490136e+01
-1.207760071575620486e+00
2.411579814129225952e+00
1.382252865390171337e+00
-5.809274096181184177e+00
-2.022221394089987712e+01
-8.799295703708423844e+00
-9.661322499514227502e+00
-9.244455270080663922e+00
-2.471222430624828803e+01
1.814246337582773094e+00
-2.166608021058132749e+01
-2.332428663253577383e+01
-1.032228582185288701e+01
-1.468268858306888092e+01
-2.924174287092228042e+00
-1.255218462978049843e+01
-1.496574797304080562e+01
-1.469083054315862569e+01
-1.876556524877088350e+00
-2.620153741234724976e+01
-1.117810448306727267e+00
-2.122814965175737711e+01
-9.574770026396976164e+00
-2.315218266626834520e+01
-1.296060571957210072e+01
-1.577373264707452449e+01
-1.817452729107790788e+01
-1.022785253887570889e+01
-1.596384128866986885e+00
-2.318230944926730785e+01
-1.923716090844590099e+01
-1.547998241846323708e+01
-2.285806887045174562e+01
-1.539243583009618987e+01
-2.588772224312722869e+01
-1.508966271576537110e+01
-6.714925849251500267e+00
-1.399245992182230225e+01
-2.505787766762963997e+01
-9.479225923303772561e+00
-2.328820225555884349e+01
-1.351670424611657495e+01
-1.303778003792280060e+01
4.956050340203148608e-01
-1.245309739808851646e+01
-1.712815075025835654e+01
-2.144596634785975198e+01
-1.763962183265687145e+01
-1.303464235021399986e+01
-2.252980170739007804e+01
-2.268172308731126918e+01
-2.101723463850404983e+01
-2.608505315436070759e+01
-2.090551321078231695e+01
4.753948789774113948e+00
-2.010155997516974935e+01
-1.480709098377894861e+01
3.268978285364795511e+00
2.803484873724954696e+00
-5.094113516329002778e+00
-1.094392227107888971e+01
-2.045409386372193694e+01
-1.455957617762831546e+01
-1.373433398420684171e+01
-2.210782230650755764e+01
-8.745154117948743533e-01
-2.056326969650766046e+01
-1.371802068794451657e+01
-1.162118827259521936e+01
-8.423062783899837314e+00
-2.887751985486357853e+01
-1.384360889472790745e+01
-1.611137450898445422e+01
2.217324625007250916e+00
-2.865113859601061108e+01
-2.256615687057131936e+01
4.203326729001986450e+00
-2.587657263055282897e+01
1.929439776413090613e+00
-2.208606843471301318e+00
-5.793308698939426904e+00
-1.697373042858234271e+01
-2.293459239493566315e+01
-2.897190724267210271e+01
-1.528500905231902607e+01
-1.443827712706195143e+00
-2.250118953546851230e+01
2.217171902513740633e+00
-2.152944917438233574e+01
-1.742167061313165277e+01
-2.071857035935479985e+01
-1.595181899319746321e+01
3.934646796354343223e+00
4.745987408803529206e+00
-1.842296954649674490e+01
-6.847047486632988011e+00
-3.398832961224229621e-02
1.516035652671206435e+00
-1.763545703610580517e+01
-2.098578824251569586e+01
-6.963735076286752701e+00
-1.021752307427871642e+01
3.103484531542761715e+00
2.025421363918241013e+00
-8.514536019049842253e+00
-2.238855011973905107e+01
-2.661694790252622056e+01
2.069071515323656740e+00
-9.292019526903175120e+00
-7.665733522065266925e+00
2.275524840539503657e+00
3.521513140915487838e+00
-1.333624266547846560e+01
-1.549875677938345575e+01
-1.811376243860684099e+01
-1.348821976882004492e+01
-2.393452007625859324e+01
-2.307746847286225034e+01
-2.642062225309069845e+01
-1.653128086971472044e+01
-2.191250071854588555e+01
-6.486864567916967417e+00
-9.008659505244139609e+00
1.718565566862878313e+00
-2.305083856994784242e+01
-7.635278106977921198e+00
-7.411880344849208768e+00
-1.933215173747774429e+01
-1.256633612897078933e+01
-2.017385978127893509e+01
-1.423022296364243289e+01
-1.764409321297887345e+01
-1.937094935730604561e+01
3.067609086474448077e+00
3.986278851938180878e+00
-2.331016014401041048e+01
-1.520442008183036364e+01
-4.044122287673644678e+00
-1.702491959553319134e+01
-7.740401583020428689e+00
-1.917900883226027986e+01
-1.098799184845444188e+01
-2.133969481056396944e-02
-1.444376536718689863e+01
-1.945507024042225908e+01
-1.634015335539510261e+01
-2.305425557809545012e+01
-1.405268037208199416e+01
-1.417943786373697890e+01
-1.662958927673011544e+01
-1.024598680410431939e+01
-2.293604359517993885e+01
-1.117971321171933141e+01
-1.454591674340881013e+01
4.583474893139168671e+00
-1.939643042293420194e+01
-1.881389873713868610e+01
-1.666145118733325603e+01
-1.793175528666679952e+01
-1.012750500603962678e+01
-2.361685647333223415e+01
-2.394320380773544343e+01
4.280402082609924719e+00
-2.439095088875083661e+01
3.079792238304946750e+00
-2.307700165776950030e+01
-1.276822265924380417e+00
-1.154780219101624539e+01
4.102422149983937061e+00
-2.331977640861558143e+01
-1.345629408187997456e+01
6.224176254100569849e+00
-2.367227046140098423e+01
-1.681929402087581593e+01
-2.486314280778952934e+01
2.464049009627473197e+00
-2.435831901172667813e+01
-8.556238333204476021e+00
-1.464132607902277528e+01
-2.250984838435607571e+01
-2.404186881572545076e+01
-2.343077226105398836e+01
-1.999598595920193134e+01
-1.156022121091604049e+01
-1.182843680462056568e+01
9.714453564087421000e+00
-2.255848239248416576e+01
-2.506737959743679767e+01
-1.137253461279607336e+01
-2.266017188083020528e+01
-2.083975273472069034e+01
-2.279294542129045453e+01
-1.461426411169847484e+01
-2.338786109636413357e+01
-2.273039612869024495e+01
7.439291869329622386e+00
-1.348587906555360405e+01
-2.350437078439449579e+01
-1.212459328578322015e+01
-1.291624243470033662e+01
-2.312944125517569205e+01
-1.534312025067561081e+01
-1.849150882180927624e+01
9.818881155258395665e+00
-1.796707470957929331e+01
-1.453179915694005331e+01
3.281351719720248639e+00
1.130436482074887294e+01
-9.022085805605456699e+00
-1.882702276870114133e+01
-1.489459581097858631e+01
-9.387831874491553208e+00
6.386928865307282877e+00
-2.468315719293394750e+01
1.183733105068569103e+00
-2.261781923002794770e+01
-1.773390151581750729e+01
-1.255253665504721994e+01
-1.201551772108754790e+01
-1.442213801961085551e+01
-2.172124612037279690e+01
-2.227999152295319618e+01
-1.157539871404836163e+01
-2.095845745520782089e+01
-1.158057430198121551e+01
-1.869047921719896976e+00
-2.624965076123859831e+01
-1.588644791077120999e+01
-1.975394092010165537e+01
-2.248912537977062698e+01
-9.711539244176435659e+00
-2.539055809104928585e+01
-1.115191747700686165e+01
-1.971583607180465947e+01
-2.468737172548324565e+01
-1.200291839528213700e+01
-2.249100304345628842e+01
-1.137390161121842880e+01
-2.026484964596690475e+01
-8.602612455588342755e+00
-1.371961415104289017e+01
-5.214857206997635330e+00
-1.116771002326890994e+01
-1.824321902520111394e+01
-4.975046213451747690e+00
-8.119470824341789239e+00
-1.940852819950873709e+01
-2.344738726658673045e+01
-1.386652842805415276e+01
1.055127208661286886e+01
-1.443475515371522988e+01
-1.097748178419513465e+01
-2.179196644879149858e+01
-5.543974971430913001e+00
7.407426128906223539e+00
1.317992048991644083e+01
-1.347833365172024855e+01
-2.142415618260852739e+01
-4.364840351260795615e+00
-2.020175968266741506e+01
-1.431555593263894366e+01
-1.088793920481020905e+01
-9.788505517102379372e+00
6.843922275107445330e+00
-1.424504141121934708e+01
-8.624617002312078284e+00
-1.839321875027255260e+01
-2.660501822390892812e+01
-2.532322503105211808e+01
-2.195456430381463520e+01
-1.838033174849064721e+01
-2.004709317133384161e+01
-1.058204091885997400e+01
-5.847676053504329730e+00
-2.232014000259945874e+01
-2.203406815885799119e+01
-1.463696974743496071e+01
-2.270658551864377728e+01
-1.446367059524746423e+01
-1.691584651509197101e+01
-8.029657666679241856e+00
7.083836496932264026e+00
-2.152747085389827930e+01
-4.852821581791033623e-01
-2.046564299561018174e+01
-1.522052860850143929e+01
-1.475386882289166124e+01
-1.977144509050330612e+01
-1.641820448340141070e+01
-1.691787056064353578e+01
-8.399953259783728754e+00
-1.412619821292685174e+01
-1.334523350116859319e+01
-1.657682205283853705e+01
-2.435384108609662235e+01
-1.894944482053475099e+01
-2.140992056975966307e+01
-9.599616328475377713e+00
-1.185117240152658269e+01
-1.623874469371889973e+01
5.113619101949950618e+00
-2.011971870391411699e+01
-1.107064584790242634e+01
-1.308963180236992230e+01
5.675531790762761375e+00
-2.498994945692868441e+01
-1.361744005425725845e+01
-1.748685984843274355e+01
-2.151081103407528872e+01
3.200335196416148165e+00
5.535188321191185423e+00
-1.576827346527684881e+01
-1.166224152119264090e+01
2.832371578245300725e+00
-1.395470846944411392e+01
-1.172564671564995820e+01
-2.405161635833403011e+01
-2.309697202386067261e+01
-8.896926124823067994e+00
-2.263269748027857986e+01
5.491142410510320815e+00
-1.806660037661751517e+01
-1.226603845662927483e+01
-1.490473339053434643e+01
-8.467771089100722293e+00
-2.498330592045871867e+01
-1.132031039875224110e+01
-2.407851689940892470e+01
-1.114395615474086298e+01
4.261109454851208511e+00
3.409364905748077490e+00
-1.209184534476250406e+01
-2.302463222150802835e+01
-1.365176435618445794e+01
-1.609282522737461818e+01
-1.973378888216237215e+01
-2.213578001822705232e+01
-1.823115595282664003e+01
-1.366306892816777463e+01
-1.220865156483344549e+01
-1.461474599280180087e+01
5.333576161665178006e+00
-1.479609870430820706e+01
2.678537442473185592e+00
-2.233483376295293965e+01
-1.371957762802369984e+01
-2.327583352082467627e+01
-2.060006806238547483e+01
-2.251616833061345346e+01
-1.525115763951905024e+01
-1.843553981282971677e+01
-1.982586871370995141e+01
-1.770665167285810071e+01
3.512171309964031707e+00
-3.554115200767853366e-01
-1.777244100245260938e+01
-1.084720942891573259e+01
-7.993270764608638501e+00
-4.194934698817888830e+00
-5.242276429556170569e+00
-1.600612864995642326e+01
-2.282777949512475857e+01
-1.869385820663345044e+01
-1.624921666806162079e+01
-2.085001355204929041e+01
-2.133175269294636678e+01
-3.595019360351130899e+00
-1.425342573405825419e+01
-1.388246378483952981e+01
-1.952005850647319107e+01
-2.487941247211577434e+01
-2.399972615024157108e+01
-3.766608734994576935e+00
-1.503799464364934124e+01
-1.476868622107713236e+01
-1.716399602947123526e+01
-1.950532954152106413e+01
-1.418417043978067227e+01
-2.293688189265773758e+01
-1.881684317452769051e+01
-3.135774887660025456e+01
-1.259868671969087472e+00
-1.892665947334995735e+01
-2.041360635544864977e+01
4.774899515282783113e+00
-1.067566436609331504e+01
-1.993441570140197427e+01
-1.317654191281724252e+01
-1.274311504095746272e+01
-1.438275740700589722e-01
-8.065595054349756765e+00
-1.398846735680655229e+01
2.999704865395244724e+00
1.309216643968278504e+01
-2.717964521376393350e+01
-2.221352465172100210e+01
-2.431803378171036911e+01
-2.017268607694856541e+01
-9.309776454020806113e+00
-2.253361868424221370e+01
3.486642457025737940e+00
-2.304688028279610990e+01
-8.455149700112173150e+00
-3.016704328432041393e+00
-1.205034707321038923e+01
-1.979883811561680318e+01
-1.038541459746519990e+01
-2.569553731870325919e+01
9.173291219815837394e+00
-1.227385500066174018e+01
2.509377961467919249e+00
-2.495934882506648478e+01
-2.972604453844354566e+00
-1.010068621487985752e+01
-1.150761739957724217e+01
-2.233303158191799298e+01
9.344877620898898840e+00
-2.423922582028978923e-01
-1.451366202535470507e+01
-1.500166794689479843e+01
-2.329215073402926350e+01
-7.049519786215199701e+00
-2.599829939555669966e+01
-6.350111472696625015e+00
-2.145390618403675376e+01
-1.166085310119714791e+01
-2.069369752988035316e+01
-2.344538916551761076e+01
-2.546282639504778444e+01
-1.495633276726925942e+01
-4.929815325747171073e+00
-1.554995116849786996e+01
-1.113488625466550275e+01
2.346862365559104546e+00
-9.340737448595660908e+00
-2.351902370450881108e+01
-2.081135068093536233e+01
-1.724491956716460095e+01
-1.424967820574545385e+01
-2.495412981559917398e+01
-1.301319822199022269e+01
1.299321392487300386e+01
-1.923715435170743149e+01
-1.737676311867355139e+01
-2.976112233538830765e+01
-1.306324151338591832e+01
2.089131167767590114e+00
-1.682894492854174473e+01
-7.998417834970382501e+00
-7.837030782424221798e+00
9.781401581525045685e+00
-1.108704695122239059e+01
9.589928032164038996e-01
-1.494130257034944975e+01
-3.103273072734802440e+01
-1.063440494279078052e+01
1.225708453126682684e+01
-1.811822308641279733e+01
-1.571350987598157189e+01
-1.261371173705168758e+01
-3.014896433396953057e+01
-1.918004447885826380e+01
-1.160850674673736194e+01
-2.416366700909617293e+01
-2.737417260138707320e+01
-2.989140557165222845e+01
-2.846534908317923396e+01
-5.019146610567446487e+00
-1.234365569572346999e+01
-2.832402235744802965e+01
-6.413377027708492051e+00
-1.435053425675857852e+01
1.061178018907074261e+01
-9.866859985681571743e+00
-2.543448193850679218e-01
-5.565301820722879711e+00
-2.540606054648185363e+01
-5.938747985406138241e+00
-1.454029449706138166e+01
-1.222563095696486357e+01
-1.769912452914226719e+01
-1.142874278764080032e+01
-8.432095075615137603e+00
-2.869702619857704917e+01
-2.959057253208737848e+01
-2.002923948514697372e+01
-1.607861975708206614e+01
-2.955116974464081636e+01
-2.764084028385954639e+01
6.429498282708635770e+00
-1.410578091452600802e+01
-3.161667592608839072e+01
-1.157561175696952205e+01
-5.671567558357395455e+00
-2.252524021046573921e+01
-2.412878437148336275e+01
3.442533973072130493e+00
-2.039624505725444692e+01
-5.326308761317733342e+00
-2.165792346552180447e+01
-1.797395257502651589e+01
-1.857289937338828167e+01
-2.503289704687526296e+01
-6.755689637052455510e-01
-9.120780919779804208e+00
-9.294116433106410113e+00
-1.786603684663572267e+01
-1.131447724614000094e+01
-6.951766422607448703e+00
-1.945405135821269482e+01
1.024527591283603556e+01
-1.261756076064949639e+01
-2.204359078142655903e+01
2.334022067743489970e+00
-9.703693446495691433e+00
-1.007142860539073581e+01
-7.941564648965083961e+00
-2.213482591868447003e+01
3.832104831034996550e+00
2.529218917861101090e+00
6.964848205181169760e+00
-8.812477062668989447e+00
-2.486968546597043428e+01
-1.595691627758608888e+01
-7.361438187896908403e+00
-2.713082177495874703e+01
-1.768381564825551777e+01
-2.357178907590360950e+01
-2.506618360843896198e+01
-2.016589360333620107e+01
-3.823339344181761135e+00
-1.800628694540503716e+01
-2.214526742283484850e+01
-1.840131796168191158e+01
-1.923650271714538462e+01
-1.176078502720307029e+01
-2.231592403301206673e+01
-1.754164983898007790e+01
-2.530681395981707738e+01
-1.842454924690341045e+01
-1.822799891346684831e+01
7.356667875082308683e+00
-1.123978336285287583e+01
1.525207956187045966e+00
-2.230620843594601865e+01
-1.550725318056100832e+01
3.884943830431126344e+00
-1.638874501608185597e+01
-1.451219172260638857e+01
-1.725945674339371294e+01
-2.246736913545638004e+01
2.128728458765266396e+00
-9.403864555008311754e+00
-1.520243753208947624e+01
-1.263729221364383193e+01
-1.547365578988009815e+01
-3.158047376478947399e+00
-1.050374897045281841e+01
-2.289828856342944619e+01
-1.086218652309730714e+01
-1.863376966916163724e+01
-1.315595563435377358e+01
-2.655283376788261762e+01
-1.375194229816710845e+01
-8.140301452114840686e+00
1.070489137917576272e+00
-1.553417084873163390e+01
-1.565292403884564010e+01
-1.713062642561061466e+01
-9.642325886577197025e+00
-2.223833971909789398e+01
-2.466018975170669592e+00
-1.547260499816644597e+00
-1.498140013060805131e+00
2.866734547349409468e+00
-1.348206338940116211e+00
-2.269357124336877973e+01
-2.055269204482803502e+01
-1.943645226967416306e+01
-2.345146406358080071e+01
-2.442978192038262364e+01
-2.018332126916672564e+01
-1.710644781187858143e+01
-1.423231696222558185e+00
-2.303265665472466139e+01
-1.203973098575622203e+01
-2.383929169263899439e+01
-9.438546140971908471e+00
2.859523236741807750e+00
-1.430881310637317938e+00
-2.387794622917382981e+01
-1.549406030050673166e+01
-1.570351887031588944e+01
-1.344221123817632702e+01
1.683781873014652319e+00
-1.257806008511769846e+01
-1.586028286383688624e+01
-1.166310874023028532e+01
-2.513985094294613987e+01
-2.971598962771821562e+00
-1.498956500116000257e+01
-1.430408043484439418e+01
-2.917312969971561643e+00
-2.748891095554236585e+01
-2.415442102818067838e+01
-2.275452556408126270e+01
-2.425375098819804975e+01
-2.046442183519380364e+01
-1.522263028116918804e+01
-1.280940329274150713e+01
-1.930457319478642830e+01
-2.546266197920650143e+01
-2.323222852691000639e+01
-1.601619176123634247e+01
-1.198829425719173969e+01
-1.795965090500271799e+01
-2.239276230512706434e+01
-2.193722281116504291e+01
-8.454492436202201588e+00
-1.550129634037844539e+01
-1.071249656135873352e+01
2.862137864520263975e+00
-1.740212109348982494e+01
-1.476735965932226691e+01
-8.523272449778005466e-01
2.431132914405566225e+00
-5.770580485467831977e+00
-1.454898640414663191e+01
-9.036798587035548280e-01
-1.457671706104673603e+01
-1.147905142265952350e+01
-1.391947702997674696e+01
-2.270055974640720819e+01
-1.159357112282739877e+01
-2.052569817249141693e+01
-1.123749739309511142e+01
-1.522140753907407884e+01
-2.137019794206389633e+01
-2.263262627492488832e+01
-2.269206289040394608e+01
-1.069591696564424410e+01
-1.060928810757400242e+01
1.441800630301949582e+01
9.156403481749123330e+00
-1.149274458752523742e+01
-1.211206985023144966e+01
-1.756479509922334614e+01
-9.440217777700894430e+00
9.945063401707244566e+00
-2.235724401652461779e+01
-1.991883958946033317e+00
-2.110154334095730633e+01
-2.420490154644843983e+01
-1.282591134242261433e+01
-1.159896409345336110e+01
-1.095982285460794969e+01
-1.167618470629716398e+01
-4.041119879235480994e+00
9.871430351196096353e+00
-1.370944832985094308e+01
-2.396362747538626081e+01
-9.608405660803896353e+00
-1.646017694448462976e+01
-2.422135959699741647e+01
-8.583503604657607866e+00
-1.429465910397098583e+01
-9.755047734689554773e+00
7.365661294074044463e+00
-2.471173688215606035e+01
8.239180773530335955e+00
-1.868687466914909123e+01
-2.805239253560122847e+01
7.205620316532332481e+00
-7.448404087051358147e+00
-9.767485695346834973e+00
-1.128986204637308788e+01
-2.374633107411156629e+01
-1.031422491377139750e+01
-1.502743253663010137e+01
-1.692941205748016387e+01
6.369003099419842329e+00
-1.415772038261266630e+01
1.085483600798912107e+01
-1.542408562963575491e+01
-9.239565273179977112e+00
-1.517392858589468574e+01
-2.829216335149462225e+01
-4.869847011325958874e+00
-2.358827446720377452e+01
-8.278422339814511588e+00
-2.075318826526589078e+01
-1.717358001024956593e+01
-2.368082522207734542e+01
7.178270116675292911e+00
-1.300689655004518386e+01
-1.128681417561753619e+01
-8.455792331019779340e+00
1.166101005258525447e+00
-1.604485636967174855e+01
-1.452982211480772889e+01
-2.191807464570555908e+01
4.824631160863020796e+00
-1.171387560708652131e+01
-1.647364455878349077e+01
-4.109010705305507827e+00
-1.059448957965622640e+01
-9.988695999992444285e+00
1.513352901746739576e+01
1.983346677510297695e+00
-9.654523677237079937e+00
-2.288990102668637405e+01
-1.616691435125824228e+01
-2.011580260398625342e+01
-1.246150429115445490e+01
-6.681060474741542521e+00
-1.804609070350272759e+01
-2.037008564791372578e+01
-2.492719641428854516e+01
-1.305354679532561590e+01
-3.770731562660927239e+00
-5.222213156516318122e+00
-8.976987299993112401e+00
1.037142915759946504e+01
-1.991789019320074772e+01
1.015084895493467343e+01
-2.171633157358863286e+01
-3.809023409754075828e+00
-1.685852612906563763e+01
-1.759415130005211836e+01
-1.761049983361283466e+01
-1.722581610128824536e+01
-8.075720619519984211e+00
-1.427846697621251337e+01
-1.290929835807978066e+01
-1.056182131192548468e+01
-6.173019906495142095e+00
-7.913184312187439673e+00
-1.644649002381623859e+01
-8.463687669610266084e+00
-1.044236336289148426e+01
-1.954796771143230671e+01
-1.638733735410693271e+01
-1.383989904978696472e+01
1.195790573516975996e+01
-2.192671742239093646e+01
-1.977181489160156502e+01
-1.423652516265892132e+01
-3.701831331194171071e+00
-1.726847278526841478e+01
-2.126977126036362620e+01
-1.258405712181169633e+01
-7.194621800032535930e+00
-6.441420894313523604e+00
-1.805950027406902336e+01
-1.222226648968080553e+01
1.312468636982174530e+00
-1.483606413382696587e+01
-1.504531170617465818e+01
-2.276923916279608306e+01
-1.784036286707168983e+01
-1.940205480115645287e+01
-1.817523704011026098e+01
-7.875974816222907293e+00
1.344597318207888748e+00
-6.411576005085720453e+00
-1.879918991468241529e+01
6.950167489146394928e-01
-1.118286699069398082e+01
-1.557591593394772644e+01
-1.713377926656195882e+01
-2.030535539299845027e+01
-8.187567907595251882e+00
-5.682950259140142180e+00
-2.294722939897849301e+01
-2.242180838667499643e+01
-7.976954105070603873e-01
-2.176748824249193603e+01
-1.233812964963973968e+01
4.276129306384461870e-01
-1.457193765491615522e+01
-1.541717486947879934e+01
-1.702111714668257036e+01
-2.293442079928166777e+01
-1.451247800598167714e+00
5.327332807832732442e+00
-2.026532156893298975e+01
-1.787808977289392942e+01
-2.280166799202740435e+01
6.312420132995896438e+00
-6.352156420387956359e+00
-1.461309155936325510e+01
-2.504482108561467157e+01
-2.297100588296711976e+01
-2.379346824568230545e+01
-2.358988441634195965e+01
-8.724068573428183981e+00
-1.424195390518715953e+01
-7.393149791816625793e+00
-1.258428012734412960e+00
-2.492177528586293533e+01
-2.630724575610952343e+01
-6.004988006024206015e+00
9.152580699517613994e-01
-1.569163644547339231e+01
-1.553652287606394111e+01
-1.471400723800763899e+01
-9.922065843962315057e+00
-2.362302515958961635e+01
-1.304227378879258481e+01
-9.595804628884678777e+00
-1.080953817377132964e+01
-2.476615026396908092e+01
-1.577359816246675450e+01
-1.487879239347833504e+01
-1.039114865759910344e+01
-1.905205152895041465e+01
5.045298419563039261e+00
-2.070416697484344581e+01
-1.641389827532117351e+01
-6.734174222183497704e+00
-9.674235404892840506e+00
-2.805914196969405339e+01
-1.832432929609282724e+01
2.569635579649713009e+00
-2.163124034552859598e+01
8.306765510580731871e+00
7.590914820263236606e+00
-1.549397155149628702e+01
-9.845238128649043574e+00
1.330406933820890458e+01
-1.193194996124623231e+01
-2.523826012366311033e+01
-1.453205047264310679e+01
-2.223402885238397175e+01
-1.458270041362314373e+01
-2.099648199805002946e+01
9.708480870625521675e+00
-1.439958822569846575e+01
-2.309417862855897852e+01
-1.356688591224073548e+01
-1.674836223205258534e+01
-1.299751994941044586e+01
-8.360523368687182710e+00
3.311355665443528551e+00
-2.270055631407265651e+01
-4.949538534996065664e+00
-1.073820620994936803e+01
4.037920970733239301e+00
-1.714890510898391085e+01
-2.303841957701706633e-01
1.409629673098376657e+01
-1.301584506189703916e+01
-1.815623942768704069e+01
-1.249663193521220705e+01
-1.413106846162867214e+01
-1.265459005844911644e+01
-1.925498387800257660e+01
-2.004337756239365831e+01
-1.734425348597508787e+01
-1.794746359821616011e+01
-1.673649750892812449e+01
-1.572357410253826515e+01
-1.716657138238460334e+01
-2.378535230907831988e+01
-1.694430469964586905e+01
1.702350848630459268e+00
3.944904689091373484e+00
-2.705127347502164525e+01
-2.423666856342333631e+01
-1.527820837998919501e+01
-2.028229659557885611e+01
-1.614039772828382979e+01
-2.220168400866810998e+00
-3.044962436114735738e+01
-1.485698746772979462e+01
-2.768565798104225451e+01
-2.063450792415389401e+01
-1.651153311052789263e+01
-2.604501863549259610e+01
-1.842092520634633956e+01
3.859750211476722370e+00
-2.057627119126556181e+01
-1.731990830046305518e+01
1.759151271001854866e+00
-1.280267098882666232e+01
-2.711918486004003626e+01
-1.517578903074391405e+01
-2.473925373975438902e+01
-1.354996717968239750e+01
-2.537161632303948977e+01
-1.333647600588886917e+01
-1.731287847072090358e+01
-1.799186455660489514e+01
-2.023265131922221371e+01
-1.465362719573036543e+01
-5.471451313661731319e+00
-1.400756321100462287e+01
-2.145075845980443319e+00
-1.947958066599403537e+01
-2.652926075726585964e+01
-2.556041287531820672e+01
-1.153404160165749204e+01
-1.363503258248863403e+01
-2.316406920201737307e+01
-8.712393248767426712e+00
-1.228580276465805809e+00
-5.863726691727293883e+00
-2.439010972339781347e+01
3.950978499066991390e+00
1.295642490608500452e+01
-3.312415104740125571e+00
5.124576370540381731e+00
-1.914811187400138692e+01
-1.084682709120212962e+01
-1.436236018311976181e+01
-1.465983253417724086e+01
-1.129304300684248119e+01
-2.363096497522030859e+01
-1.974666706162105356e+01
-1.758661090614549494e+01
-2.656189486742144368e+01
-1.416248623692203523e+01
3.370223897002603053e+00
-1.066870668548236267e+01
-1.666343218795623216e+01
-2.429407240840393456e+01
-5.818820860083718571e+00
-1.293585632771461746e+01
-2.454092014057590632e+01
-1.490357018111879484e+01
-1.532928953271829187e+01
-1.309825635035912228e+01
-1.939093730586802167e+01
-1.077279211731371333e+01
-1.441390664549865619e+01
-1.501710384062724302e+01
-1.934857699247751839e+01
-2.528574370183511633e+01
-1.615640682304558595e+00
-2.791085799547141733e+01
-2.047365716091306354e+01
-1.918794276522245923e+01
-1.009110340555136531e+01
-9.562896156931742553e+00
-1.088093465339980526e+01
-1.248131046346577477e+01
-1.163995337796373519e+01
-1.656287957426459911e+01
-1.162349868054391777e+01
-2.748454319530117118e+01
-1.126406112059797238e+01
-2.891680839915159140e+01
-1.218576567176651793e+01
-2.570759536817701019e+01
-1.863454057120247853e+01
-1.525852798723275328e+01
-8.389316955790519614e+00
-2.217257149862217602e+01
-8.577537985568795875e+00
-1.115490817441812510e+01
1.536948765810706163e+00
-2.206777330914781032e+01
-1.241848018912631346e+01
5.046302576937421236e+00
-2.212510799134190620e+01
-2.044366031925139282e+01
5.659053059897274807e+00
-1.568432325202203970e+01
-1.750166618122560180e+01
-2.375487183952907344e+01
1.879326319759854869e+00
-1.008467854083451698e+01
-1.093960600075757839e+01
-2.673688939151713839e+01
-2.410331549457760048e+01
-2.182549671991498030e+01
-1.138814645354293020e+01
-1.059371285437751453e+01
-2.382214109446897510e+01
-1.231631825742690012e+01
3.160073780709410585e+00
-8.847172862556959672e+00
-1.579968239943309527e+01
1.129861054459865954e+00
1.179208298423517931e+01
-1.290757728052662401e+01
-1.673831697051309675e+01
-9.857172249117610363e+00
-1.858767583410920565e+01
-1.456865560047867802e+01
-2.206436076507785060e+01
7.605347250429161932e+00
-1.036077535746537137e+01
-2.962925266923161871e+01
-1.497653587423894805e+01
-2.328773635844706291e+01
-9.164168864137366199e+00
-1.671420039493929721e+01
-1.715457412924826031e+01
1.172111012310381284e+00
-1.592731504869604464e+01
-2.769009688971758010e+01
-8.785624093915572530e+00
-1.215797947300848136e+01
-1.263283405669872650e+01
-2.971157187200401495e+01
8.291396225155722277e+00
6.708782902269462056e+00
-2.864055032247787835e+01
-1.078877135045621571e+01
-1.052607610700536611e+01
6.596539459444613840e+00
-5.396190892244391080e+00
-2.620358176853605414e+01
-1.549024627857042447e+01
-1.274456259986962436e+01
-2.866138802914699113e+01
-2.307092650443632920e+01
-1.525945081360796962e+01
-1.551510994748568351e+01
-1.488558733884846674e+01
1.794797870962327124e+00
-1.447825847562378954e+01
-1.216893293666132081e+01
1.603583466896026266e+00
-1.987726524824230978e+01
-3.279341833929066752e+00
-2.274027986955942993e+01
-1.703632802169744309e+01
-2.761389465392207399e+01
-2.263776328720319952e+01
-2.634190849448640392e+01
-1.504026349243270033e+01
3.625599429385175654e+00
-1.371490591746911036e+01
-1.110835314606754309e+01
-2.281698512960099379e+01
-2.415808788607753854e+01
-1.758186198607145911e+01
-1.860203609326737251e+01
-1.294597857824371090e+01
-2.084959795050315279e+01
-6.726765434438334523e+00
1.201402520285370201e+00
-1.796855416492019231e+01
-1.227990515723314502e+01
-2.273575849277327166e+01
-1.423384454846271296e+01
-1.758095251663499425e+01
2.800045767087965487e+00
-1.074797992779897982e+01
-1.660706169633962759e+01
-1.518007707523216254e+01
-1.794737446371217970e+01
-1.093457528193656003e+01
-2.315684097358450799e+01
-5.131509876766472189e+00
-1.462275956446720215e+01
-1.403588837288026525e+00
-2.131180338304397992e+01
-1.413822355717368850e+01
-2.106765069380699629e+01
-1.331728336665574375e+01
-6.774691148104636795e-01
-2.332922096891871888e+01
-2.593058447292131063e+01
-1.075520350044513407e+00
2.248520561241946325e+00
-1.583498354026065158e+01
-3.337775141093942466e+00
-1.575116184099024963e+01
-9.969499814647747371e+00
-4.887275444547327652e+00
-2.817500557495031899e+01
-1.122401111861427125e+01
-1.649423218005696867e+01
-1.751885824640689293e+01
-2.897030579758617819e+01
-1.254403725943467407e+01
-1.937280069289462858e+01
-1.677643653207346119e+01
-1.117171231272845944e+01
-2.108967912217778462e+01
-5.506357159758493935e+00
-7.885211350936998542e+00
-1.389122095033749815e+01
-1.739895505814939725e+01
-2.153702332838213351e+01
-1.562015978798513061e+00
-1.588849329544359534e-01
4.671794853313485874e+00
-1.733729201631598471e+01
-1.921727143152872941e+01
-2.120762072554671818e+01
5.594083785993746005e+00
-1.823495393679687027e+01
-1.881278523204198905e+01
-1.849873156164275656e+01
-1.316947028035966127e+01
9.014724610988480435e-01
-1.626813465282472748e+01
2.134699125731373215e+00
-2.535075533132277315e+01
-1.978104150943215700e+01
-9.058198894960781899e+00
-1.296277201958767478e+01
-1.322892347242824940e+01
-2.075482544309107880e+01
2.070224233001340508e+00
-1.886694866663680159e+01
-8.194609079031891952e+00
-2.159055352134294026e+01
-1.880161125319358462e+01
-1.176090527085671056e+01
1.509133688957319919e+00
-1.516635830043085775e+01
-1.903633773869810852e+01
-1.553261096940238417e+01
-1.948916464430342899e+01
-1.005873905295689497e+01
2.191737021353930004e+00
2.508903548012938245e+00
-1.871489314674371940e+01
5.338902531101325621e+00
-1.756394073357822094e+01
-2.262490020972578009e+01
-5.688506871010673649e+00
-2.731810514864022821e+01
-1.019502685595577418e+01
-1.075734510496138796e+01
-2.241353476092805863e+01
9.982050415505113961e+00
-2.399148412810095010e+01
-1.085847894800247104e+01
-1.323415525036969598e+01
-9.915258289466464703e+00
2.620910379239944632e-01
-2.820368505099918366e+01
-1.289700323526199099e+01
6.817653355637474988e+00
-6.217526541747275814e+00
-1.383910943952307093e+01
-1.692964563196849781e+01
-2.884264453504334824e+01
2.613002939465985719e+00
-1.213928104032490296e+01
-2.260811689141655734e+01
-4.426366377792021467e-01
-1.336026288566114317e+01
-1.443340920540995853e+01
-2.500647887830336913e+01
-2.637323589334323515e+01
-1.563648396800121532e+01
5.853078632673231141e+00
-1.903222419093930284e+01
-2.630346135838723853e+01
-2.097740356758473013e+01
-1.993786072143461752e+01
-1.286817229102010174e+01
-2.070874597199778577e+01
-2.189981468418014288e+01
-1.282354351655843061e+01
-1.425453579486972444e+01
-2.502506183232489434e+01
-2.712574189912319866e+01
-2.213128450606541264e+01
1.607646276601911950e+00
-1.487286744456392285e+01
-1.534960237592832755e+01
-1.566390446368868083e+01
-1.509935186664955609e+01
5.071078271748689303e+00
-2.169815457739471753e+01
3.703683040009622118e+00
-1.869872462737342289e+01
-1.728938005121602828e+01
3.407653578422326746e+00
-2.092623848114050134e+01
-1.384385524758579322e+01
-6.100622915895741016e+00
-2.274235419810858616e+01
-1.932581813967979656e+01
-1.751291422851573998e+01
-2.230795762302841467e+01
-2.531561634294286023e+01
3.895963426939118790e+00
-1.696424010287782380e+01
-1.659964879412922301e+01
-2.699055248592614475e+01
-8.869490468839046571e+00
-2.846772440221155875e+01
-1.869381270849271459e+01
-1.108049366580343076e+01
-1.310434619047967431e+01
-2.149242501146352424e+01
-3.804675418656415786e-01
-1.357925127773077634e+01
-8.173196882374270444e+00
3.551116746598268037e+00
1.676980323498071357e+00
-7.931298415606534036e+00
-2.193023343713687723e+01
-1.814028271238441903e+00
-6.875165461228704089e+00
-2.076745124852712365e+01
-1.655810309692378723e+01
-1.274843641288930485e+01
-2.244215732561448817e+01
6.006736668268985113e+00
-2.296586978337947471e+01
-2.268765539005343612e+01
-1.265468182708727340e+01
-2.572641091993605755e+01
-1.856534812368872167e+01
-1.106454469160814824e+01
-1.579329652722410060e+01
-2.272722597070389838e+01
-1.687682420804378580e+00
-2.084400401360665001e+01
-1.232710101165656624e+01
1.647935194897968358e+00
-2.135844374542989499e+01
-2.067919882076498084e+01
1.370803513693005016e+00
-1.084916280325623461e+01
-2.052924319537717679e+01
-2.184618051702116759e+01
-1.692509476237441390e+01
-1.883156983777527671e+01
-2.666996716450398708e+00
-2.420293381935456978e+01
-1.802261765916790637e+01
-2.238822980137481977e+01
-9.875472817864448416e+00
-7.263141878239423477e+00
-1.398490083135092732e+01
-2.559463788442053556e+01
-1.011007339330311083e+01
-2.465804496716407357e+01
-1.769079882549416993e+01
6.441179537303781899e+00
-2.189834668480372670e+01
-1.353849880498881930e+01
-9.931972479193177605e+00
-2.214706951152390957e+01
-1.720917079171218234e+01
-1.083196583722488526e+01
-1.658141765834918147e+01
-2.375250152903771550e+01
-2.018028593435877838e+01
-8.064759196069672953e+00
4.868455995106586442e+00
-1.111726646391855411e+01
-1.011966948485590478e+01
-1.023167947598477667e+01
-1.930107053968475839e+01
-1.850482521317289297e+01
-1.019059548105471436e+01
-2.022881406914078184e+01
-1.825055115755412771e+01
4.503352018678640434e+00
6.466282634023116316e+00
-7.265786527313792931e+00
4.763359635493003452e+00
-2.736083252407019017e+01
-1.920675377174936216e+01
-1.358609409394668432e+01
-2.828987291308760632e+01
-1.917969858165827191e+01
-1.646669611931378086e+01
2.722378566759374507e+00
-1.968077986910887489e+01
-1.992592891464974514e+01
-1.093247447823821972e+01
-2.423816718414462912e+01
-1.068191065382185911e+01
3.068067208214984021e-01
-9.052847801184896070e+00
-2.435531281054565511e+01
-2.342745924985246120e+01
3.765698923814966292e-01
-5.836457117650951432e+00
-2.546816867092454117e+01
-2.706946216425214402e+01
-1.520912951747015995e+01
-1.620729970407009546e+01
-1.003384899458805535e+01
-2.817985010284738223e+01
-1.459228340472560603e+01
-2.487262783599160798e+01
-1.523421912480682749e+01
-1.803117637883300972e+01
-2.191729247853888296e+01
-1.394636700281961339e+01
-2.228133571661237511e+01
-1.013447753930265094e+01
-2.734519394364411937e+00
-2.076892621127169036e+01
-9.762355408881461472e+00
-2.068874654872212204e+01
-1.449836018609769894e+01
-2.606549483532359091e+01
-1.815564567879258107e+01
-4.781889189322185985e+00
-9.081368302523515013e+00
-2.228215892462691272e+01
-1.994255855229832264e+01
-1.584716140063576972e+01
-9.530397130482924695e+00
-1.337847401338473219e+01
-2.461310954671085938e+01
-2.260582268196625932e+01
-1.424481632025404565e+01
-1.349465819759723217e+01
-8.026868056667609608e+00
7.139505023698859532e+00
-1.210586067435392010e+01
2.266143086430872700e+00
-1.696421681775532875e+01
-1.728671860596756460e+01
-1.348445843405676214e+01
-9.354756545770982257e+00
4.599480539540280688e+00
-2.334552390799117916e+01
-2.607969213222241933e+01
2.238500627296957646e-02
-1.906358225163199904e+01
-2.213546389021925620e+01
-8.295913155322551802e+00
-1.472300182754290176e+01
3.904046925000784540e+00
-2.560043252275175973e+01
-2.309129023597034802e+01
-1.516242327715798410e+01
-1.089596070243584336e+01
-1.141742874014195763e+01
-1.375349305397398325e+01
-7.241025971793675353e+00
-1.101386570709641433e+01
-2.304201248020979165e+01
-2.589492253400263166e+01
-1.074114231367744310e+01
-1.303075226491029071e+01
-2.149974676747606850e+01
-1.638226663276265072e+01
-2.269146116570931326e+01
-1.083263111471390516e+01
-2.223274089910012208e+01
-1.519310796524197826e+01
5.700302624198769763e+00
-2.370708908619278077e+01
-1.392862031668377654e+01
-2.245221698143234335e+01
3.824811931660661912e+00
-2.152420117134701627e+01
-9.948619929624300084e+00
-2.035909616627483842e+01
-9.901036528164809170e+00
7.582830986155244091e+00
-8.073328369128802251e+00
-5.845536551072683551e+00
-6.175801391579000210e+00
-1.602251245671541824e+01
-2.307345075358347231e+01
-1.626181461055318778e+01
-1.198646890105402463e+01
-1.078465044086416924e+01
4.633770057463436842e+00
-1.991325243463029437e+01
-1.865918629284320218e+01
-1.936038091272033057e+01
-1.084710459448521647e+01
-1.504553947774249423e+01
-2.311501471760035997e+01
-2.019511176899570160e+01
-9.376744473973815275e+00
-1.865234205675946555e+01
-2.259878849718543847e+01
-1.543298573112474514e+01
-1.459374187691076941e+01
-2.268127984137402109e+01
3.481001151088463530e+00
-2.057113325819565830e+01
4.408241837417875786e+00
-8.774820936320679721e-01
-1.661149284332634579e+01
-2.206972125751096314e+01
-1.696223092081703498e+01
-5.620240717265460262e+00
-8.755414848127827554e+00
-2.025918184113160692e+01
-1.923030232888586966e+01
5.884154838819767974e+00
-1.682329589627468636e+01
6.723749183419954534e+00
6.858511221805542846e+00
-1.704417539047477703e+01
-1.070759376135558227e+01
-1.039132546541455326e+01
-5.371421559145915126e+00
-1.660781616266297078e+01
6.746154246454125314e+00
-2.493489181998799609e+01
-1.115304828675837712e+01
-6.386218440312433131e+00
-2.400860556288233738e+01
-1.767320893070692023e+01
4.333907475286423505e+00
-1.630489399086718549e+01
-2.112815235740330877e+01
-1.860166090565286368e+00
6.146887916075570502e+00
-1.270872131026357010e+01
-1.613463473880565857e+01
-2.247381438166183898e+01
-1.217398589286764832e+01
-1.393428612592984450e+01
-2.140353866506015379e+01
-2.347467473805693317e-01
-2.086101559710596121e+01
-1.771621647416816359e+01
2.633548855167219926e+00
4.029230798696460170e+00
-2.344208997577885611e+01
-1.024380128915717592e+01
-1.630191554683756294e+01
-2.325975388208448180e+01
-2.222954290255171372e+01
-1.133225983676516080e+01
-9.015724221281061546e+00
-1.559525757217508612e+01
-2.203274498115482061e+01
-1.115161109217305579e+01
-1.824011475145746886e+01
-1.772902821556579056e+01
-1.530166291780670917e+01
-7.185588236460063172e+00
4.603139817697183389e+00
-1.975990645490705333e+01
-1.004047227039737322e+01
-2.305097315384020362e+01
5.370832096128737021e+00
-2.087535062175336975e+01
4.980537780852927199e+00
-2.323120172574869002e+01
-1.413060945642033062e+01
-2.631360829038777638e+01
-2.121848762424363599e+01
-2.869307218641122859e+01
-2.307392525345886725e+01
3.098950438169453037e+00
-2.455759374163321240e+01
-9.822570403393058314e-01
1.914473952485479913e+00
-1.555045958051906041e+01
-2.903643466789870331e+01
-1.789504019087667075e+01
-2.985038224755908232e+01
-1.047194125124255493e+01
-2.970144136553636827e+01
-9.733088548836832388e+00
2.379951342465489006e+00
-2.196853953859823605e+01
-1.222961143585163768e+01
-1.312223086137291261e+01
-2.908971697613628749e+01
-8.793028976198911550e+00
-9.370070455607134363e+00
8.352391156837512654e+00
-1.399155939784517955e+01
1.298785255756203583e+01
-8.985523853871598021e+00
-1.065598593876936206e+01
-1.609330759861612137e+01
-1.458693545186915230e+01
-9.903599166749302185e+00
-1.746017232048330925e+00
-1.095696496814611010e+00
-1.652741659060458801e+01
-3.561846125402439611e+00
-1.001984230136301335e+01
1.281108094390964425e+01
-1.776892731368667455e+01
-3.022058161759224504e+01
-1.323593957855115377e+01
-5.659317266595252249e+00
-2.365624908310905994e-01
-2.622815657229847375e+01
-5.721757430376442244e+00
-1.342918543977864942e+01
-6.595150032488589886e+00
-6.225534139070731499e+00
1.129398275643299598e+01
1.201893683601872453e+01
-5.901649382618046502e+00
-2.219227581194951426e+01
-1.255343466468409019e+01
-1.560328314416940998e+01
-1.013030954134291051e+01
-2.858417924395814680e+01
-1.655317631826196134e+01
9.647856929930611614e+00
-2.041705709913810551e+01
-3.156004204671202729e+01
-9.666954463047773061e+00
4.923083084718939517e+00
-2.170608433937223936e+01
-2.168503652553297911e+01
-3.101086081076749679e+01
-1.080878607029322325e+01
-1.669034837686746187e+01
-1.456067855110890719e+01
-1.648394871780814697e+01
-1.289676526873660123e+01
-2.697195044957624077e+00
-1.760327402749507542e+01
-1.298210706677261328e+01
-2.162897065122652407e+01
-2.484991970040465503e+01
-1.709062993708172939e+01
-1.328949714728912568e+01
-1.126876224871384125e+01
-9.581085131968563928e+00
-1.864592153237944672e+01
-8.866392365970114042e+00
-1.546464485295476265e+01
5.375561432608350287e+00
-1.966180169938246536e+01
-2.205648268447652072e+01
-7.336970262411000476e+00
-2.766052249642646643e+01
-2.808078111671369470e+01
7.629074434678841499e+00
-2.136628379395787647e+01
-1.653746429765942594e+01
-1.798333095418817607e+01
-2.434340166382705206e+01
-2.862956725982692774e+01
-1.405518882097143774e+01
-1.732292467540602843e+01
-1.012472166522258021e+00
