-5.750382191507725338e+00
-5.750382191507725338e+00
-1.099248145621658068e+00
-5.494117260534977731e+00
-7.117719716499863125e+00
-5.494117260534977731e+00
-5.494117260534977731e+00
-5.750382191507725338e+00
-7.465673484764693058e+00
-1.671747356979517463e+01
-1.072149758291229205e+01
-1.649021336149613148e+01
-4.063525912345426150e+00
-7.586099959706558593e+00
-3.169749320238764767e+00
-7.494920503530920541e+00
-7.396479432111988217e+00
-7.117719716499863125e+00
-1.072149758291229205e+01
-1.257565171121800063e+01
-4.063525912345426150e+00
-4.679208136514546368e+00
-1.970898837095654699e+01
-4.679208136514546368e+00
-7.465673484764693058e+00
-7.494920503530920541e+00
-7.494920503530920541e+00
-5.494117260534977731e+00
-1.183962187765428098e+01
-1.970898837095654699e+01
-4.679208136514546368e+00
-2.666790248907403793e+00
-1.794232135416302754e+01
-4.063525912345426150e+00
-4.063525912345426150e+00
-1.157926389273177392e+01
-1.819949688890872608e+01
-5.457526018856924566e+00
-7.465673484764693058e+00
-4.679208136514546368e+00
-5.494117260534977731e+00
-5.457526018856924566e+00
-1.257565171121800063e+01
-7.218570019287795958e+00
-1.257565171121800063e+01
-5.494117260534977731e+00
-7.218570019287795958e+00
-5.494117260534977731e+00
-2.666790248907403793e+00
-4.731028789476198426e+00
-9.109143572709427872e+00
-4.925060379113716635e+00
-4.565983184142538676e+00
-1.554506279881306341e+01
-1.427544395878265959e+01
5.639888552219986195e+00
-4.508464797198513452e+00
-1.062793236713628175e+01
-4.508464797198513452e+00
-7.621199160195232025e+00
-4.565983184142538676e+00
-6.240009484783882954e+00
-6.240009484783882954e+00
-4.731028789476198426e+00
-4.566336950245442949e+00
5.639888552219986195e+00
5.639888552219986195e+00
-1.427544395878265959e+01
-5.775884833063514634e+00
2.601378976665245091e+00
-5.775884833063514634e+00
5.639888552219986195e+00
-4.925060379113716635e+00
-4.566336950245442949e+00
-6.240009484783882954e+00
-6.240009484783882954e+00
-4.566336950245442949e+00
-9.109143572709427872e+00
-5.775884833063514634e+00
-1.582688426001075754e+01
-4.565983184142538676e+00
-6.592901359285662011e+00
-4.508464797198513452e+00
-5.889072866647296678e+00
-4.566336950245442949e+00
-6.240009484783882954e+00
-6.633033674652466516e+00
-1.369040265961257319e+01
-6.240009484783882954e+00
-6.633033674652466516e+00
-6.240009484783882954e+00
-1.369040265961257319e+01
-2.708617352639407727e+00
-9.109143572709427872e+00
-4.565983184142538676e+00
-4.565983184142538676e+00
-4.565983184142538676e+00
-6.240009484783882954e+00
-6.633033674652466516e+00
-3.211201183661756886e+00
1.043421699430032845e+01
-9.490092900920984675e+00
-8.457207120343156248e+00
-1.388189610002811492e+01
-1.388189610002811492e+01
-8.841782949644795053e+00
-3.359948580578901556e+00
-8.841782949644795053e+00
-5.028735781750356182e+00
-7.150054095455203651e+00
-5.028735781750356182e+00
-1.191028659048635063e+01
-3.198302578966519150e+00
-1.040364492488853898e+01
-8.457207120343156248e+00
-8.841782949644795053e+00
-4.066137551447582155e+00
-5.028735781750356182e+00
-9.490092900920984675e+00
-3.211201183661756886e+00
-8.841782949644795053e+00
-2.621875514024623044e-01
-8.658511836333190104e+00
-8.457207120343156248e+00
-8.841782949644795053e+00
-3.359948580578901556e+00
-1.174646520604423472e+01
-8.457207120343156248e+00
-9.490092900920984675e+00
-2.621875514024623044e-01
-1.347077314256145542e+01
-5.028735781750356182e+00
-8.841782949644795053e+00
-8.658511836333190104e+00
-5.972340863377013420e+00
-2.621875514024623044e-01
-3.198302578966519150e+00
-3.710454241008335430e+00
-5.028735781750356182e+00
-3.359948580578901556e+00
-3.710454241008335430e+00
-3.359948580578901556e+00
-5.028735781750356182e+00
-1.040364492488853898e+01
-2.621875514024623044e-01
-2.987513454847061212e+00
-3.710454241008335430e+00
-8.239259476752266664e+00
-1.235133908157712312e+01
-8.239259476752266664e+00
-3.982936053379688701e+00
-1.987544658730286073e+00
-5.793142805941243978e+00
-1.196219774565153671e+01
-8.285213601968393959e+00
-4.445135378422861550e+00
-1.196219774565153671e+01
-3.741556397301252446e+00
-8.628678008377193009e+00
-2.709390482943803136e+00
-9.520653290180490558e+00
-3.741556397301252446e+00
-6.202411417904869495e+00
-1.987544658730286073e+00
-1.196219774565153671e+01
-3.982936053379688701e+00
-1.789311098644327558e+01
-5.958828848738193074e+00
-1.789311098644327558e+01
-1.609792463992187095e+01
-1.590715001414031349e+01
-8.239259476752266664e+00
-5.231175089056648631e+00
-6.366322075356663390e+00
-6.127107124825158735e+00
-3.741556397301252446e+00
-1.442434780018385254e+01
-3.741556397301252446e+00
-9.520653290180490558e+00
-3.741556397301252446e+00
-4.445135378422861550e+00
-8.239259476752266664e+00
-1.196219774565153671e+01
-4.445135378422861550e+00
-4.497970102873068754e+00
-3.728020715231110671e+00
-1.028021148225988668e+01
-1.177938732088333040e+01
-1.028021148225988668e+01
6.755081113316265373e+00
-4.101067293002188308e+00
-9.315291941722676938e+00
6.755081113316265373e+00
-6.173860807224173186e+00
-1.028021148225988668e+01
-4.101067293002188308e+00
-6.173860807224173186e+00
-1.476190621988004636e+01
-9.315291941722676938e+00
-4.101067293002188308e+00
-2.803470986826908984e+00
-1.272864154502448741e+01
-1.400691867547286051e+01
-4.101067293002188308e+00
2.554991930388354149e+00
-1.177938732088333040e+01
-1.028021148225988668e+01
-3.728020715231110671e+00
-6.173860807224173186e+00
-4.038880852534845189e+00
2.554991930388354149e+00
-1.469780349530702779e+01
-1.028021148225988668e+01
-4.101067293002188308e+00
-9.315291941722676938e+00
-1.177938732088333040e+01
-4.101067293002188308e+00
-4.101067293002188308e+00
-4.497970102873068754e+00
-9.315291941722676938e+00
-4.101067293002188308e+00
