3.010107243187358961e+01
2.535664372188908544e+01
3.366898915910424250e+01
3.063279218846900775e+01
5.304607487366313734e+01
2.694230698550886061e+01
3.127756837371981646e+01
3.366989226654395395e+01
3.623919285112106792e+01
8.093795254497959490e+01
4.299348009719687980e+01
5.680622172072296650e+01
2.771337352906771301e+01
5.002298047306278050e+01
2.586162651886550634e+01
6.143142460506606994e+01
6.030795635842557090e+01
4.892965430745105948e+01
3.580565639703394254e+01
4.716221539283750985e+01
3.111146697189001387e+01
2.791819444212434931e+01
6.143619755965514173e+01
2.956418487686149987e+01
4.077428807755389073e+01
6.255390125829956105e+01
6.307312705386857488e+01
2.586913854738894614e+01
6.684188097751390956e+01
6.304286794259340354e+01
3.060583861128821681e+01
4.114987237203725101e+01
7.317621319090102361e+01
2.855027723299060938e+01
2.805149637181939681e+01
4.533218247828000358e+01
5.846681907041227078e+01
3.683317938787785550e+01
3.592733699841124206e+01
3.196449941616069523e+01
3.272508059895032773e+01
4.499631397281607548e+01
4.913969800154822565e+01
4.027837090736164782e+01
4.746461229838811846e+01
2.900757084884812897e+01
4.457757927485414484e+01
2.561913977382890195e+01
3.671625563088508670e+01
2.712635330622655871e+01
3.915366397729990666e+01
4.107853787308117433e+01
2.723801890544442372e+01
6.379419108814343531e+01
5.678444333037361957e+01
3.096670563857004055e+01
2.662121416612391656e+01
5.053274707707907965e+01
3.471802495979571290e+01
3.821915860126548381e+01
2.901419070417862756e+01
3.293342218689834766e+01
3.446586326303752656e+01
3.475433472346746555e+01
3.568525634689871140e+01
3.404129941835963535e+01
2.832959799624055464e+01
6.404717881119857736e+01
5.123066924843553949e+01
3.201742492638894788e+01
5.182902819723134513e+01
3.281707148924292028e+01
4.265455712075456063e+01
3.981618577664399794e+01
2.955961208157942011e+01
3.486871050681119044e+01
3.651965943755626398e+01
4.226015706676768247e+01
4.697171555840667878e+01
5.140869566636321508e+01
2.501752975859908545e+01
5.977978990997188902e+01
3.260669078828865963e+01
6.005302854257450917e+01
4.133144240628141119e+01
2.706918368402541830e+01
4.058817399499126566e+01
4.926354538667067118e+01
2.890615327188977446e+01
3.851097473062231558e+01
3.450683038518430834e+01
4.928136313176120353e+01
4.822042927744050900e+01
4.443027182166585476e+01
3.491320514070816472e+01
3.078106356929805187e+01
2.761876570701775080e+01
3.375786626500973142e+01
3.933996435686999860e+01
3.113748264560111423e+01
2.537966956722645051e+01
2.538420177541427591e+01
2.515212400534262827e+01
7.067919347519834616e+01
7.191302824684672146e+01
3.254476593827547504e+01
5.132787046831035838e+01
3.200559426317831679e+01
4.358553632427666713e+01
3.545171407164932731e+01
3.954487025551315327e+01
4.508257467471338487e+01
4.241589418002069323e+01
3.914369027857714656e+01
2.686688681735815720e+01
2.541225413134015554e+01
7.153617095075667009e+01
3.549760840733684830e+01
3.337194738074246914e+01
2.814335532002856155e+01
2.646369523034480764e+01
3.174797078345880053e+01
3.856965196747000135e+01
2.793640936244506889e+01
3.206225127212847070e+01
4.820943430175606181e+01
5.962420998251787552e+01
2.596738214441107218e+01
2.965725521639458151e+01
2.939432490930538933e+01
7.785622330296382643e+01
3.513558483939836918e+01
2.948938916430182289e+01
3.751098173874783726e+01
4.524078729499858298e+01
2.599390595351133371e+01
4.390898952665295951e+01
4.801042164275160218e+01
3.500633631932223011e+01
4.588800862269063430e+01
4.886795225606271487e+01
4.916649505026555289e+01
3.582095500603166016e+01
3.999704971371915008e+01
2.750279075390697159e+01
4.236440328291271840e+01
5.330794314509850551e+01
2.974203729118701744e+01
4.715765933108915675e+01
2.663691626870336648e+01
3.849104514269943422e+01
2.883193441046203276e+01
6.035415215286040080e+01
4.047959296203130464e+01
6.724306428339384922e+01
3.826618248815595535e+01
4.303047933707459549e+01
2.969476413925782055e+01
3.801252428374245795e+01
4.196971821550371118e+01
3.612526317184013180e+01
3.171736138162800955e+01
3.045322458665708965e+01
2.991653024552189066e+01
4.333639166335836279e+01
3.977724854935346599e+01
5.590631611017894897e+01
2.924416477892929223e+01
5.740528567803605142e+01
6.805829118740921047e+01
7.482054105470464833e+01
3.413639203407610268e+01
4.816830535350113962e+01
5.001342539602139681e+01
5.616674686132338223e+01
2.865505856062724632e+01
4.549523989901875609e+01
3.156712859562725271e+01
4.354551549120932918e+01
3.339259813923714404e+01
3.732500204580124858e+01
2.675056349795206856e+01
3.747660689249147481e+01
4.126991667366665695e+01
3.637077004503120747e+01
5.125301231311809147e+01
3.447017375592433552e+01
4.902287893378273509e+01
3.336277254772630840e+01
2.614554578808417773e+01
3.496666769122059293e+01
3.149350530060644715e+01
2.964311686361135756e+01
4.389366858781458092e+01
2.870231665397541221e+01
2.680053396488475315e+01
3.562753608928844784e+01
6.727376088836172130e+01
2.888247569197770304e+01
2.702501820908796404e+01
5.163349110431675371e+01
7.627122142777834313e+01
6.480434226892884908e+01
2.541607351147528249e+01
3.185050338086762167e+01
4.977333795745864364e+01
2.813378121716728941e+01
4.832787671545122521e+01
4.385466056707085869e+01
5.622846585398510655e+01
3.041323077344793901e+01
6.583211594497186070e+01
2.790964909673741801e+01
2.988618732528956556e+01
2.886777867782414475e+01
5.307937785514376827e+01
2.851632547365631609e+01
2.677097120707306033e+01
4.358879572875607522e+01
2.635035689823073213e+01
2.580841011142919328e+01
